3554
3547
3351
3373
3407
3490
3419
3528
3562
3463
3390
3366
3321
3278
3591
3344
3328
3424
3499
3448
3516
3329
3492
3378
3398
3361
3232
3455
3245
3475
3543
3357
3366
3480
3574
3539
3455
3535
3377
3261
3574
3454
3528
3420
3559
3409
3495
3652
3610
3526
3496
3512
3338
3187
3281
3325
3481
3155
3597
3329
3484
3353
3036
3352
3512
3397
3469
3426
3415
3436
3547
3529
3478
3285
3517
3177
3465
3092
3302
3364
3614
3631
3482
3445
3256
3373
3399
3518
3508
3526
3363
3433
2412
3368
3299
3342
3038
3295
3542
3534
3571
3568
3490
3392
3375
3021
3438
3524
3390
3319
3386
3474
3306
3419
3529
3414
3460
3575
3516
3310
3379
3218
3382
3412
3077
3234
3404
3196
3450
3388
3626
3389
3103
3337
3478
3529
3469
3305
3449
3171
3538
3518
3521
3558
3378
2750
3537
3371
3361
3248
3458
3366
3139
3506
3568
3395
3497
3336
3507
3125
3485
3568
3452
3553
3457
3507
3499
3336
2998
3501
3553
3445
3240
3454
3534
3145
3319
3415
3319
3410
3382
3533
3470
3523
3533
3451
3532
3361
3491
3441
3595
3256
3274
3433
3406
3454
3607
3237
3341
3268
3451
3466
3021
3398
3455
3317
3513
3319
3481
3346
3372
3592
3341
3375
3525
3199
3194
3519
3248
3427
3492
3360
3505
3342
3414
2825
3282
3368
3565
3461
3325
3573
3400
3542
3556
3429
3343
3307
3514
3240
3404
3600
3529
3393
3395
3203
3347
3366
3278
3086
3416
3295
3420
3583
3520
3345
3097
3361
3453
3407
3639
3524
3664
3510
3428
3126
3515
3371
3493
3572
3476
3488
3401
3487
3628
3607
3171
3479
3392
3443
3150
3506
3576
3231
3454
3401
3448
3528
3496
3532
3282
3313
3439
3394
3385
3168
3200
3253
3434
3448
3529
3434
3519
3505
3237
3475
3322
3472
3060
3417
3378
3147
3272
3422
3558
3409
3544
3497
3383
3080
3384
3319
3208
3393
3497
3571
3402
3523
3581
3473
3293
3185
3514
3489
3433
3470
3428
3545
3512
3469
3321
3684
3301
3570
3338
3146
3561
3465
3426
3451
3384
3631
3548
3232
3536
3489
3396
3359
3451
3382
3487
3384
3327
3355
3453
3522
3259
3528
3484
3349
3490
3473
3600
3465
3426
3507
3513
3477
3387
3565
3486
1529
3480
3427
3440
3469
3295
3534
3495
3525
3298
3398
3398
3318
3551
3647
3409
3205
3443
3480
3489
3250
3232
3520
3221
3324
3516
3440
3371
3532
3421
3413
3499
3609
3472
3284
3379
3503
3418
3252
3433
3083
3532
3382
3404
3395
3465
3330
3411
3096
3520
3274
3321
3205
3506
3621
3385
3463
3471
3494
3385
3557
3305
3091
3513
3448
3388
3458
3436
3248
3540
3520
3551
3461
3602
3538
3468
3522
3341
3418
3433
3056
3614
3488
3476
3278
3282
3373
3399
3503
3528
3340
3523
3633
3350
3429
3335
3475
3405
3261
3470
3341
3105
3436
3359
3452
3400
3505
3350
3488
3419
3423
3375
3521
3548
3446
3234
3347
3498
3383
3334
3462
3426
3233
3313
3556
3340
3496
3532
3591
3226
3398
3494
3599
3426
3149
3564
3171
3439
3461
3493
3153
3478
3481
3436
3527
3434
3449
3486
3221
3442
3310
3633
3469
3481
3337
3472
3496
3264
3734
3327
3268
3526
3367
3570
3255
3428
3488
3267
3407
3552
3250
3388
3500
3509
3517
3502
3268
3562
3556
3613
3475
3475
3554
3281
3512
3291
3525
3493
3578
3500
3555
3504
3142
3310
3406
3641
3187
3514
3461
3342
3495
3518
3363
3492
3543
3063
3602
3430
3594
3570
3574
3562
3497
3312
3370
3525
3505
3510
3374
3392
3508
3577
3484
3514
3343
3530
3363
3373
3512
3572
3244
3518
3233
3073
3457
3287
3562
3508
3295
3189
3494
3607
3489
3472
3503
3473
3379
3467
3503
3404
3240
3391
3241
3523
3369
3582
3548
3242
3556
3334
3302
3519
3262
3530
3432
3415
3533
3410
3388
3561
3418
3359
3314
3161
3341
3291
3551
3470
3426
3436
3521
3460
3520
3532
3391
3489
3373
3400
3392
3039
3541
3464
3246
3493
3447
3326
3405
3574
3485
3555
3502
3310
3472
3519
3446
3279
3593
3488
3539
3505
3518
3423
3536
3531
3454
3415
3335
3388
3194
3591
3473
3381
3536
3434
3309
3324
3360
3444
3634
3394
3516
3369
3441
3360
3478
3456
3527
3620
3485
3234
3500
3574
3522
3434
3518
3383
3463
3463
3420
3462
3429
3589
3729
3094
3459
3513
3294
3572
3294
3534
3403
3560
3458
3401
3451
3423
3456
3456
3543
3583
3506
3436
3457
3397
3326
3285
3482
3478
3328
3456
3424
3499
3422
3444
3269
3404
3545
