3587
3517
3423
3459
3327
3483
3427
3595
3585
3550
3408
3197
3325
3329
3569
3492
3417
3512
3580
3325
3452
3333
3556
3501
3381
3355
3242
3446
3118
3587
3594
3307
3374
3517
3614
3523
3500
3395
3443
3083
3559
3498
3623
3422
3628
3375
3438
3654
3613
3531
3416
3532
3428
2960
3397
3304
3520
3078
3615
3313
3539
3387
2897
3286
3614
3488
3561
3504
3376
3516
3430
3591
3532
3379
3592
3141
3462
3054
3378
3317
3537
3619
3545
3433
3248
3326
3297
3519
3523
3460
3384
3519
2381
3401
3367
3462
3071
3339
3511
3646
3628
3618
3617
3349
3374
2925
3548
3582
3491
3345
3503
3480
3334
3472
3538
3518
3377
3668
3594
3384
3447
2929
3410
3476
3161
3265
3379
3413
3485
3305
3615
3462
3077
3372
3550
3599
3426
3414
3481
2960
3566
3525
3628
3609
3474
2473
3600
3472
3477
3125
3513
3410
3130
3546
3592
3386
3533
3235
3496
3127
3528
3633
3427
3558
3449
3551
3497
3249
2391
3595
3623
3484
3281
3253
3597
2951
3466
3429
3416
3416
3469
3659
3530
3530
3564
3455
3521
3461
3561
3475
3573
3401
3412
3507
3427
3447
3592
3295
3374
3363
3499
3449
2930
3346
3514
3308
3557
3404
3531
3384
3452
3493
3487
3386
3469
3143
3026
3606
3103
3316
3497
3523
3494
3334
3496
2744
3403
3319
3503
3491
3450
3574
3393
3619
3583
3493
3363
3309
3598
3247
3492
3629
3539
3420
3507
3155
3238
3433
3339
2740
3362
3458
3468
3595
3605
3430
3316
3453
3399
3536
3599
3507
3552
3572
3240
3316
3617
3440
3507
3620
3553
3562
3483
3580
3690
3572
3295
3545
3383
3492
3283
3533
3614
3075
3542
3554
3452
3530
3374
3670
3324
3013
3437
3454
3392
3299
3088
3238
3484
3606
3615
3520
3536
3604
3307
3499
3209
3593
2491
3560
3504
3013
3390
3458
3618
3553
3589
3575
3450
2957
3472
3402
3326
3431
3600
3621
3405
3529
3575
3432
3354
3163
3573
3478
3557
3459
3371
3561
3534
3505
3323
3753
3453
3602
3367
3021
3578
3401
3433
3373
3507
3585
3570
3123
3568
3561
3504
3382
3367
3416
3546
3429
3412
3369
3529
3523
3309
3568
3515
3369
3496
3541
3575
3488
3522
3590
3615
3532
3422
3590
3459
1475
3550
3394
3449
3567
3416
3580
3568
3480
3290
3476
3378
3397
3582
3669
3477
3254
3479
3589
3492
3284
3442
3578
3294
3396
3577
3430
3402
3600
3419
3440
3578
3597
3504
3395
3483
3532
3612
3025
3457
3010
3633
3373
3321
3436
3503
3303
3552
3238
3596
3261
3501
3344
3565
3605
3355
3439
3548
3444
3401
3581
3365
3085
3548
3395
3503
3344
3492
3246
3561
3609
3472
3391
3643
3652
3599
3571
3408
3456
3426
3053
3645
3476
3479
3395
3314
3310
3481
3494
3499
3329
3481
3507
3443
3496
3429
3516
3363
3428
3578
3500
2971
3501
3390
3487
3450
3509
3319
3487
3511
3550
3363
3568
3618
3517
3068
3399
3528
3344
3370
3502
3488
3308
3413
3662
3364
3556
3529
3607
3362
3351
3474
3621
3471
3250
3526
3104
3339
3451
3564
3144
3603
3402
3474
3599
3535
3618
3543
3157
3305
3356
3690
3490
3616
3496
3522
3521
3404
3833
3372
3088
3553
3407
3516
3057
3485
3453
3297
3420
3613
3282
3440
3538
3594
3524
3499
3303
3479
3554
3525
3421
3506
3576
3305
3458
3361
3578
3512
3603
3456
3669
3512
3206
3466
3504
3659
3071
3582
3580
3335
3605
3545
3508
3523
3555
3116
3636
3415
3627
3600
3564
3584
3503
3243
3410
3468
3574
3585
3558
3566
3689
3589
3462
3565
3305
3566
3277
3471
3506
3665
3215
3554
3340
3238
3531
3380
3641
3536
3395
3213
3527
3590
3545
3501
3456
3458
3463
3573
3606
3442
3126
3420
3367
3557
3390
3561
3633
3349
3487
3425
3314
3576
3360
3599
3441
3455
3615
3499
3296
3647
3464
3396
3365
3074
3289
3167
3562
3541
3477
3569
3700
3522
3582
3563
3360
3541
3453
3480
3444
2989
3586
3473
3348
3589
3550
3357
3363
3535
3470
3632
3595
3370
3552
3564
3499
3276
3665
3497
3602
3470
3653
3417
3583
3460
3482
3404
3271
3474
2966
3616
3510
3475
3583
3584
3450
3231
3353
3576
3601
3160
3508
3189
3545
3495
3529
3484
3473
3645
3427
3301
3539
3645
3481
3506
3534
3464
3418
3444
3495
3516
3535
3541
3832
3049
3453
3534
3367
3682
3249
3547
3507
3554
3450
3397
3469
3428
3510
3501
3560
3586
3539
3386
3432
3445
3348
3117
3530
3462
3157
3490
3399
3462
3318
3513
3327
3522
3657
