-203
-566
-269
-232
-219
-180
-197
-101
-95
-289
-229
-242
-64
-506
-231
-99
-402
-89
-309
-107
-191
-205
-171
38
-177
-159
-182
-247
-240
26
-123
-423
-261
-284
-12
-203
56
-242
-337
-268
-220
89
-277
-337
48
-171
-112
-236
-313
-245
-333
-410
-145
-187
-72
-284
-107
-88
-180
-372
-301
-192
-37
-204
-454
-87
-214
-317
-328
-156
-246
83
-248
-230
-269
4
-77
-275
-150
-264
-195
-247
-117
-270
-252
-213
-226
-391
-132
-265
-248
-227
-108
-68
-117
-530
-150
-287
-211
-196
1178
-442
-102
-47
-373
-145
-219
-72
-181
-373
-149
-49
-155
-179
-141
-160
-285
-97
-397
-251
-161
-234
-11
-207
-65
-389
-152
-352
-120
-3
-220
-197
-237
-147
-161
-314
-270
-460
-212
-133
-167
-232
-245
-286
-296
-302
-270
-52
-12
-217
-72
-483
-199
-503
-160
-193
-308
-205
-136
-84
-284
-261
-228
-136
-93
-34
-244
-95
-76
-497
132
-253
-187
-212
-165
-157
-436
-218
-185
-159
-169
-342
-89
-216
-266
112
-106
-381
-48
-243
-307
-186
-120
-203
-323
2
-88
-241
-389
-419
-237
-482
-221
-494
-206
-174
-150
-167
-163
-247
-237
-316
6
-136
-263
-219
-116
-123
-377
-335
-123
-304
-20
-155
-428
-297
-233
-210
-179
-324
-148
116
-145
-570
-258
-161
-127
-3
-352
28
-22
-191
-207
-402
-163
-134
-81
-393
-125
-304
-252
-256
-116
-31
-172
-185
-233
-220
-157
-204
-236
-118
156
-151
-426
-309
-164
-186
-98
-293
-123
36
-270
-307
-306
-272
-249
-176
-223
-85
-452
-118
-142
-30
-358
-622
35
-218
-262
-361
-105
-156
-291
-74
11
-131
-229
-133
-342
-11
-342
-155
-147
-300
-204
-248
-186
-336
-258
-270
-116
-3
-213
-312
-334
-231
-33
-177
-277
-212
-44
-295
-465
-231
-4
-454
-86
-61
-327
-178
413
1
-126
-110
-276
-179
-306
-361
-65
-172
-203
-373
-257
-86
-69
-116
-252
-273
-154
-162
-180
-176
-125
-143
-219
-364
-278
-215
-187
-162
-270
-224
-39
-292
-275
-148
-229
-290
-116
-258
-2
-230
-277
-77
-217
-267
-291
-166
-150
-388
-86
-255
-124
-155
-49
-120
-80
-247
-179
-123
-159
-197
-87
-286
-139
-352
-205
-351
-91
-113
-286
-25
-124
-23
-102
-409
-332
-282
-290
-196
-231
-347
-103
-4
-202
-126
-184
-283
-165
-129
-294
-203
-77
-170
-240
-582
-40
-232
-126
-11
-397
79
-219
-141
-121
-219
-294
-125
-196
-400
-116
-185
-160
-73
-240
-208
-73
-116
-272
63
-247
-228
-413
-136
-235
-305
-128
-234
-218
-20
-216
-275
-254
-294
-149
-215
-123
-213
-167
-205
-101
-324
-46
-288
-208
-427
-361
-273
-191
-218
-383
-275
-75
-290
-201
-245
-184
-63
19
-401
-117
-67
-159
-61
-67
-180
-121
-128
-325
-274
-388
-233
-411
-355
122
-294
11
-183
-59
18
-362
-217
-302
-245
-155
-239
-246
-111
-563
-254
-301
-27
-197
-290
-313
-136
58
-315
-344
-145
-161
-145
-180
-242
-189
-234
-85
-339
-191
-300
-38
-279
-59
-241
-191
-197
5
-237
-134
-464
-204
-157
-333
-470
-131
-97
-260
-252
-62
-370
-135
-108
-244
-356
-10
-282
-163
-157
-195
-101
-173
-63
-468
-279
-108
-114
-238
-107
-132
-103
-226
-246
-263
-39
-539
-388
-165
-235
-214
-200
-139
-305
-153
-289
-349
-94
-187
-183
-352
-133
-356
-238
-206
-259
165
-265
-312
-199
-115
-215
-157
-48
-214
-356
-380
-306
-242
-158
-147
-107
-153
-229
-712
-197
-116
-137
-203
-105
-303
-274
-198
-302
-328
-246
-219
-205
-467
-110
-190
-119
-315
-123
-258
-374
73
-209
-178
-335
-49
-398
-224
-60
-261
-118
-50
-2
-323
-271
-114
-252
-220
-82
-381
-144
-130
-186
-448
-248
-386
-230
20
-51
-191
-291
-257
-171
-178
-37
-419
-227
-132
-387
-275
-192
-257
-222
-299
-450
979
-200
-270
-67
-206
-283
-210
-237
-408
-326
-310
-374
-194
-253
-140
-95
-149
-165
-313
-338
-242
-440
-280
-66
-231
-237
-198
-14
-139
-186
-150
-169
-108
-383
-203
-267
-215
-78
-85
-187
-274
-352
-159
-205
-135
-274
-141
-557
-331
-141
-109
-271
-121
-197
-237
-55
-216
-248
-208
-212
-134
-336
-228
-305
-482
-142
-200
-125
-33
-169
-230
-284
-242
-240
-225
1207
-170
-234
-263
-7
-59
-158
-469
-404
-227
-276
-344
-74
-304
-91
-253
-456
-88
-383
-351
-213
-35
-253
-147
-49
-190
-257
-312
-183
-166
-234
-255
34
-363
-208
-303
-196
-224
-272
-280
-140
-601
-475
-434
-20
243
-208
-377
-134
-107
-498
-113
-345
-307
-240
-24
-467
-117
-290
68
-270
-222
-497
-107
-69
-37
53
-70
-231
-486
-41
-68
-328
-378
-55
4
-170
-330
-146
-63
-273
-113
-707
-204
-75
-262
-462
99
-167
-163
-187
-172
-202
64
-136
-337
-476
-249
-147
-288
-217
-226
-372
-265
-284
-99
-537
-247
-114
-265
-186
-44
-201
-84
-258
-542
16
-237
-294
-269
83
-293
-308
-126
-316
-240
-283
-456
-166
-271
-120
-265
-200
-340
123
-490
-30
-258
54
-430
-195
-155
-203
-286
27
-146
-207
-280
-302
-325
-283
-233
-597
-110
-244
-248
-193
-156
-111
-279
-102
-219
-537
-219
-75
-270
-238
-168
-161
-301
-266
-162
-354
-117
-238
-243
-224
-348
-212
-248
-271
-86
-586
-180
-173
-250
-102
-204
-214
-72
-321
-48
-321
49
-190
-81
-299
-152
-213
-223
-466
-514
-113
-394
-177
-317
-295
-279
-165
-220
-173
-397
-81
-211
-175
-593
-224
-125
-425
-229
-127
-16
-122
-295
-224
-121
-236
-301
-103
-79
-448
-335
-209
-245
-348
-168
-182
-290
-90
-97
-8
-493
-21
-99
1
-246
-253
-305
-296
-223
-229
-278
-203
-25
-227
-50
-57
-231
-141
-232
4
-111
-159
-378
-371
-199
-54
5
-360
-213
-500
-257
-162
-464
235
-118
-224
-159
-358
-303
-283
31
-170
-159
-462
-763
-94
-296
-139
-236
-144
-351
-260
-161
-111
-195
-360
-107
-209
-192
-70
-88
-227
-248
-177
-318
-170
-151
-241
-98
-473
3
-154
-319
-329
-341
-83
-202
-106
-115
-81
-208
-246
-153
-88
-222
-85
-166
-203
-166
-258
78
-192
-409
-92
-214
-240
-453
-239
-260
-116
-160
-138
-172
-412
-355
-216
-427
-240
-222
-305
-20
-369
342
-245
-233
-137
-22
-173
-37
-352
-464
-62
-332
-198
-304
-53
-136
-281
-209
-86
397
-263
-188
-237
-270
-305
-474
-173
-347
-266
-206
-314
-110
-544
-59
-231
-60
-129
-71
-327
-202
-193
-219
-298
-200
-2
-150
-222
-194
-272
-65
-323
-105
-38
-164
-224
-219
-163
-208
-548
104
4
-146
8
-158
-402
-189
-79
-199
-213
-384
-267
-141
-277
-60
-102
39
-236
-138
-255
-91
-48
-222
-220
-224
-287
-173
-60
-864
-228
-378
-224
-203
-141
-274
-139
-55
-154
-100
131
-37
-270
-388
-253
-12
34
22
-21
-220
-186
-284
-192
-151
-233
-386
-181
-272
-276
-218
-348
-208
-3
-80
-138
-52
-246
-223
-300
-321
-199
-319
-235
-323
-62
-237
-108
-429
-151
-212
-77
-272
-128
-177
-265
-230
-217
-68
-139
-193
-196
-322
-297
-211
-276
87
-345
-376
-114
-282
-101
-145
-159
-94
-160
-160
-99
-243
-351
-208
-109
-226
-290
-300
-311
-142
-377
-333
-155
-226
-175
-143
-289
-50
-257
-248
-477
-280
-157
-68
57
-389
-269
-100
10
-234
-152
-229
-218
-148
-414
-95
-29
-380
-245
-322
-133
-341
-247
-415
-204
-79
-188
-277
-65
-90
-319
-171
-36
-281
14
-266
-299
-145
-278
-19
-297
-80
-312
-100
-210
-266
-150
-582
-209
-264
-221
-158
-463
-171
-47
-255
-239
-248
-132
-222
-156
-331
-104
-145
-242
-188
-132
-134
-79
-185
-211
-179
-467
-143
-146
-90
-62
-14
-211
-195
-191
-198
-189
-117
-114
-230
-203
-342
-184
-93
-414
-220
-108
-62
-232
-149
-291
-222
-296
-339
63
-163
-219
-153
-260
-430
-323
-484
-395
-105
-219
-239
-139
-346
-208
14
-233
-298
-258
-100
-322
-232
-89
-286
-237
-196
-16
-166
-165
-169
-119
-226
-258
-314
-186
-298
-217
-66
-307
-225
-37
-54
-125
-185
33
-66
-155
-192
-174
-149
176
-150
-208
-169
-156
-119
-163
-309
-269
-145
-48
-193
-211
-13
-185
-103
27
-176
-312
-96
-184
-176
-159
-371
-101
-341
-26
-235
16
-192
-345
-166
12
-222
-149
-173
-227
-55
-200
-128
-185
-132
-181
101
-200
-225
-327
78
-382
-200
-418
-231
-371
-444
-158
-201
-361
-169
-233
-332
-109
-182
-365
-296
67
-102
-399
-413
1114
-194
-140
-230
-214
-165
-213
-91
-312
-281
-541
-266
-63
-193
-184
-293
-72
-101
-100
-405
-43
-287
-161
-92
-87
-410
-193
-286
-101
-403
-202
-301
-115
-159
-309
-96
-316
-308
-114
-150
-85
-84
-247
-333
-76
-42
-174
-168
-52
-194
-126
-262
-215
-86
-241
-198
-211
-188
-145
-252
-133
-29
-391
-165
-279
-310
-17
-137
-68
-87
-129
-141
-270
-252
-141
-205
-76
-159
-173
-206
-683
-41
-467
-117
-394
-249
-184
-334
-171
-133
-42
-262
76
-174
-184
-210
-240
-234
-201
-260
-219
-254
-115
-284
-202
-152
-195
-96
-209
-118
-461
-272
-273
-170
-107
-74
-174
-370
-71
-224
-213
-344
-341
-33
-150
-21
-119
-327
-203
-246
-188
-183
-463
-136
-213
-239
-160
-89
-209
-127
-109
-276
-225
19
-574
-283
-240
-165
-297
-146
-374
-116
-110
-218
-253
64
-237
-193
-516
-69
-139
-155
-256
-160
108
-208
-130
-102
-307
-86
-272
-540
-61
-215
-370
-284
-383
-3
-286
-102
-273
-59
-325
-143
22
-200
-178
-51
-141
33
-180
-437
-181
-175
-266
299
-98
-449
-190
-176
-65
-169
-478
-149
-714
-322
-164
-275
-120
-392
-223
-260
-2
-146
-274
-77
-395
-62
-279
-344
1
-251
-215
-24
-79
-251
3
-259
-147
-245
-149
-244
-114
-242
-68
-126
8
-789
-434
-243
-352
-55
-224
-270
-391
-71
-144
-319
-185
-271
-47
-153
-137
-152
-52
-279
-264
-192
-188
-413
-200
-482
-344
-426
-373
-220
-117
-228
-220
-336
47
-169
-96
48
-219
-126
-203
-313
402
-396
-175
-129
-177
-237
-66
-446
-103
-178
-387
-536
-209
7
-384
-193
64
-219
-280
-401
-292
-230
-375
-115
-240
-235
-143
-339
-289
-245
-223
0
-437
-186
-35
-226
-201
-279
-14
-108
-163
-276
-346
-162
587
-305
-201
-264
-316
-262
-84
-133
-268
-355
-138
-193
-322
-504
31
-164
-131
79
-265
-41
-42
-353
-129
58
-151
-278
-164
-300
-109
-212
-402
-38
-492
-151
-165
-274
-186
-167
-424
-269
-271
-284
-80
-372
-110
-123
-364
-179
-116
-133
-199
-43
20
-395
-192
-122
-265
-387
-157
29
-357
-235
-430
-210
-298
-351
-280
-213
-223
-250
-172
-329
34
-1
61
-258
-256
-120
-213
-485
-134
-216
-363
-235
-255
-344
-301
-148
-278
-219
-154
-195
-377
-241
-146
-271
-1
-79
-362
-296
-209
-151
-331
-17
-177
-235
-260
-68
-223
-241
-92
-136
-283
-150
-87
-431
-50
-304
-188
-117
-156
-200
-85
13
-165
-472
-294
-28
-247
-269
-246
68
-209
633
-396
-155
-151
-352
-129
-262
-59
-362
-91
-177
-116
-270
-186
-134
-159
-344
-158
-35
-255
-79
-20
-429
-253
-69
-64
-249
-345
-128
-112
-316
-64
-202
-204
-304
-24
-216
-234
-151
-267
-45
-401
27
-191
-68
-245
-249
-91
-397
13
-262
-287
-147
-240
-418
-210
-36
-227
-273
-265
-139
110
-198
-226
-327
-346
-201
-268
-15
-362
-110
-217
-195
-279
-241
-216
-166
-370
-170
-82
-514
-607
-76
-345
-262
-217
-101
-306
-141
-55
79
-312
-64
-239
-260
-37
-178
-107
-251
-237
-398
-330
-135
-92
-55
44
-334
-157
-219
-91
-159
-224
-157
-306
-143
-270
-245
-281
-233
-366
-301
-206
-173
-143
-382
-290
806
-104
-128
-210
-12
-177
129
-112
-226
-133
-172
-112
-118
-414
-275
-379
-98
-309
5
-425
-147
-351
9
-203
-204
-105
-427
-451
-247
-288
-240
-170
-54
-379
122
-358
-320
5
-30
-28
-43
-240
-204
-148
-159
-203
-341
-384
-244
-397
-196
-119
-379
-332
-225
-312
103
-76
-70
-223
-280
-220
-129
-379
-250
-156
-119
-220
-170
-125
-246
-250
-12
-152
-151
-297
-283
-199
-42
-30
-201
-323
-244
15
-195
-355
-495
-527
-312
-27
16
-163
-195
-117
-99
-81
-53
-17
-160
-310
-303
-50
-289
-140
-183
-144
-235
-312
-93
-220
-208
-521
-135
-82
-355
-165
-269
9
-303
-254
-62
-168
-140
-407
-244
-271
-162
-208
-145
-205
-247
-216
-328
-92
-146
-166
-165
-258
-208
-463
-193
-62
-234
-132
-206
-259
-129
-120
-164
-258
-239
-34
-613
16
-373
-175
-48
62
-133
-186
-56
-298
-312
-332
-113
-89
-459
-177
-317
141
-66
-305
-252
-22
-108
-256
-208
-167
-338
-208
-104
-198
-139
-334
-103
-230
-214
-253
-191
-297
-153
23
-59
-243
-113
-284
-171
-144
-252
-271
-83
56
-81
-262
-456
-155
-177
-397
-178
4
-223
-442
-223
-453
-431
-148
-413
-260
-477
-131
-261
-263
-103
-184
-179
-136
-196
-189
-390
-145
-213
-184
-8
-264
-158
-295
-329
-267
-125
-96
-83
-248
-153
-87
-200
-181
-310
-115
-46
-366
-37
-300
-343
-119
-281
-391
-158
-141
-143
-490
-539
-242
-363
-258
-192
-187
-368
-377
-25
-367
-271
-322
-338
-338
-85
-273
-483
-307
-225
-358
-34
-216
-324
-576
-148
-295
-208
-430
-222
-320
-323
18
-356
-211
-196
-264
-63
-279
-386
-121
-244
-527
-201
-29
-96
-358
-205
-220
-82
-260
-91
-362
-167
-223
-370
31
-328
-252
-11
-375
-206
-136
-97
-326
-81
-244
-459
-30
-191
-149
-183
-305
-54
-140
-163
-251
-93
-218
-73
-319
-544
-224
-282
-194
-385
-110
-159
-187
-66
-364
-613
-94
-256
-372
-398
-238
-130
-100
-161
-252
-87
-221
-106
-229
-112
-264
23
402
-102
-383
-374
-220
-269
-218
-71
83
-125
-577
-205
-147
-319
-425
-237
-188
-327
-271
-67
-142
-209
-137
-154
-164
-124
-120
-298
-360
116
-113
-366
-370
-167
-139
-182
-74
-257
-252
-198
-469
-233
-300
-147
-177
-101
-272
-124
-261
-346
-321
185
-98
-218
-339
-333
-127
-505
-96
-152
-217
-307
-143
-407
-79
-168
-274
-188
-251
137
-152
-464
-22
-306
-382
-97
-421
-188
-292
-196
-275
-126
-219
-254
-328
-293
-162
-291
-151
-148
-273
-98
-229
-78
-120
-428
-419
-271
-37
-114
-238
-161
-119
-244
-149
-271
-158
-310
-153
-363
36
-168
471
-223
-36
-352
-249
-77
-264
-158
-220
-189
-212
-346
-498
-271
-110
-265
54
-340
-65
-410
-338
-133
-74
-264
-321
-79
-155
-68
-143
-73
-239
-149
-181
-331
-91
-263
-186
-172
-412
-379
-9
-142
-71
-207
-169
-257
-345
-94
-184
-321
-387
-56
2
-195
-119
-351
-266
-395
-87
-236
-93
-202
-169
-251
-394
-90
26
-136
157
-334
-212
-303
-53
-306
-112
-116
-304
-295
-120
-217
-243
-327
-405
-358
-605
-157
-224
-412
-330
-181
-177
-148
-177
-344
-23
-162
-139
-85
-256
-336
-71
-25
-286
-262
-316
-17
-264
-465
-236
-295
-304
-440
-153
177
-200
-175
-362
47
-177
-424
-284
-240
-385
-179
-236
-87
-141
-469
-135
-250
-272
-76
-242
-62
-126
-30
-174
-268
-212
-308
-8
577
-213
-15
1
-263
-18
-221
-33
-9
-187
-232
-171
-61
-219
-209
161
-148
-111
-77
-121
-157
998
-425
-60
63
-69
-386
15
-265
148
-23
-192
-223
-305
-131
-220
-138
-104
-107
-225
-421
-402
-177
-266
-212
54
-104
-122
-9
-75
-127
-175
-175
-22
-101
-196
-178
-32
-770
-139
-37
-262
-388
-169
-214
-362
-329
-130
-212
-203
-179
-197
-374
-141
-303
-140
-222
-382
12
-346
-220
-418
-52
-309
-319
-158
-176
-91
-115
-271
-206
-252
-62
-276
-130
-15
-259
-211
-437
-349
-156
-254
-285
-99
-132
-235
-232
-101
-193
-340
-285
-317
-224
-39
-253
-320
-55
-308
-252
-608
-483
-428
-190
-447
-495
-477
-279
-250
62
-128
-231
-151
23
-268
-251
-73
-310
-148
-165
-68
-267
-138
-446
-346
-467
-284
-234
-338
-276
-227
46
-143
-348
-191
-897
-428
-86
-133
-424
-423
-81
-271
-111
-252
-185
-283
-78
-265
-223
-211
-406
-93
150
-706
-82
-157
-210
-366
-97
-303
-179
-434
-424
-212
-100
-251
845
-208
-235
-276
-119
-158
-175
-191
-250
-145
-12
-292
-163
-144
-96
-310
-125
-239
-140
-308
-289
-196
-180
-332
-226
-226
57
-130
-145
-153
-469
-104
-125
-149
358
-167
-180
-251
-63
48
-25
-273
-163
-186
-340
-167
-430
-109
-150
-269
-146
-158
-296
-387
-255
-81
-288
-611
-228
-320
-212
-229
-185
-335
-199
-284
-182
-78
-366
-469
-242
-278
-204
-265
-121
-175
-228
-257
-153
-383
-232
-111
-150
-134
-213
-208
-189
53
-7
-121
-165
-275
-257
-304
-110
-146
-225
-17
-24
-155
-204
-381
-166
-175
-477
-24
-91
-251
-202
-192
-405
-334
-109
-159
69
-325
-586
-117
-214
-222
-244
-305
-86
-148
-217
-278
-89
-129
-314
-151
-399
-198
91
-184
-214
-293
22
-447
-167
-312
-435
-290
-160
-170
-206
-328
13
-210
-113
-290
-267
-210
-201
5
-410
-109
-280
-69
-259
-239
-130
-347
-193
-135
-279
849
-137
-240
