3540
3486
3394
3346
3276
3464
3447
3514
3571
3430
3337
3195
3365
3343
3515
3476
3214
3452
3540
3395
3416
3313
3494
3278
3369
3352
3291
3425
3265
3512
3560
3394
3366
3497
3591
3487
3383
3418
3440
3174
3490
3480
3570
3434
3543
3314
3382
3530
3524
3539
3422
3526
3405
2992
3358
3349
3529
3232
3538
3359
3439
3227
3025
3336
3520
3409
3485
3457
3435
3491
3404
3534
3460
3344
3520
3132
3507
3046
3380
3351
3521
3529
3480
3388
3337
3204
3409
3531
3551
3451
3357
3401
2596
3397
3452
3302
2946
3375
3541
3537
3587
3530
3490
3369
3349
3249
3494
3528
3335
3431
3445
3539
3216
3445
3528
3420
3441
3629
3470
3259
3431
3114
3321
3385
3221
3229
3335
3281
3442
3310
3547
3354
3050
3390
3449
3536
3407
3218
3455
3003
3461
3551
3535
3565
3481
2654
3509
3440
3559
3194
3338
3361
3319
3512
3536
3359
3513
3233
3537
3217
3521
3585
3435
3539
3421
3452
3468
3268
2726
3435
3589
3472
3304
3354
3587
3096
3412
3418
3412
3379
3475
3557
3493
3521
3480
3527
3483
3379
3592
3393
3552
3310
3315
3488
3459
3418
3574
3212
3367
3291
3416
3339
2964
3470
3461
3254
3493
3339
3465
3364
3410
3524
3450
3266
3471
3111
3046
3544
3039
3390
3486
3435
3519
3355
3530
2879
3342
3308
3494
3454
3367
3492
3405
3545
3565
3414
3382
3251
3549
3273
3354
3482
3537
3399
3455
3178
3281
3375
3280
2992
3353
3359
3543
3574
3573
3434
3176
3313
3437
3517
3556
3367
3597
3570
3375
3383
3446
3493
3433
3540
3532
3476
3527
3522
3614
3490
3257
3542
3437
3431
3256
3547
3574
3148
3416
3427
3403
3472
3340
3575
3314
3254
3462
3467
3383
3187
3166
3242
3442
3479
3497
3435
3493
3574
3273
3505
3326
3480
2801
3476
3331
3069
3295
3385
3593
3477
3558
3533
3460
3026
3436
3418
3398
3421
3506
3456
3369
3455
3535
3408
3345
2972
3549
3538
3488
3391
3468
3488
3554
3503
3379
3725
3395
3513
3420
3138
3525
3443
3409
3344
3516
3539
3518
3152
3544
3546
3464
3320
3404
3417
3468
3375
3419
3328
3471
3563
3346
3387
3481
3348
3478
3407
3524
3419
3393
3504
3551
3463
3357
3533
3428
1677
3500
3368
3344
3507
3271
3539
3508
3462
3274
3343
3348
3359
3614
3610
3414
3242
3447
3517
3462
3201
3336
3508
3188
3312
3544
3430
3382
3549
3360
3445
3478
3601
3402
3347
3372
3409
3486
3109
3338
3045
3531
3403
3350
3324
3520
3366
3505
3199
3468
3320
3418
3204
3520
3521
3369
3414
3464
3423
3367
3513
3269
2955
3495
3427
3418
3370
3407
3177
3473
3522
3485
3383
3553
3547
3492
3489
3438
3359
3393
3230
3567
3609
3408
3282
3278
3301
3399
3447
3451
3346
3512
3501
3483
3471
3374
3484
3300
3511
3465
3408
3059
3467
3341
3479
3383
3513
3305
3449
3477
3512
3395
3518
3499
3487
3085
3361
3440
3322
3292
3482
3436
3254
3327
3566
3333
3487
3445
3513
3336
3331
3486
3638
3424
3190
3451
3195
3409
3433
3495
3161
3521
3451
3481
3531
3462
3521
3482
3074
3369
3310
3540
3487
3552
3330
3455
3454
3306
3771
3311
3177
3578
3384
3459
3058
3404
3503
3323
3385
3507
3256
3444
3501
3532
3581
3534
3393
3469
3508
3584
3346
3506
3518
3294
3512
3377
3563
3428
3494
3484
3587
3513
3221
3378
3447
3633
3065
3435
3516
3358
3530
3510
3363
3424
3537
3125
3580
3354
3604
3597
3551
3513
3452
3279
3339
3421
3489
3562
3462
3528
3607
3569
3440
3473
3398
3488
3316
3412
3430
3632
3262
3564
3270
3021
3498
3332
3639
3492
3326
3306
3465
3525
3527
3504
3441
3387
3370
3358
3496
3428
3209
3435
3253
3501
3375
3599
3472
3332
3464
3517
3311
3467
3268
3517
3390
3511
3548
3446
3402
3548
3422
3340
3282
2993
3261
3277
3538
3444
3348
3502
3554
3444
3554
3482
3354
3486
3373
3370
3441
3022
3521
3429
3354
3437
3356
3307
3375
3534
3471
3554
3463
3273
3527
3523
3495
3316
3578
3490
3537
3526
3516
3399
3617
3465
3494
3369
3332
3410
3179
3536
3454
3441
3502
3513
3373
3248
3442
3517
3596
3343
3540
3270
3450
3400
3405
3437
3528
3595
3376
3255
3506
3568
3523
3393
3523
3418
3436
3424
3465
3450
3455
3500
3845
3069
3347
3515
3264
3584
3213
3435
3493
3576
3391
3340
3460
3411
3418
3449
3519
3480
3479
3394
3449
3371
3347
3256
3479
3476
3246
3513
3454
3437
3391
3431
3343
3378
3583
