3685
3633
3627
3509
3588
3599
3531
3748
3783
3638
3470
3263
3521
3300
3785
3513
3524
3305
3840
3351
3538
3458
3674
3684
3377
3643
3395
3670
3524
3620
3741
3427
3517
3739
3724
3688
3704
3663
3632
3508
3742
3727
3784
3618
3748
3447
3602
3852
3767
3818
3489
3677
3481
3099
3513
3382
3763
3265
3745
3351
3665
3499
2976
3272
3703
3572
3741
3736
3590
3769
3786
3795
3421
3439
3643
3409
3662
3190
3589
3549
3754
3776
3785
3639
3232
3618
3383
3637
3713
3743
3638
3634
2542
3646
3649
3541
2678
3379
3614
3753
3825
3798
3691
3485
3388
2500
3516
3832
3578
3496
3643
3684
3327
3652
3751
3484
3552
3806
3787
3532
3545
2084
3614
3594
3099
3608
3656
3482
3615
3594
3804
3565
2929
3590
3697
3868
3618
3543
3697
2711
3733
3757
3721
3747
3625
1129
3792
3580
3655
3592
3598
3584
3283
3722
3794
3549
3573
3383
3679
2440
3690
3812
3483
3767
3547
3742
3617
3452
2347
3687
3772
3550
3464
3583
3700
2408
3602
3545
3580
3624
3732
3864
3579
3663
3777
3735
3554
3559
3776
3658
3687
3538
3412
3634
3640
3602
3782
3449
3504
3387
3637
3522
2566
3437
3671
3437
3597
3523
3740
3558
3541
3780
3407
3631
3732
2902
2443
3789
3090
3577
3597
3571
3690
3479
3611
2842
3536
3392
3674
3759
3562
3666
3438
3697
3717
3600
3568
3470
3712
3417
3417
3764
3680
3480
3538
2986
3347
3496
3624
3241
3482
3519
3636
3698
3797
3555
3511
3467
3596
3590
3775
3684
3697
3683
3414
3436
3666
3646
3673
3742
3744
3714
3644
3652
3755
3781
3439
3670
3614
3763
3512
3657
3803
2688
3790
3619
3744
3695
3426
3803
3563
3023
3667
3597
3577
3342
2631
3255
3668
3631
3735
3719
3674
3820
3432
3488
3465
3790
1622
3667
3581
2583
3660
3678
3689
3583
3741
3782
3635
3093
3697
3564
3576
3709
3771
3679
3448
3702
3748
3761
3573
2639
3649
3781
3707
3713
3536
3799
3767
3595
3420
3846
3480
3700
3407
2413
3834
3622
3673
3538
3581
3628
3751
2595
3797
3691
3525
3571
3542
3640
3689
3568
3509
3558
3647
3571
3414
3668
3696
3447
3649
3613
3712
3654
3558
3692
3759
3651
3537
3779
3748
1531
3708
3549
3622
3740
3446
3712
3678
3545
3395
3547
3571
3588
3809
3850
3549
3453
3642
3757
3566
3286
3542
3690
3348
3609
3739
3590
3714
3777
3714
3678
3749
3732
3657
3473
3603
3569
3735
3046
3543
3225
3678
3588
3603
3615
3663
3555
3702
3396
3694
3482
3690
3490
3746
3844
3638
3558
3692
3465
3589
3765
3569
2597
3702
3530
3643
3521
3667
3568
3803
3822
3557
3646
3837
3853
3709
3747
3557
3625
3702
2880
3679
3707
3629
3214
3364
3556
3492
3663
3743
3470
3692
3770
3601
3722
3578
3671
3451
3618
3707
3645
2793
3657
3593
3583
3644
3598
3496
3716
3771
3613
3429
3767
3530
3581
2935
3517
3750
3487
3495
3653
3666
3495
3495
3720
3605
3568
3660
3680
3452
3438
3514
3664
3510
3463
3642
2620
3550
3628
3732
3329
3734
3496
3476
3740
3594
3748
3607
2751
3388
3440
3764
3649
3743
3544
3497
3681
3390
3881
3384
1922
3739
3459
3788
2791
3645
3548
3474
3597
3782
3439
3581
3767
3685
3753
3630
3415
3702
3729
3770
3467
3687
3711
3515
3693
3555
3640
3613
3835
3517
3777
3711
3057
3553
3670
3842
2681
3810
3731
3514
3720
3616
3596
3750
3683
3371
3761
3417
3733
3737
3742
3779
3498
3470
3517
3642
3803
3736
3651
3638
3844
3736
3590
3732
3400
3800
3277
3646
3689
3714
3563
3797
3474
3029
3664
3433
3838
3674
3480
3433
3701
3818
3843
3661
3700
3715
3508
3530
3775
3581
3402
3569
3629
3677
3569
3725
3712
3445
3638
3656
3468
3716
3460
3820
3750
3539
3731
3651
3509
3805
3648
3579
3554
2264
3563
3279
3687
3658
3546
3730
3728
3791
3759
3734
3506
3768
3511
3663
3615
2633
3682
3496
3479
3810
3669
3387
3507
3707
3603
3777
3775
3473
3751
3745
3644
3548
3700
3722
3731
3592
3723
3574
3824
3736
3526
3494
3380
3534
2742
3852
3552
3334
3676
3682
3592
3328
3489
3712
3708
3360
3584
3439
3665
3540
3727
3455
3753
3815
3597
3523
3718
3745
3705
3567
3644
3626
3631
3537
3628
3667
3675
3773
3965
3297
3494
3733
3394
3714
3488
3724
3675
3695
3600
3561
3676
3641
3778
3634
3833
3770
3684
3505
3610
3618
3470
3074
3698
3664
3456
3575
3627
3620
3608
3680
3344
3648
3811
