-173
-267
-236
-198
-54
-261
-280
-49
-135
-241
-288
-67
-267
-199
-183
-211
-283
-201
-298
-133
-223
-318
-534
-220
-269
-166
-112
-209
-200
-244
-303
-230
-224
-242
-228
-68
-193
-51
-132
309
-164
-138
-245
-174
-137
-242
-237
-80
-117
-244
-184
-191
-329
-167
-301
-154
-239
-247
-164
-245
131
-245
-217
-127
-194
-150
-324
-111
-117
-322
-124
-121
-250
-235
-142
-426
-246
109
-219
-171
-192
-263
-107
-110
-311
-194
-171
-252
-38
-247
-211
-233
-233
-190
-281
102
-204
-254
-224
-228
-200
-296
-227
-100
-268
-234
85
-238
-156
-111
-99
-194
-183
-224
-206
-152
-211
-175
-184
-315
-273
-237
-267
-128
-217
7
-204
-232
-185
-232
-287
-259
-203
-265
-72
-201
-241
-121
-264
-160
-116
-95
-158
-647
-240
-227
-146
-317
-42
-97
-216
-208
-155
-81
-146
-262
-264
217
-345
-174
-393
-202
-220
-207
-208
-188
-237
-224
-199
-195
-251
-309
-248
-242
184
-18
-156
143
-269
-191
-239
-307
-243
-178
-217
-207
-145
-288
-92
-181
-239
-86
-395
-180
-279
-213
-157
-317
-162
-209
-275
-57
-268
-252
-279
-278
-219
-207
-228
-236
-115
-195
-278
-138
-321
-242
-144
-259
-114
-250
-208
-220
-268
-243
-197
-256
-217
-112
-249
-244
-156
-227
-224
-203
-112
-81
-290
-100
-219
-266
-204
1216
-165
-256
-237
-139
-264
-371
22
-218
-19
-245
-189
-193
-293
-237
475
-228
-365
-178
-203
-192
-13
-322
-205
-244
-246
-162
-230
-203
-124
-361
-243
-207
-282
-154
-314
-187
-275
-247
-209
-187
-69
-219
-269
-168
-278
-252
-194
-268
-289
-317
-196
-270
-159
-301
-253
-244
-196
-244
-255
-149
-222
-210
458
-249
-186
-198
-208
-220
-275
-281
-384
154
-215
-242
-84
-198
-206
-298
-333
-209
-260
-258
-244
-204
-220
-214
-122
-209
-206
-432
-263
-246
-191
-261
-173
-165
-222
-244
-207
-256
-186
-2
-221
-268
-244
-163
-259
-198
-212
-209
-232
-253
-204
-296
-342
-280
-68
-230
-239
-263
37
-263
-299
-231
-266
-293
-340
-224
-99
-204
-79
-184
-257
-233
-73
-66
-261
-185
-160
-236
-135
-216
-148
-34
-183
-219
-199
-215
-124
-209
-154
-181
-243
-125
-254
-236
-82
-152
23
-263
-273
-249
-153
-225
-19
-173
-206
-52
-245
-194
-223
-114
-308
-172
-174
-210
-194
-225
-256
-199
-206
-292
-190
-271
-78
-265
-217
-109
-219
-251
-291
-191
-262
-210
-265
-151
-186
-198
-226
-220
-212
-198
-585
-239
-267
-319
-210
-201
-220
-350
-181
-225
-259
-246
-275
-76
-164
-207
-248
-269
-106
-236
-237
-385
-294
-59
491
-159
-281
256
-211
-155
-333
-125
-177
-302
-251
-144
-165
-221
-308
-355
-216
-168
-316
-150
-223
-95
-84
-370
-223
-282
-210
-324
-154
-151
34
-203
-209
-208
-156
52
-312
-228
-189
-200
-167
-307
-229
-199
-251
-187
-15
-253
-214
-212
101
-173
-263
-225
-149
-194
-205
-232
-179
-333
-236
-263
4
-158
-235
-195
-155
-248
-291
-204
-289
-221
-271
-257
-310
-233
-125
-282
-74
-371
-244
-286
-442
-268
-214
-250
-90
-214
-205
-236
-120
-291
-268
-217
-258
-124
-193
-236
-119
-204
-162
-173
-216
-219
-6
-227
-213
-262
-256
-157
-138
-196
-291
-291
-100
-247
-193
-256
-153
-218
-201
-250
-113
-178
-205
-56
-281
-288
-229
-303
-104
-252
-289
-590
-352
-158
-242
-191
-367
-293
-135
4
-240
-216
-231
-61
-261
-246
-232
-239
-375
-242
-19
160
-119
-90
-124
-4
-256
-247
-214
-209
-131
-169
-221
-220
-295
-220
-151
-254
-174
-158
-249
-259
-262
-260
20
50
-277
-284
-81
133
-205
-203
-106
-206
-133
-253
-109
47
-124
-21
-245
-218
-277
-276
-233
-259
-266
-371
-74
-242
-382
-183
-282
-182
-250
-211
-174
-233
-184
-327
-225
-164
-204
-224
-210
-172
-166
-278
-241
-172
-285
-147
-198
-438
-177
-36
-181
-205
-119
-189
-149
-216
-261
-235
-266
-278
-181
-309
-207
-93
-296
572
-284
-141
-291
-185
-86
-79
-513
-126
-247
-209
-300
-265
-252
-195
-244
-136
-186
-148
-80
385
-253
-344
-226
-332
-107
-270
-246
-145
-201
-290
-194
-131
-236
-356
-218
-283
-270
-267
-117
-185
-173
-246
-211
-112
-148
-128
-213
-150
-211
-138
-169
-232
-236
-190
-202
-246
-79
-227
-167
-148
-184
-355
-214
17
-176
-59
-264
-170
-182
-184
-213
-263
-156
-93
-34
-159
-55
-278
-312
-137
-141
-387
-261
-253
-159
-200
-267
-229
-111
-178
-194
-245
-228
-52
-152
-152
-235
-231
2
-172
-259
-272
-237
-44
-346
-360
-257
-187
-205
-303
-264
-493
-234
-193
-243
-226
-151
-283
-329
-663
-249
-299
-149
-236
-264
-408
-163
-234
-454
-209
-105
-204
468
-236
-231
-355
-245
-267
-245
-268
-234
-315
-172
-176
-186
-172
-211
-246
-199
353
-338
-163
-146
-162
-342
-290
-219
-299
-90
-276
-263
-147
-278
-85
-352
-307
-189
-242
-98
-213
-50
-288
-252
-213
-267
-86
-335
-174
-221
-164
-225
-176
-247
-309
-191
-242
-286
-326
-368
-181
-177
-145
-295
-198
-159
-215
-165
-268
-177
-190
-129
-107
-256
-189
-260
-208
-202
-240
-227
-229
-195
-50
-173
-220
-167
-175
-251
-194
-238
-228
-210
-216
-220
-292
-239
-149
-198
-255
-245
-741
-182
-237
-253
-290
-238
-190
-233
-104
-298
-279
-212
-220
66
-262
-222
-295
-182
-247
-494
-307
-383
-197
-147
-158
-187
-206
-165
-161
-188
-217
-203
16
-122
-200
-68
-196
-61
-324
-348
-135
-288
-251
-122
-168
-83
-248
-238
-205
-194
-235
-221
-209
-228
-306
-331
-300
-50
-284
-226
-215
-117
-137
-238
-220
-284
-108
-246
-221
-169
-144
-233
-245
-245
-294
-193
-249
-275
-284
-279
-153
-267
-37
-197
-146
-201
-121
-304
-289
-221
-222
-74
-237
-249
-240
-182
-342
-259
-320
-190
-205
-80
89
-207
-291
-197
-293
-310
-233
-266
-159
-194
177
-211
-247
-224
-271
-305
-184
-175
-249
-164
-332
-256
-182
-206
-195
124
-209
-235
-105
-574
-153
61
-82
-82
-196
-276
-183
-237
-263
-129
-211
-297
-133
-260
-188
-274
-91
-170
223
-169
-204
-260
-113
79
20
-281
-238
-288
-193
-245
-290
-183
-309
-144
-206
-289
-186
-240
-215
-153
-279
-338
138
-262
-6
174
-150
-13
-217
-244
-140
-313
-360
-262
-269
-197
45
-118
-205
-186
-245
-210
-116
-271
-283
-285
-181
-99
-256
82
-256
-192
-221
-194
-210
-130
-262
-7
-311
-321
-203
-170
-153
-157
-206
-255
-229
-214
-310
-98
-219
-226
-236
-178
-287
-402
-128
1066
-254
-285
-341
-171
-167
-282
-107
-162
-212
-308
41
-203
-264
-204
-189
-378
-111
-43
-175
-331
-178
-90
-298
-265
-195
-191
-538
-215
-208
-359
-212
-271
-251
-185
-299
-191
-210
-172
-160
-44
-255
-284
181
-233
-227
-280
-315
-167
-244
-291
43
-284
-250
-291
78
-207
-241
-338
-155
-226
-136
-322
-108
-465
-164
-186
-188
-243
-308
-195
-244
-223
-161
-208
-320
-172
-167
-250
-229
-269
794
-181
-197
510
-311
-191
-272
-146
-256
-220
-196
-235
-293
21
-170
-138
-182
-263
-117
-276
-92
-247
-78
-277
-207
-258
-106
-291
-306
-343
-228
398
-277
-12
-148
129
-136
-197
-270
-174
-147
-288
-179
40
-228
-139
-272
-146
-256
-285
-182
-294
-169
-224
-20
-201
-243
-234
-44
-181
-240
-271
-159
-245
-185
-272
-230
-114
-165
-334
-222
-221
-210
-211
-262
-184
-164
-231
-211
-262
-352
-247
-259
-213
-263
-216
-291
-222
-233
-318
-246
66
-251
-232
-215
-128
-257
-112
-371
-214
-213
-226
-230
-138
-176
-229
-64
-151
-225
-211
-113
-301
-156
-294
-180
-193
-296
-231
-234
-253
-221
-225
-219
-129
-116
-205
-244
-318
-214
-217
-295
-296
-294
-239
-237
-255
-252
-149
-160
-226
-74
-206
-233
-219
-42
-134
-186
-256
-148
-244
-272
-320
-316
-187
-285
-282
-324
-96
-177
-240
-195
-297
-237
-272
-247
-234
-319
-254
-216
-345
-178
-221
-229
-223
-209
-63
-239
-43
-272
-197
-217
-256
-152
-477
-217
-389
-279
-222
-252
-155
-226
-41
-217
-300
-316
31
-347
-84
-262
-95
-244
-251
-300
-225
-246
-346
-99
-358
-202
-212
-237
-315
-271
-161
-212
-274
-42
-85
-239
472
25
-270
-262
-286
-173
-222
-297
-302
-190
-242
-109
-144
-161
-216
-213
-213
-270
-190
-150
-37
-179
-310
-321
-103
-154
-297
-3
-153
-213
-214
-289
-201
-189
-188
-72
-294
-132
-275
-193
-228
-228
-302
-254
-177
-255
-128
-90
-176
-189
-164
-232
-249
-202
-325
-187
-186
-250
-335
-289
-128
-224
-106
-171
-215
-198
-239
-272
-173
-221
-484
-188
-222
-210
-293
-149
-160
-228
-184
-168
-176
-252
-282
-274
-238
-256
-14
-242
-297
-175
-286
-220
-142
-168
-265
-219
-270
-188
-269
-189
-192
-305
-111
-197
-277
-295
-71
-24
-341
-282
-319
2
-178
-261
-489
-249
-167
-219
-299
-236
-41
-247
-291
-292
-135
-81
-289
-109
-263
-210
-257
-128
-190
-218
-141
-247
-335
-276
-267
-235
-130
-193
1036
-219
-184
-236
-147
-342
-133
1015
-157
-201
-215
-164
-111
-197
-629
-241
-207
-127
-210
-252
273
-217
63
-295
-83
-346
-146
-166
-225
-251
-334
-468
-311
-150
-424
-37
56
-138
-274
-301
-258
-269
-244
-222
-214
-318
-145
-182
-297
-143
-25
-173
-254
-274
-81
-256
-201
-228
-258
-210
-199
-225
-471
-160
-222
-295
-121
-194
-180
-216
-106
-251
-268
-255
-326
-246
-252
1
-233
-211
36
-296
-239
-203
-172
-302
-194
-281
-48
-261
-307
-210
104
-172
-206
-239
41
-209
-260
-317
-226
-224
-115
-127
-200
-250
-276
-303
-210
-220
-206
155
-305
-330
-184
70
53
-326
-238
-211
-205
-352
-292
-279
-176
-174
-169
-271
-184
-118
-176
-313
-222
-60
-246
-194
-256
-242
-188
-202
-143
-276
-232
-300
-153
-235
-177
-151
-26
-166
-66
-269
-309
-70
-215
-36
-216
-88
-189
-217
-68
-140
-259
-166
-265
-272
-175
-243
-229
-162
-222
-285
-230
-270
-163
-168
-311
-420
-157
-251
-234
-183
-255
-254
-204
-195
-102
-280
-87
-131
-156
-90
-253
-166
-250
-397
-9
-161
-203
-235
-105
-363
-256
-289
-288
-266
-560
-211
-184
-221
-149
-224
-245
-240
-305
-227
-264
-192
-166
-190
-204
-339
-228
-351
-206
-199
-210
-147
-266
-224
-210
-119
-182
-309
-213
-215
-201
-284
-178
-213
-127
-130
-178
-241
-104
-233
-237
-241
-180
-221
-271
-182
-192
-354
-225
-222
-290
-229
-89
-249
-170
-110
-262
-312
-267
-262
-229
-200
-250
-278
-239
-198
-207
-241
-244
172
-226
-145
-339
-192
-241
-208
-238
-286
-247
-243
-232
-208
-215
-177
-112
-171
-242
-157
-22
-253
-316
-24
-130
-237
-243
-148
-222
-257
-179
-187
291
-226
-198
-181
-159
-144
-177
-254
-162
-297
-181
-215
-183
-272
-110
-233
-263
-236
-277
-116
-158
-214
-253
-150
-328
-181
-122
-220
-193
-235
-124
-227
-151
-281
-241
-304
-261
-302
-184
-137
-278
-139
-241
-173
-192
742
36
-172
-295
-171
-192
-293
-169
-296
-269
-153
-221
-156
-137
-273
-213
-49
-237
-208
-230
-242
-176
-140
-258
-497
-215
-254
-150
-223
-307
-228
-176
-208
-160
-356
-300
-206
-198
-286
-407
-274
6
-203
-160
-537
-225
-239
-26
-262
-168
-191
-209
-256
1256
-23
-194
-149
-204
-253
-214
-192
76
-221
-162
-180
-3
-83
-238
-100
-298
-244
-210
-214
-85
-185
-296
-109
-235
-216
-102
-28
-227
-70
-243
-111
-215
-164
-252
-4
-280
-138
-252
-204
-329
-198
65
618
-63
42
-228
-35
-235
-150
-244
-210
-236
-185
-230
-160
-282
-200
-227
-271
-166
-283
-245
-237
-295
-260
-320
-178
-207
-112
-230
-218
-254
-110
-236
-215
-242
-176
-170
-266
48
-179
-49
-276
-128
-271
-163
-179
-250
-144
-59
-223
-165
-152
-108
-204
-229
-305
-224
-224
-185
925
-453
66
879
-318
-186
-160
-228
-160
-263
-228
-220
-177
-205
-152
-238
-291
-365
25
-244
-135
-261
-273
-234
-221
-258
-162
-113
-339
-355
-252
-283
-268
-201
-163
-256
-256
-205
-218
-298
-171
-157
-313
-213
-288
-62
-232
-237
-253
-202
-311
-185
-170
-221
-125
-285
-102
-364
-228
-223
-315
-170
-300
-242
-177
-329
-243
-252
-283
-350
-274
-121
-284
-278
-241
-133
-149
-261
-305
-332
-243
-110
-143
-202
-222
-240
-115
-217
-75
-100
-134
-312
-193
-272
-179
-197
-265
-313
-271
-293
-242
-2
-200
143
-155
-254
-426
-209
-114
-228
-251
-75
-280
-58
-185
129
-204
-327
-228
-284
-315
-191
-315
-9
-291
-198
-176
-247
-331
-190
-211
-292
-204
-120
-265
-238
-203
-290
566
-166
-466
-227
-113
-199
-313
-194
-187
-333
-145
-349
-348
-291
-261
-117
-178
-179
-137
-386
-253
-261
-126
-286
-177
-204
-155
-205
-168
75
-205
-185
-143
-217
-201
-220
-363
-224
-191
-166
-294
-184
-199
-180
-218
-271
66
-337
2
-98
-226
547
-208
-150
-223
-13
-176
-255
-137
-126
-87
-206
-201
-211
25
-232
-240
-161
119
-203
-235
-225
-130
-284
-340
-283
-301
-147
-280
-258
-27
-165
-322
-170
53
14
-247
-251
-185
-262
229
-224
-238
-271
-154
-133
-222
-195
-65
-347
-233
-65
-240
-239
-231
-241
-251
-168
-161
-254
-239
-240
-115
-267
-225
-235
-159
-213
-269
-158
-203
-252
25
-256
-127
-139
-128
-164
-235
-169
-173
-197
-183
6
-252
-277
-198
-120
-212
-209
-222
-115
-252
-148
-193
-306
-90
-329
-225
-211
-8
-237
-263
-190
-220
-202
-281
-346
-186
-269
-217
341
-316
-184
-178
-126
-132
-283
-157
-117
-224
-157
-259
-225
-265
-217
-209
-170
-198
-114
-325
-261
-225
-58
-183
-352
-191
-273
-236
-223
-204
-260
-64
-310
-260
-269
-269
-230
-164
-308
-211
-33
-165
-185
-212
-185
-207
-288
-319
-173
-166
-223
-256
-178
-39
384
-283
-266
-284
-102
-272
-199
-222
-279
-89
-161
-294
-115
-286
-131
-136
-305
-168
-237
-250
-279
-177
-289
-136
-28
-114
-278
-224
-168
-62
-228
-333
-122
-252
-148
-410
-232
-294
-227
-153
-231
-238
-20
-194
-294
-252
-116
-205
-206
-285
-204
-295
-273
-196
-239
-260
-197
-79
-296
-197
-212
-267
-178
-182
-90
-213
-255
-26
-178
-208
-214
-166
-180
-191
-617
-231
-176
-190
-193
-231
-199
-192
-335
-279
-276
-177
-202
-159
-211
-104
-213
-178
-240
-224
-253
129
-309
-189
-122
-171
-274
-230
-11
-225
-361
-133
-255
-193
-212
-97
-86
-212
-259
-13
-257
-237
-173
-186
-195
-207
-269
-206
-234
-327
-331
330
-147
8
-220
-218
-266
-255
-222
-234
-269
-519
-142
-222
-210
-173
-195
-157
-615
-423
-102
-31
-239
-310
-211
-221
-193
-213
-92
-277
-254
-86
-221
-295
-188
-210
-226
288
-277
-169
316
-32
-217
-223
-270
-241
-328
-225
-201
-241
-234
-200
-196
-196
-233
-296
-213
-244
-312
-245
-284
-281
-224
-274
-228
-228
-219
-270
-162
-213
-158
-251
-202
-319
-238
-236
-194
-175
-163
-284
518
-173
-122
-261
-162
-364
-198
-66
-255
352
-104
-179
-205
-184
-304
-309
26
-326
-158
-176
-230
-224
-243
-259
-309
-176
-183
-195
-228
19
-136
-274
-86
-200
-196
-237
-208
-186
-308
-198
-301
518
-221
-263
-86
-67
-195
-161
57
-153
-133
-240
-231
-188
-188
-248
-90
-232
-133
-40
-197
-40
-225
-209
-229
-377
-244
-194
-196
-89
-180
-188
-203
-196
-240
-189
-213
-139
-484
-216
-26
-191
-236
-37
-78
-288
-220
-264
-358
-196
95
-205
-306
-349
176
-240
-161
-255
-459
-253
-301
-302
-239
-214
-150
-177
-222
-333
-241
8
98
-40
-237
-342
-208
-232
-185
-212
-249
-239
-167
-115
-239
-137
-275
-251
-254
-247
561
-46
-274
-233
-252
-298
-129
-665
-227
-289
36
-307
-200
-144
-149
-277
-245
-328
-175
-165
-258
-240
-237
-346
-289
-257
-259
-235
-208
-194
-247
-205
-197
-256
75
-183
-285
-191
-154
-193
-223
-352
-238
-116
-222
-143
-263
-170
-235
-287
-296
-294
-184
-290
-276
-150
-256
-96
-252
-216
-109
-185
-329
-114
-164
-111
-264
-188
-217
-229
-210
-265
-263
-150
-263
-170
-190
141
-37
-185
-208
-338
-156
-158
-140
-202
-200
-5
-223
-250
-179
-261
-272
-212
-193
-263
-260
941
-250
-229
-180
-161
-198
-300
-315
-213
-196
-227
-254
-164
-249
-14
-224
-225
-340
-227
-308
-499
-183
-259
-225
-220
222
-175
-405
-218
-276
-286
-61
-240
-175
-171
-185
-205
-244
-173
-214
-251
-254
-263
-187
-201
-210
-265
-261
-124
810
-181
-209
-240
210
-227
-71
-68
-271
-197
-49
-215
-222
-197
-235
-220
-28
-189
-265
-272
-257
-190
-269
-220
-304
-252
-251
-203
-206
-179
-86
-271
-277
-210
-214
-97
-173
-94
-316
-313
-200
-226
-287
-263
-270
-251
-208
-130
-95
-407
-99
-271
-126
-192
-271
-135
-126
-254
-115
-173
-263
-274
-102
-215
-296
-147
-257
-254
-212
-148
-201
-199
356
-254
-294
-154
-144
-199
-203
-540
-238
-288
-181
-234
-282
-211
-253
-262
-223
186
-172
-269
-120
-271
-151
-327
-263
-190
-326
-146
-192
-131
-139
-355
-210
-170
-322
-240
-265
-224
-238
-343
-141
-212
-329
-129
-358
-340
-299
-166
-241
-250
-218
-212
