3488
3395
3247
3148
3652
3397
3460
3513
3406
3404
3126
3105
3205
3279
3338
3420
3348
3145
3678
3306
3484
3203
3315
3451
3147
3413
3173
3461
3258
3235
3578
3147
3398
3468
3440
3314
3472
3309
3583
3291
3348
3526
3523
3501
3231
3135
3384
3400
3444
3454
3457
3388
3460
3187
3281
3292
3233
3208
3237
3177
3376
3208
3038
3322
3337
3341
3353
3424
3411
3408
3395
3495
3313
3214
3453
3154
3285
3229
3164
3209
3276
3496
3555
3260
3046
3214
3361
3280
3357
3486
3295
3254
3183
3227
3389
3227
3246
3191
3318
3605
3566
3563
3425
3345
3190
3033
3231
3526
3301
3304
3334
3238
3204
3318
3253
3151
3269
3342
3343
3282
3261
3015
3243
6458
3049
3328
3346
3177
3377
3183
3357
3158
3115
3254
3191
3453
3308
3245
3325
2961
3453
3498
3419
3796
3259
3088
3364
3358
3356
3300
3232
3355
3163
3417
3338
3226
3245
3231
3400
3164
3375
3469
3223
3553
3412
3463
3453
3352
3277
3397
3206
3372
3201
3277
3538
3173
3096
3240
3133
3275
4700
3535
3282
3454
3582
3356
3691
3320
3424
3278
3402
3443
3541
3270
3486
3495
3424
3190
3382
3130
3359
3292
3062
3092
3171
3618
3213
3143
3356
3154
3128
3362
3255
3473
3266
3111
3198
3588
3270
3239
3359
3424
3438
3109
3261
4958
3347
3257
3409
3615
3373
3426
3415
3340
3399
3282
3346
3274
3335
3237
3086
3416
3376
3301
3204
3052
3277
3361
3205
3105
3428
3644
3240
3278
3477
3255
3070
3388
3146
3260
3557
3252
3382
3230
3284
3352
3342
3238
3259
3480
3294
3315
3262
3170
3376
3437
3007
3216
3150
3378
3183
3545
3443
3091
3418
3111
3538
3603
3213
3337
3226
3417
3445
3462
3423
3144
3138
3269
3398
3303
3574
3422
3401
3261
3718
3354
3231
3453
2476
3226
3308
3192
3402
3198
3416
3082
3412
3218
3302
2983
3242
3470
3210
3518
3302
3314
3094
3428
3233
3274
3143
3011
3206
3622
3494
3254
3309
3434
3503
3234
3182
3857
3152
3244
3108
3125
3517
3537
3288
3768
3291
3413
3573
3024
3340
3403
3305
3189
3247
3244
3349
3255
3229
3193
3305
3579
3197
3272
3475
3079
3427
3205
3555
3342
3806
3519
3400
3335
3279
3560
3407
10328
3356
3539
3494
3369
3350
3426
3327
3335
3270
3239
3300
3239
3356
3368
3319
3272
3509
3349
3221
3159
3235
3227
3086
3166
3277
3294
3415
3431
3277
3324
3456
3315
3233
3198
3206
3301
3281
3284
3328
3020
3416
3386
3242
3240
3160
3176
3256
3273
3373
3396
3247
3149
3325
3630
3266
3185
3275
3392
3360
3422
3306
3031
3280
3739
3685
3351
3337
3224
3304
3427
3690
3267
3598
3398
3116
3322
3484
3441
3341
3206
3277
3483
3586
3177
3331
3551
3078
3164
3713
3078
3460
3406
3128
3287
3157
3660
3350
3329
3386
3235
3057
3332
3356
3287
3319
3607
3131
3251
3414
3370
3311
3709
3352
3210
3213
3090
3693
3329
3475
3425
3240
3333
3167
3488
3236
3296
3405
3394
3231
3133
3266
3337
3256
3473
3390
2994
3487
3226
3484
3158
3473
3247
3226
3326
4214
3216
3478
3067
3255
3180
3386
3275
3508
3293
3281
3277
3103
3776
3284
3213
3419
3390
3448
3432
3274
3142
3349
3276
3402
3245
3407
3445
3417
3338
3288
3343
3457
3244
3391
3165
3217
3570
3310
3445
3168
3517
3179
3484
3162
3307
3346
3054
3328
3221
3261
3178
3658
3405
3253
3450
3448
3205
3379
3391
3735
3496
3362
3473
3472
3298
3562
3226
3123
3315
3286
3298
3377
3374
3114
3533
3456
3376
3478
3221
3636
3182
3402
3238
3232
3230
3380
3096
3049
3233
3241
3561
3282
3435
3365
3336
3429
3244
3373
3318
3395
3307
3144
3488
3348
3106
3361
3444
3225
3246
3482
3395
3108
3372
3318
3333
3238
3239
3398
3583
3271
3500
3197
3401
3602
3296
3337
3234
3098
3223
3358
3341
3309
3304
3463
3505
3526
3606
3298
3221
3482
3417
3330
3237
3352
3360
3341
3301
3404
3422
3306
3272
3367
3613
3425
3619
3291
3373
3400
3411
3215
3357
3600
3359
3215
3232
3192
3491
3333
3318
3376
3156
3178
3199
3740
3359
3116
3180
3429
3231
3337
3299
3449
3398
3114
3236
3432
3258
3082
3529
3452
3213
3356
3289
5097
3350
3495
3250
3397
3500
3223
3377
3303
3366
3247
3304
3369
3895
3340
3202
3498
3309
3442
3155
3251
3387
3473
3377
3217
3376
3269
3381
3391
3391
3545
3383
3243
3341
3339
3273
3597
3410
3398
3164
3341
3176
3250
3365
3316
3129
3249
3517
