-313
-221
-171
-196
-177
-301
-225
-272
-289
-202
-247
-191
-298
-226
164
-209
-177
-247
-142
-190
-247
-82
-187
-284
-223
-238
-297
-81
-191
-93
-97
-297
-75
-155
98
-104
-155
-213
-172
-292
-197
-60
-182
-263
-154
-192
-170
-220
-208
-236
-258
-189
-86
-214
-225
-223
-188
-150
-218
-244
-203
-188
-194
-259
-215
-249
-258
-226
-219
-230
-160
-195
-160
-231
-124
-311
-232
-221
-205
-155
-268
-190
-189
-166
-264
-230
-193
-155
-189
-284
-131
8
-218
-186
-210
-132
-199
-169
-214
-187
-221
-248
-166
-64
-78
-190
-197
-204
-160
-261
-59
-230
-340
-206
-183
-260
-159
-282
-199
-208
-193
-161
-137
-309
-215
-195
-290
-200
-208
-120
-227
-233
-161
-329
-260
-187
-243
-230
-196
-236
-165
-289
-272
-298
-170
-325
-161
-232
-38
-341
-182
-197
-278
-294
-295
-136
-245
-116
-207
-539
-321
-215
-199
-113
-114
-116
-115
-158
-208
-88
-204
-314
-218
-183
-168
-227
-193
-127
-188
-246
-174
-190
-191
-170
-206
-204
-261
-247
-463
-173
-326
-80
-247
-251
-226
-127
-280
-213
-195
-155
-198
-293
-185
-130
-381
-246
-203
-249
-221
-176
-261
-236
29
-148
-238
-239
-191
-217
-261
-268
-121
-250
-171
-163
-185
-328
-230
-192
14
-218
-190
-209
-121
-241
-230
-208
-218
-210
-243
-231
-240
-290
-201
-271
-217
-206
-181
-130
-215
-239
-164
-237
-252
-194
-222
-212
-206
-280
-275
-134
-155
-276
-273
-359
-233
-248
-172
-189
-223
-241
-159
-201
-113
-229
-248
-249
-245
-271
-574
-325
-255
-234
-306
-320
-82
-217
-254
-191
-191
-108
-221
-260
-117
-207
-102
-208
-272
-179
-216
-209
-214
-29
-119
-199
-276
-247
-248
-236
-144
-292
-262
-241
140
-259
-210
-194
105
-287
-254
-197
-59
-295
-197
-169
-262
-257
-312
-174
-299
-464
-9
-194
-368
-137
-219
-260
-194
-110
-159
-181
22
-345
-224
-176
-130
-191
-153
-268
-28
-274
-251
-255
-158
-238
-190
382
-212
-98
-172
-235
-255
-179
-348
-316
-223
-220
-273
-111
-112
-74
-274
-233
-191
-103
-232
-162
-297
-172
-280
-248
-188
-172
-162
-170
-159
-363
-119
-249
-309
-159
-186
-9
-220
-11
-294
-224
102
-191
-258
-114
-166
-213
-242
58
-200
-136
-221
-313
-203
-188
-199
-155
-236
-259
-136
-208
-78
-260
-198
-255
-269
-164
-282
-360
-237
-47
-221
-199
-248
-243
-121
-187
-1
-401
-220
-231
-11
-244
-111
-173
-209
-204
-374
-174
-240
-154
-217
-195
-29
-328
-207
-268
-169
-229
-236
-472
-237
-46
-54
-370
-243
-271
-155
-179
-248
-222
-130
-182
-112
-249
-250
-133
-292
-229
-141
-208
-178
-218
-205
-240
-201
-253
-193
-154
-160
-111
-174
-264
-146
318
-219
-223
-232
-209
-173
-150
-295
-224
-219
-234
-129
-142
-278
-224
-181
-265
-209
-254
-261
-212
-66
-252
-308
-283
-207
-166
-215
-177
-298
-115
-10
11
-198
-130
-201
-181
-259
-175
-111
-207
-249
-288
-181
-120
-249
-237
-205
-200
98
-148
-271
-195
-254
-216
-157
-180
-208
27
-201
35
-178
-289
-251
-270
705
-165
-296
-97
-208
-403
-239
-295
-330
-285
-159
-87
-224
-390
-80
-212
-219
14
-240
-192
-354
-242
-253
-161
-185
-203
-227
-161
-248
-282
-286
-300
-204
-165
-238
-161
-332
-292
-223
-169
-217
-205
-166
-134
314
-273
18
47
-251
-252
-183
-278
-340
-179
-238
-129
1271
-175
-192
-179
-226
-158
-202
-169
-254
-91
-163
132
-199
-202
-161
-80
-117
61
-183
-277
-159
34
-157
-242
-132
-80
-88
-169
-241
-147
-210
-168
-361
-246
-163
-231
-86
-86
-227
-216
-137
-171
-283
-412
564
-85
-341
-221
-173
-168
-166
-186
111
-285
-58
-170
65
-199
-293
-125
17
-271
-260
-114
-227
-339
-197
-236
-186
-401
-285
-220
-220
-199
19
64
-184
-229
-197
-37
-288
-303
-175
-238
-298
-204
-90
-291
-222
-100
-343
-165
-252
-169
-221
-286
-161
94
-197
-197
-276
-187
-151
-108
-251
-9
-252
-142
-145
-269
-217
-223
-260
-267
-236
-92
-160
-207
1146
-176
-225
-228
-286
-225
-238
-222
-213
-372
-200
-208
-191
-170
137
-243
-236
-185
14
-201
-223
-208
151
998
-163
-196
-164
-210
-243
-181
-265
-236
-245
-238
104
-265
-1
-296
-148
-90
-142
-157
-253
-98
-180
-283
-207
-219
-211
-164
-175
-260
-199
-190
-278
-225
-165
-184
-154
-261
-222
-248
-203
-250
-246
-246
-246
-220
-259
-206
-232
-506
-236
-277
-270
-261
-1
-182
-112
-265
-230
-226
-238
-302
-131
-121
-224
-169
-174
-265
-76
-215
-250
-229
-302
-388
-116
-108
-223
-176
-173
-157
-382
-208
-290
63
-177
-253
-20
-251
-205
58
-280
-179
-167
-220
-231
-260
-160
17
-250
-160
-270
-88
-155
-170
-245
-268
-138
-262
-172
-223
-253
-254
-105
-202
-214
-585
-203
-157
-36
-171
-250
-260
-240
-272
-189
-181
-227
-259
-259
-270
-128
-254
-272
-206
-243
-193
-337
-234
224
-170
-199
-94
-305
-245
-67
-222
-220
-44
-270
-205
-225
-265
-286
-161
-156
-220
-216
-136
-127
-266
-254
-318
-201
-146
-216
-193
-238
-193
-284
-252
-181
-223
-174
-152
-1
-157
-152
-233
-96
-211
-267
-162
-332
-222
-316
-182
-353
-260
-211
-226
-274
-242
-212
-249
-271
-226
-228
-268
-132
-265
-171
-274
-219
-194
-225
-253
-78
-249
-237
-246
-226
-226
-206
-117
-201
1195
-263
-193
-297
-253
-274
-72
-313
-105
-143
-314
-180
-123
-215
-286
-208
-108
-72
-23
-224
-233
-176
-318
-297
-324
-266
-169
-106
-319
-242
-150
-197
-262
-222
-200
-77
-257
-240
-324
683
207
26
-222
47
-229
-137
-230
-237
-153
-220
-33
-252
174
-195
-193
-178
-255
-313
-284
-242
-284
-289
-144
-10
-233
34
-215
-188
-161
-175
-219
-252
-223
-132
-320
-363
-212
-275
-173
-378
-147
-256
-276
-300
-171
-240
-201
-111
-257
-200
-108
-261
-264
-162
-167
-225
-441
-49
-246
-233
-184
-218
-256
-220
-174
-298
-208
-36
-235
-206
-232
-317
-94
-251
-144
-260
-186
-111
-334
-314
-252
-170
-257
-216
-204
-229
-203
-105
-207
-196
-216
-204
-179
-209
-52
-275
-169
-249
-58
-251
-291
-257
-198
-146
-320
314
-214
-280
-257
-194
-343
-207
-200
-191
-239
-235
-194
-266
-236
-244
-213
-314
-222
-194
-101
-288
-137
-208
-112
-270
-91
-255
-229
-300
-213
-313
-133
-66
-296
-201
-206
-159
-3
-262
-240
-104
-205
-320
-169
-219
-158
-232
-138
-188
-97
-229
-228
-184
-240
-272
-154
-178
-310
-134
-179
-180
-219
-219
-251
-133
-121
-243
-58
-125
-202
-153
-133
-226
-197
-316
-238
-284
-227
-243
-150
-130
-163
122
-248
-253
-196
-235
-51
-126
18
-299
-275
-190
-249
-282
-179
-204
-176
-179
-163
-94
-153
-229
83
-67
-179
-194
-195
-77
-49
-178
-214
-211
-139
-201
-20
-177
-225
-223
-39
-152
-266
-209
-176
-134
-109
-238
-271
-204
-211
-310
-128
-222
-141
-188
-281
-218
-244
-189
-250
-194
-207
-101
-128
-217
-166
-118
-261
-252
-99
-264
-206
-222
-194
-233
-234
-228
-280
-238
-213
-250
-233
-169
16
-185
-416
-133
-250
-159
-250
-255
-167
-158
-98
-224
-193
-128
-244
-157
-161
-221
-158
-245
-215
-283
-229
-175
-244
-223
-183
-246
41
-224
-151
-220
-226
-422
-188
-144
-195
-83
-248
-302
0
-259
-299
-256
-141
-177
-220
-202
-216
-214
-196
-286
-322
-289
-149
-215
-177
-343
-156
-202
-297
-180
-179
-245
-250
-27
-187
-219
-207
-134
-154
-7
-184
-14
-130
-259
-226
-249
-208
-218
-203
-203
-242
-256
-237
-222
-128
-325
-275
-185
-237
-194
-266
-141
-48
-103
-172
-246
-152
-249
-192
-246
-177
-236
-260
-357
-189
-211
-226
-153
-319
-208
-235
-225
-277
-107
-278
126
-203
-191
-265
-102
-241
-270
-150
-235
-253
-248
-259
-224
-214
-244
-195
-187
-119
-241
-247
-273
-138
-289
-126
-170
-207
-63
-250
-97
-236
-213
-202
-150
-249
-142
-201
-84
-251
-182
-271
-192
-264
-4
-231
-302
-163
-180
-127
-301
-122
-249
-285
-101
-118
-139
-157
-208
-475
-266
-297
-41
-245
-208
-185
-207
-204
-167
-134
-226
-251
-54
-141
-199
-156
-285
-261
-201
-156
-264
-233
-224
-225
-229
-48
-161
-229
-134
-116
-214
-210
-161
-133
-77
-219
-235
-177
-235
-208
-181
-203
-145
-412
-271
-233
-170
-172
-60
-319
-211
-221
-193
-257
-242
-245
-237
-257
-102
-233
-218
-4
-222
-199
-154
-237
283
-240
-33
-221
-130
-137
-310
-142
-142
-27
-306
-252
-212
-234
-265
-204
-115
-132
-166
-239
-253
-219
-185
-225
-169
-199
-166
-225
-201
-228
-211
-255
-223
-250
-350
-149
-295
326
-327
-401
-140
-216
-135
-226
-69
-289
-189
-224
-218
13
-304
-241
-245
-160
-193
275
-3
-104
391
-253
-197
-276
-159
-249
-4
-226
-229
-322
-205
-52
-240
-209
-54
-301
-285
-322
-138
-198
-217
-190
-244
-182
-258
-154
-310
-270
-213
34
-243
-256
-124
-201
-263
-308
-489
-188
-274
-139
-190
-235
-30
-230
15
-303
-215
-104
-126
-303
-172
-235
-229
-178
-177
-125
-280
-320
-198
-225
-38
-198
-210
-245
-211
-266
-202
-267
-241
-116
-181
-209
-216
-216
148
-222
-244
-294
-189
-231
-198
-238
-210
-195
-109
1140
-278
-229
-225
-227
-226
-196
-127
-214
-216
-119
-192
-186
-166
-133
-303
-196
-280
-162
-251
-262
-285
-134
-164
-259
-185
-276
-204
1364
-159
-177
521
-217
-129
-196
-187
-280
-175
-194
-166
-71
-272
-73
-20
-211
15
-230
-209
-228
-195
-233
4
-167
-162
-220
-215
-209
-206
-179
-252
-186
-195
-283
-198
-142
-261
-152
-183
-263
-194
-276
111
-231
-258
-290
-197
-139
-241
-294
-251
-218
-193
-216
-227
-202
-237
-304
-222
10
208
-273
-214
-178
-235
-252
-209
-219
-310
-246
-206
-257
-222
-349
-263
-286
-269
-273
-216
-181
-139
-3
-280
-235
-259
-248
-256
-240
-70
-202
-195
-240
-216
-205
-226
-236
-238
-228
-175
-88
-238
-185
-204
-210
-261
-196
-180
-193
-250
-298
-171
-120
-89
-224
-79
-202
-179
-132
-188
-215
-214
-244
1092
-246
-96
-198
-136
-215
-48
-213
-231
-265
-194
-244
-151
-192
-175
-169
-251
-121
-162
-261
-221
-188
-218
-103
-274
-300
-254
-221
-126
-198
-186
-327
-213
-24
-225
-313
-200
-206
-148
59
-237
264
-231
-176
-141
-283
-208
-255
11
-10
-226
-199
-194
-223
-458
-200
60
-119
-191
-191
184
-31
-304
-166
-155
-237
-192
-168
-166
-191
-52
-228
-267
-160
-294
-263
-124
-171
-121
-219
-189
-130
-154
-152
-220
-159
-384
-328
-177
-225
-69
-213
-200
-168
-209
-214
-237
65
-186
-181
-223
-219
-257
-233
-287
-306
-255
677
-308
-140
-175
-230
-327
-201
-205
-271
-219
-307
-258
-238
661
-136
-133
17
-250
-173
-280
-194
-147
-258
-235
-227
58
-177
-196
-55
-248
-160
-253
-231
-232
-160
-226
-247
-253
-15
-253
-283
202
-161
70
-567
-200
-222
-232
-211
344
-183
-203
-201
-223
-178
-226
-243
-317
-158
-161
-299
-127
-263
-218
-261
-240
-218
-284
-196
-205
-264
-222
-145
-100
-168
-242
-265
-234
-159
-188
-128
-104
-165
-217
-224
-173
-163
-235
-237
-304
-332
-246
-203
-234
-134
-237
-292
-157
-278
-223
-200
-230
-200
-220
-231
-203
-150
-202
-256
-238
-251
-175
-221
-132
-110
-158
-204
-241
-229
-188
-261
-188
-123
-234
-308
-265
-204
-38
-31
-193
-246
-207
-197
-163
-192
-115
-254
-236
-278
-269
-164
-254
-311
-236
-156
-145
-403
-114
-188
-257
-643
-238
-121
-369
-198
-218
-260
-117
-252
-248
-250
-168
-261
-281
-200
-76
342
-158
-144
-323
-157
-187
-165
-129
-121
-226
-206
26
-223
-226
-145
-266
-207
-244
-217
-183
-188
-159
-107
-239
-167
-335
-229
-132
-190
-218
-236
-203
-257
-184
-237
-225
-299
-270
-212
-251
-192
-253
-280
-261
-132
-257
-181
-163
83
-234
-141
-293
-99
-176
-103
-226
-219
-293
-199
-187
-202
-224
-214
-167
-153
-254
-193
-285
-223
-182
-167
-205
-154
-246
-84
-315
-234
-223
-157
-307
-403
-280
-170
-297
-101
-271
-128
-219
-208
-116
-244
-227
-209
-201
-195
-118
-21
-224
-219
-266
-232
-220
-146
-136
-243
-234
-226
-257
-192
-208
-107
-203
-103
141
-268
73
-176
-62
-223
-296
-54
-309
-318
-242
-113
-177
-109
-297
-318
-250
-184
-230
-165
-189
-223
-367
-226
-215
-195
-251
-130
-190
-208
-213
-51
-234
-163
-289
-264
-541
-114
-266
-174
-235
-190
-170
-284
-141
-243
-253
-208
-193
-44
-166
-153
-177
-192
-152
-265
-152
-159
-40
-147
-153
-219
-124
-258
-255
-218
-226
-167
-219
-224
-202
-131
-171
-223
-229
-102
-189
-213
-166
-252
-149
-182
-179
-224
-196
-120
-248
-364
-225
-180
-133
-294
-225
-229
-233
-460
-136
-257
-249
-173
-170
-344
-230
-196
-230
-244
-263
-178
-166
-173
33
-190
-222
-213
-58
-206
-156
-108
-204
-233
-295
-152
-174
-103
-247
-238
-253
-226
-202
-185
-121
-273
-255
-260
-242
-224
-298
-172
-223
-250
-124
-308
-222
-79
-239
-51
-201
-330
-225
-192
-80
-156
-123
-166
-228
-74
-226
-167
7
-96
-278
-185
-163
-146
-187
-171
-200
-277
-245
-136
-252
-230
-131
-153
-237
-198
-181
-206
-211
-79
202
-38
-198
434
-196
-300
4
-185
-178
-261
-217
-167
-250
-244
-185
-246
-235
-97
-339
-230
-162
-111
-182
-181
-229
-213
-187
-287
-173
-289
-454
-232
-71
-255
-234
-258
-231
-278
-151
-208
100
-292
-215
-153
-151
-246
-244
-275
-533
17
-262
-254
-250
272
-205
-231
-216
-142
-259
-191
-196
-39
-140
-204
-270
-189
-254
136
-259
-190
-58
-185
-285
-159
-75
-308
-278
-263
-120
-67
-198
-235
-259
71
-225
-137
-216
-158
-151
491
-254
-247
-249
-194
-234
-459
-213
-202
-206
-194
-255
-223
-56
-367
-305
-180
-206
-63
-162
-312
-228
-102
-238
-219
-183
-270
-251
-290
-167
-176
-190
-251
-257
-198
-271
-198
177
-220
-170
-257
-135
-228
-381
-203
-166
-176
-257
-209
-95
-276
-96
-208
-376
-189
-193
-418
171
-152
-256
-296
-254
-196
-159
-238
-258
-212
65
-233
-292
-236
-355
-217
-177
-217
-208
-238
-295
-134
-233
-164
-211
-143
-207
-292
-213
-77
-277
-1
-145
-190
-134
-208
-310
-309
-151
-184
-264
-212
-200
-197
-162
-282
-245
-245
-186
13
-203
-248
-211
-231
-321
-227
-296
-234
-195
-196
-216
-271
-343
-190
-246
-270
-205
-216
-312
-202
-182
-68
-165
-157
-219
-260
-44
-64
-315
-172
-246
-301
-227
-173
-151
-198
-209
-268
-229
-223
-188
-183
-212
-124
-224
-288
-151
-259
-178
-171
-424
-209
-245
-205
-192
-288
-179
-295
-232
-301
-234
-204
-196
-193
-182
-192
-215
-154
-130
-234
-207
-134
-100
-156
-151
-150
-172
-237
-233
-269
-122
-270
-303
-243
-286
-246
42
-180
-136
-275
-162
-12
-105
-228
-191
-222
-170
-256
-252
-268
-190
-120
-223
-218
-144
-151
-138
-238
-186
-335
-207
153
-229
-125
-235
-78
-212
-241
-244
-232
-257
-173
-131
-250
-207
-164
-305
-73
-201
-242
-239
-245
55
-286
-294
-238
-152
-201
-281
-215
-48
-175
-197
-190
-244
-248
-294
-342
-197
-108
-173
81
-94
-192
-85
-252
-191
-250
-290
-163
-285
-253
-148
-277
-150
-316
-239
-272
-303
-172
-251
-117
-261
-225
-181
-149
-193
-240
-176
-227
-276
-234
-190
-227
-246
-202
495
-49
-218
-242
-167
-243
-196
-210
-116
-249
-201
-165
-170
-200
-258
-147
-88
-240
-176
-167
-318
-184
-465
94
-286
-140
-129
-216
1152
-11
-163
-184
-269
-110
-191
-165
253
-161
-96
-159
-265
-301
-228
-173
-197
-295
-209
-316
-228
-195
-246
-250
-198
127
-191
-184
-70
-235
-211
-246
-300
-211
-159
-290
-269
-292
-221
-120
-184
-235
-228
-160
-288
-209
-227
-279
-210
-194
-322
-216
-220
-169
-203
-175
-239
-71
-323
-131
-222
-195
-337
-219
-131
-82
-259
-285
-187
-329
-230
-221
175
-157
-115
-38
-156
-230
-131
-332
-139
-185
-229
-289
-257
-259
-258
-265
-157
-238
-245
-188
-212
-199
-259
-312
-219
-139
-129
-248
-163
-139
-226
-160
-128
-255
-225
-195
40
-126
-255
-195
-94
-182
-203
-176
-436
-272
-43
-78
-85
-125
-214
-324
-231
-263
-178
-189
-247
-164
-184
-174
-310
-3
-254
-222
-266
-129
-182
-270
-199
-244
-173
-77
-206
-216
-261
-231
-505
-54
-206
-172
-148
-201
-272
-235
-193
-156
-114
-264
-145
-247
-171
-118
-204
-207
-222
-223
-194
-151
-132
-169
-150
-261
-264
-198
74
-190
-161
-318
-235
-246
-488
-225
-247
-204
-202
-188
-80
-265
-172
-117
-260
-207
-312
387
-32
-345
-299
-178
-141
-181
-247
-199
-295
-120
-163
-250
-278
-269
-299
-155
-255
-247
-168
-204
-330
-143
-239
-293
-136
-194
-98
-190
-230
-219
-121
-138
-113
-215
-132
-257
-226
-199
-187
-13
-242
-230
-109
-280
-253
-146
-164
-206
-199
-202
142
-259
-345
-161
-216
-214
-284
-214
-209
-238
-46
865
-245
-26
-214
-189
-286
663
-157
-225
-228
-210
-193
-176
-261
-154
-256
-202
-266
-104
-166
-148
-247
-227
-181
-285
-229
-214
-111
-203
-180
-256
