3385
3523
3240
3316
3388
3387
3319
3265
3419
3330
3322
3263
3259
3316
3438
3253
3295
3353
3527
3444
3414
3331
3463
3379
3342
3331
3362
3436
3342
3493
3349
3386
3501
3358
3513
3450
3245
3388
3456
3356
3425
3411
3412
3249
3261
3349
2030
3370
3568
3562
3263
3502
3435
3235
3251
3384
3502
3347
3400
3349
3343
3243
3380
3289
3399
3324
3386
3452
3323
3362
3456
3363
3397
3331
3391
3239
3330
3297
3341
3350
3374
3431
3371
3310
3305
3420
3277
3522
3475
3232
3207
3356
3260
3230
3368
3326
3360
3298
3379
3432
3423
3543
3404
3334
3358
3269
3417
3343
3397
3293
3309
3374
3489
3388
3342
3478
3345
3477
3347
3467
3298
3328
3450
1622
3379
3321
3301
3251
3350
3403
3427
3429
3338
3352
3287
3345
3334
3425
3387
3352
3432
3523
3207
2977
3405
3356
3400
3154
3375
3390
3305
3239
3274
3374
3415
3277
3336
3370
3437
3422
3441
3444
3440
3493
3193
3425
3424
3278
3209
3380
3344
3396
3428
3411
3337
3406
3336
3373
3310
3259
597
3386
3405
3442
3394
3479
3335
3312
3286
3416
3347
3427
3404
3366
3334
3425
3453
3375
3366
3312
3360
3375
3328
3227
3299
1664
3479
3333
3411
3328
3317
3375
3404
3219
3372
3284
3362
3406
3256
3388
3413
3344
3492
3266
3438
2382
3399
3299
3357
2706
3245
3423
3286
3426
3396
3380
3426
3487
3300
3188
3299
3393
3401
3088
3322
3322
3412
3372
3246
3394
3338
3607
3424
3429
3467
3389
3349
3267
3334
3315
3442
3387
3465
3316
3351
3254
3154
3380
3374
3437
3370
3353
3379
3331
3378
3378
3338
3443
3365
3334
3349
3272
3447
3281
3241
3260
3394
3422
3387
3349
3419
3318
3425
3343
3302
3320
3460
3359
3380
3470
3406
3351
3376
3461
3663
3375
3318
3351
6846
3393
3229
3267
3263
3362
3512
3377
3583
3402
3396
3337
3418
3361
3319
3321
3385
3433
3374
2843
3380
3378
3400
3138
3459
3470
3143
3345
3247
3366
3369
3319
3355
3634
3351
3414
3366
3299
3354
3297
3495
3271
3362
3360
3207
3334
3397
3352
3312
3281
3429
3298
3187
3270
3333
3371
3322
3365
3229
3381
3387
3346
3222
3271
3476
3417
3015
3452
3417
3345
3243
3479
3424
750
3292
3320
3179
3435
3422
3446
3471
3290
3415
3443
3439
3323
3438
3546
3342
3328
3505
3406
3347
3335
3355
3413
3404
3281
3389
3405
3317
3444
3377
3259
3380
3544
3298
3335
3277
3330
3344
3363
3419
3373
3269
3393
3447
3359
3375
3438
3430
3355
3313
3218
3410
3284
3417
3560
3365
3429
3456
3388
3360
3425
3378
3277
3383
3016
3427
3378
3308
3235
3390
3344
3373
3375
3531
3432
3405
3438
3227
3283
3369
3416
3360
3379
3154
3368
3306
3224
3326
3344
2794
3322
3474
3448
3329
3305
3435
3482
3328
3362
3401
3323
3329
3322
3389
3347
3366
3289
3379
3381
3392
3398
3397
3375
3426
3396
3310
3352
3472
3422
3287
3371
3228
3293
3367
3454
3340
3313
3457
3398
3370
3405
3398
3369
3222
3303
3428
3308
3408
3361
3372
3358
3361
3365
3367
3376
2395
3446
3341
3346
3367
3423
3460
3425
3358
3114
3533
3426
3343
3590
3382
3361
3493
3456
3361
3326
3389
3439
3311
3351
3476
3328
3335
3365
3373
3364
3513
3251
3476
3316
3473
3378
3476
3376
3368
3353
3226
3384
3482
3382
3389
3394
3311
3300
3374
3323
3477
3296
3369
3379
3382
3357
3380
3356
3462
3355
3339
3517
3411
3512
3483
3455
3528
3409
3336
3310
3393
3394
3344
3510
3394
3480
3378
3318
3456
3334
3426
3332
3245
3489
3372
3338
3387
3352
3266
3334
3324
3395
3490
3290
2997
3324
3513
3511
3437
3397
3383
3283
3347
3418
3319
3360
3321
3273
3391
3308
3404
3421
3351
3307
3413
3206
3345
3213
3469
3328
3271
3127
3263
3341
3410
3384
3277
3336
3314
3325
3317
3226
3349
3374
3434
3457
3448
3464
3322
3324
3441
3371
3324
3315
3178
3397
3357
3346
3356
3347
3321
3447
3424
3422
3441
3396
3374
3333
3427
3296
3360
3377
3388
3416
3425
3404
3374
3409
3446
3391
3310
3371
3349
3323
3354
3330
3199
3388
3304
3392
3234
3086
3449
3393
3328
3394
3379
3282
3278
3358
3270
3392
3441
3359
747
3417
3396
3376
3447
3414
3341
3361
3281
3353
3400
3504
3369
3604
3354
3318
3392
3391
3500
3347
3360
3431
3398
3377
3336
3322
3397
3407
3425
3363
3374
3500
3242
3363
3428
3270
2770
3365
3373
3339
3499
3430
3405
3304
3301
3375
3377
3411
