3665
3578
3495
3554
3889
3807
3671
3657
3631
3557
3377
3525
3531
3700
3591
3543
3296
3626
3701
3981
3616
3634
3704
3606
3508
3740
3513
3637
3419
3573
3670
3492
3740
3677
3624
3624
3623
3616
3647
3788
3649
3690
3550
3577
3549
3607
4083
3564
3760
3552
3798
3642
3976
3398
3620
3396
3550
3639
3528
3549
3619
3420
3345
3829
3631
3617
3591
3635
3608
3656
3596
3712
3725
3460
3728
3417
3590
3271
3468
3466
3561
3645
3692
3600
3331
3396
3559
3637
3578
3619
3537
3546
4413
3522
3509
3483
3321
3557
3560
3630
3695
3665
3643
3446
3424
2973
3595
3548
3635
3463
3597
3632
3812
3654
3627
3573
3571
3599
3647
3502
3706
3672
3521
3521
3275
3396
3501
3233
3581
3537
3676
3553
2994
3605
3524
3633
3671
3407
3611
3446
3644
3628
3661
3726
3460
4469
3566
3487
3546
3582
3533
3499
3362
3648
3597
3565
3713
3637
3707
3088
3548
3623
3547
3666
3543
3659
3660
3550
3579
3587
3626
3588
3584
3780
3744
4315
3486
3520
3470
3533
3547
3608
3568
3767
3715
3568
3846
3720
3637
3576
3730
4001
3988
3615
3551
3623
3691
3580
3554
3511
3606
3766
3221
3664
3648
3659
3687
3488
3633
3557
3470
3587
3589
3499
3536
3026
2865
3721
3427
3552
3601
3706
3663
3485
3567
3086
3475
3224
3623
3608
3581
3700
3604
3636
3589
3510
3580
3428
3634
3433
3681
3651
3525
3459
3442
2905
3566
3468
3405
3413
3505
4078
3503
3566
3595
3543
3553
3557
3466
3503
3699
3611
3702
3619
3674
3600
3494
3592
3576
3653
3548
3549
3497
3591
3695
3568
3397
3547
3513
3579
3465
3696
3625
3035
3646
3470
3564
3731
3690
3623
3482
3075
3643
3555
3686
3326
3184
3917
3601
3710
3794
3658
3578
3578
4069
3721
3408
3646
12451
3678
3454
2686
3467
3586
3627
3577
3634
3652
3576
3332
3633
3511
3487
3539
3607
3579
3567
3535
3627
3526
3466
3120
3598
3728
3759
3479
3592
3661
3611
3672
3417
3769
3433
3583
3568
3066
3613
3615
3509
3679
3675
3762
3649
2892
3705
3591
3591
3432
3529
3533
3721
3526
3519
3519
3626
3667
3463
3626
3609
3577
3647
3584
3692
3484
3662
3608
3599
3555
3600
3697
3570
4254
3579
3802
3553
3544
3747
3696
3616
3808
3355
3498
3654
3450
3700
3617
3605
3483
3499
3679
3504
3404
3465
3616
3398
3551
3661
3543
3607
3621
3534
3494
3576
3556
3586
3511
3513
3612
3619
2958
3534
3426
3685
3444
3537
3560
3552
3640
3606
3389
3557
3482
3606
3547
3671
3700
3568
3511
3641
3725
3660
3655
3471
3063
3675
3532
3874
3550
3580
3429
3615
3652
3894
3622
3700
3595
3542
3617
3376
3678
3621
2886
3662
3723
3593
3717
3541
3379
3445
3434
3876
3430
3685
3596
3423
3522
3587
3578
3595
3549
3600
3734
3111
3552
3515
3658
3440
3676
3548
3606
3668
3571
3774
3625
3728
3611
3367
3615
3572
3387
3445
3650
3442
3643
3449
3719
3630
3582
3619
3669
3353
3384
3707
3573
3624
3623
3640
3066
3724
3518
3642
3521
3718
3539
3696
3550
3524
3580
3577
2682
3498
3598
3605
3503
3711
3569
3704
3551
3449
3833
3474
3184
3634
3568
3593
3574
3625
3606
3603
3558
3639
3559
3604
3722
3678
3486
3512
3591
3655
3677
3537
3585
3629
3677
3535
3562
3531
3647
3458
3594
3610
3614
3566
3375
3695
3595
3587
3001
3637
3615
3501
3558
3671
3563
3555
3546
3961
3731
3597
3546
3652
3465
3643
3605
3574
3531
3656
3582
3589
3606
3591
3683
3670
3531
3596
3656
3737
3606
3632
3603
3621
3509
3597
3515
2708
3544
3473
3629
3654
3621
3521
3534
3580
3590
3658
3566
3733
3496
3578
3663
3347
3434
3686
3601
3680
3567
3623
3575
3468
3715
3620
3513
3577
3413
3606
3446
3626
3554
3397
3666
3652
3448
3582
3594
3387
3441
3473
3616
3637
3390
3624
3683
3651
3745
3592
3515
3680
3558
3563
3643
2919
3641
3492
3543
3625
3596
3741
3727
3687
3611
3655
3703
3616
3574
3660
3693
3483
3685
3725
3684
3674
3607
3558
3636
3677
3744
3611
3445
3490
3017
3710
3751
3679
3592
3734
3468
3545
3623
3629
3632
3378
3677
3393
3548
3611
3753
3509
3544
3645
3569
3616
3633
3617
3446
3646
3649
3625
3481
3632
3630
3710
3770
3532
3705
3743
3620
3655
3624
3719
3444
3553
3622
3747
3601
3467
3654
3473
3532
3615
3601
3668
3684
3563
3731
3557
3421
3865
3554
3481
3405
3534
3611
3483
3601
3581
3527
3537
3656
