2614
2582
2717
2511
2610
2610
2689
2586
2561
2573
2574
2674
2487
2660
2584
2558
2672
2465
2638
2575
2583
2570
2547
2587
2563
2544
2544
2598
2682
2539
2630
2583
2579
2613
2603
2573
2603
2502
2551
2610
2585
2602
2575
2552
2739
2611
2796
2579
2806
2630
2630
2707
2827
2484
2519
2605
2597
2452
2463
2671
2721
2507
2522
2530
2588
2598
2587
2654
2579
2585
2566
2505
2605
2623
2532
2652
2474
2491
2639
2601
2607
2577
2590
2690
2520
2573
2657
2552
2621
2802
2534
2595
2623
2531
2537
2680
2644
2579
2552
2547
2673
2607
2521
2575
2734
2576
2587
2535
2591
2179
2636
2613
2621
2578
2703
2832
2565
2600
2576
2523
2694
2573
2629
2653
2574
2543
2623
2611
2730
2753
2515
2538
2585
2552
2503
2731
2597
2599
2599
2519
2561
2585
2187
2568
2614
2641
2576
2536
2683
2532
2576
2595
2524
2649
2557
2738
2711
2541
2716
2467
2560
2541
2540
2573
2589
2525
2730
2609
2592
2568
2569
2610
2560
2568
2737
2679
2927
2600
2527
2540
1868
2713
2530
2581
2549
2517
2545
2600
2608
2552
2616
2722
2787
2574
2599
2537
2532
3050
2598
2645
2495
2542
2755
2490
2758
2173
2618
2625
2737
2573
2613
2595
2724
2614
2543
2585
2542
2605
2536
2522
2623
2418
2566
2549
2628
2628
2725
2654
2519
2624
2584
2562
2464
2588
2658
2510
2502
2617
2630
2518
2497
2641
2635
2538
2540
2593
2590
2622
2667
2547
2715
2578
2565
2519
2691
2654
2557
2588
2686
2430
2624
2575
2569
2545
2598
2779
2806
2617
2585
2550
2679
2611
2662
1966
2584
2630
2810
2556
2462
2635
2523
2627
2565
2700
2546
2620
2535
2619
2660
2559
2568
2778
2507
2574
2536
2535
2488
2772
2641
2526
2496
2705
2717
2518
2650
2579
2489
2610
1112
2545
2639
2561
2618
2534
2605
2439
2565
2570
2673
2582
2537
2518
2523
2591
2691
2650
2530
2560
2586
2602
2544
2508
2542
2778
2581
2513
2615
2534
2590
2464
2591
2540
2572
2539
2653
2606
2598
2593
2531
2635
2619
2603
2567
2601
2607
2656
2578
2571
2564
2616
2398
2582
2534
2520
2611
2639
2527
2534
2599
2565
2493
2549
2616
2558
2597
2597
2524
2605
2591
2616
2618
2195
2522
2509
2528
2565
2504
2660
2612
2545
2773
2687
2565
2626
2577
2598
2586
2572
2763
2599
2613
2590
2696
2843
2557
2448
2569
2570
2909
2706
2575
2633
2610
2566
2662
2604
2590
2559
2567
2595
2612
2879
2455
2646
2615
2578
2607
2652
2564
2604
2635
2603
3192
2548
2537
2568
2813
2486
2578
2584
2536
2369
2640
2547
2609
2516
2564
2629
2558
2555
2567
2440
2717
2502
2578
2565
2584
2642
2563
2618
2602
2680
2688
2548
2573
2545
2665
2579
2541
2699
2477
2545
2544
2894
2593
2605
2531
2522
2502
2594
2624
2573
2518
2668
2555
2554
2580
2645
2517
2588
2584
2532
2575
2647
2588
2577
2630
2549
2632
2486
2568
2554
2628
2615
2511
2991
2574
2599
2606
2578
2590
2603
2661
2618
2529
2494
2664
2534
2557
2601
2670
2516
2586
2714
2525
2569
2511
2533
2587
2497
2666
2515
2512
2840
2580
2509
2882
2522
2570
2493
2578
2695
2720
2560
2639
2505
2666
2598
2522
2661
2525
2699
2656
2773
2579
2611
2566
2485
2574
2545
2592
2622
2699
2827
2577
2586
2423
2501
2433
2587
2757
2544
2531
2569
2590
2790
2581
2645
2755
2569
2617
2624
2652
2497
2616
2545
2681
2552
2108
2511
2684
2580
2555
2566
2550
2525
2566
2557
2540
2642
2519
2619
2557
2604
2737
2534
2585
2540
2580
2812
2516
2704
2625
2481
2502
2820
2678
2581
2566
2515
2515
2532
2683
2615
2666
2538
2574
2522
2621
2725
2519
2610
2606
2576
2603
2690
2612
2679
2608
2846
2593
2625
2494
2491
2676
2742
2551
2591
2546
2587
2489
2533
2623
2529
2603
2561
2678
2587
2494
2563
2601
2728
2601
2608
2534
2517
2662
2082
2590
2646
2630
2524
2538
2523
2642
2605
2558
2576
2572
2509
2664
2577
2523
2677
2741
2556
2537
2839
2580
2609
2561
2529
2579
2625
2600
2653
2780
2597
2496
2674
2618
2653
2666
2603
2558
2561
2643
2614
2657
2577
2512
2551
2567
2584
2555
2586
2742
2709
2605
2546
2561
2612
2598
2700
2595
2570
2544
2808
2598
2536
2567
2777
2556
2643
2567
2547
2552
2558
2602
2553
2647
2658
2473
2889
2597
2626
2578
2633
2666
2645
2670
2595
2172
2663
2522
2541
2684
2615
2585
2652
2495
2487
2578
2581
2568
2555
2543
2622
