-240
-302
-158
28
-197
-219
-221
-184
-320
-195
-247
-277
-41
172
-271
-228
-237
-219
-250
-119
-199
149
-334
-245
-184
-294
-222
-156
-240
-450
-113
-180
-104
-317
-169
-251
-162
-252
-184
-205
-275
-156
-360
-263
-221
-201
-165
-93
-269
-91
-235
-315
-72
-296
-234
-179
-167
-308
-216
-235
-230
-28
-183
-189
-262
-357
-254
-294
-127
-285
-29
-40
-269
-269
-308
-178
-293
-65
-295
-35
-172
-231
-221
-183
-172
-442
-227
-334
-212
-186
59
-239
-161
-257
37
-314
-256
-197
-226
-42
-256
-250
-76
20
-189
-258
-217
-279
-221
-136
-1
-299
-118
-206
-46
-227
-164
-211
-321
-283
-80
333
-167
-212
-235
-237
-187
-120
-240
-196
-263
-180
-333
-191
-141
-63
-132
-170
-155
-190
-211
-183
-135
40
-215
-234
-47
-169
-96
-147
-396
-269
-276
-170
-268
-261
-175
-222
-296
-258
-148
191
-203
-245
-304
-165
-58
-191
-153
-16
-238
-74
-250
-257
-59
-198
-219
-168
-258
-277
0
-259
-230
-278
-182
-230
-127
-98
-287
-249
-146
46
-326
-229
-79
-252
-292
-255
24
-329
-271
-263
-60
-189
-88
162
-220
-32
-249
-183
-203
-186
-330
-209
-78
-62
-50
-290
-221
-232
-201
-76
-231
-274
-126
-175
0
-315
-92
-244
-110
-213
-202
-318
-259
-88
-169
-252
-219
-244
-177
-254
-159
-189
-318
180
-208
-225
-58
-177
-179
-62
-242
-189
-408
-376
-320
-74
-183
-215
-336
-180
-322
-167
-205
-97
-237
-223
-203
-192
-198
-265
-265
-146
-356
-388
-242
-286
-251
-293
-90
-220
-272
-273
-104
-278
-271
-210
-307
-287
-251
-164
-255
-128
-224
-185
-87
-289
-357
-311
-250
-188
-252
-220
-472
3
42
-135
-243
-67
127
-182
-337
-178
-263
-198
-253
-138
-299
-179
-247
-158
-268
-248
-91
-132
-247
-283
-288
-251
-210
-250
-288
-178
-180
-160
-283
-265
-241
-142
-182
-51
-171
-261
-173
-89
-203
-132
-260
-204
-225
-311
-300
-235
-98
-282
-91
-229
-16
-225
-51
-93
-81
-130
-217
-93
-228
-83
-193
-176
-182
-221
-166
-237
-200
-14
-240
-296
303
-200
-547
-129
-240
-261
-271
-256
-203
-392
-205
-203
-51
-209
-114
-249
-283
-268
-407
-286
-97
-79
-420
-126
-202
-42
-276
-216
-297
-173
-208
-230
-178
-256
-337
-138
-210
-298
-278
-158
-195
-43
-214
-217
-170
-131
-262
-214
-184
-189
-399
-118
-98
-292
-200
-227
-195
-192
-275
-227
-202
-373
-213
-216
-259
-222
-240
-203
-345
-192
-143
-272
-273
-212
-276
-121
-272
-250
-216
-247
-248
-279
-191
-189
-232
-191
-157
-293
-211
-178
-254
-364
-438
-101
-227
-264
-215
-96
-300
-297
-138
-157
-225
-96
-277
18
-112
-251
-238
-186
15
-249
-241
-293
-273
-276
-221
-224
-46
-541
-88
-173
-286
-245
-191
-290
-257
-289
-123
-301
-57
-251
-85
-191
-250
-201
-289
60
-369
-254
-40
-162
-167
-314
-131
-151
-306
-142
-278
-220
-238
-339
-127
-206
-78
-286
-244
-109
-264
-240
-106
-211
-232
-259
-233
-115
-211
-186
-227
-229
-299
-51
-208
-265
19
-266
-208
-282
-199
-231
-363
-187
-209
-182
-78
-213
-232
51
-197
-255
-263
82
-198
-259
-285
-146
-37
-112
-226
-268
-269
162
-119
-287
-249
-204
-162
-153
-215
-207
-211
-227
-298
-33
-305
-237
-115
-288
-201
-229
-76
-233
-24
-249
107
-330
-243
-245
-288
-177
-245
-88
-236
-227
-221
-222
-221
-269
-242
44
-96
-266
-314
-296
-264
-104
-299
-295
-170
-299
-468
-209
-239
-263
-227
-414
-238
-196
-274
-211
-43
-229
-285
-296
-384
-190
-280
-53
-280
-217
-141
-165
-256
-164
78
-270
-234
-241
-166
-267
-346
-229
-331
-147
-131
-225
-42
-111
-107
-352
-161
-173
-118
-263
-200
-238
-275
-260
-224
-288
-243
-308
-192
-283
-267
-217
-211
-234
-181
-197
-277
-211
-61
-257
-268
-181
-177
-155
-242
-51
-197
-292
-297
-272
-232
-231
-272
-114
-207
-203
-86
-211
-238
-320
-149
-258
-280
-18
-35
-220
-220
-210
-364
-270
-235
-300
-176
-129
-225
-233
-140
-243
-306
-269
-87
-210
-230
60
-60
-267
-180
-230
-142
-217
-281
-386
-211
-234
-239
-192
-248
-196
-184
-118
-198
-377
-92
-155
-256
-305
-213
-292
-304
-193
-291
-112
-364
-328
-294
-302
-18
-248
-1
-118
-198
-194
-308
-218
-173
-345
-228
-205
-103
-242
-212
-99
-292
-279
-282
-337
-88
-202
-182
-198
-224
-229
-271
-113
-239
-350
-330
-137
-229
-123
-127
-84
-345
-223
-21
-288
-241
-259
-305
-197
-192
-247
-229
-242
-182
-71
-221
-386
-164
-38
-260
91
-174
-232
-301
-150
-206
-76
-227
-298
-218
-226
-201
-309
-288
-230
-575
-150
-303
-262
-242
-209
-468
-264
-155
-289
-177
-261
-248
-180
-140
-278
-185
-163
-188
-55
-264
-207
-5
-225
-249
-42
-237
-292
-130
64
-245
-303
-310
-244
-222
-198
-181
-275
-269
-238
-256
-285
-318
-266
-216
-367
-260
-297
-81
-267
-174
116
-99
-247
-167
186
-103
-272
-196
-262
-262
-234
-129
-213
-226
-225
-228
-223
-124
-97
-135
-169
-182
-248
-300
115
-222
7
-202
-222
-227
-194
-222
-312
67
-241
-154
-125
-223
-199
-269
-56
-226
-249
-25
-180
-319
-232
-138
179
-221
-200
-151
-120
-168
-140
-149
-201
-232
-210
-228
-123
-414
-147
-215
-184
-381
-204
-262
-53
-313
-142
-87
-268
-178
-88
-193
-53
-36
-201
-278
-222
-261
-385
-243
-246
-191
-60
-159
-308
-147
-297
-196
-243
-75
-173
-238
-228
-108
-118
-126
-234
-193
-225
34
-266
-203
-105
-1
-260
-240
-286
-165
-83
-292
-389
-133
-76
-123
-276
53
-169
-242
143
-273
-55
-253
-368
-184
-201
-269
-263
-437
-249
-330
-202
-51
-137
-238
-217
-274
-237
-222
-174
-6
-151
-354
-81
-282
-262
-187
-317
-407
-198
-147
92
-253
-100
-168
-299
-248
-200
-359
-94
-33
-115
-136
-106
-283
-319
-210
-264
-209
-380
-132
-259
-190
-250
-205
-205
-269
-247
-364
-308
-208
8
-13
-246
90
-293
-308
-264
-282
-144
-232
-171
-248
-105
-257
-192
-158
-83
-282
-431
-316
-225
-304
-254
-227
-219
-217
-265
-218
-294
-19
-35
-239
-167
-272
-186
-229
-60
-225
-201
-291
-266
-247
-326
206
139
-41
-268
-131
-215
-258
-277
-237
-77
288
-209
-155
-128
-237
1218
-253
-149
-241
-207
90
-283
-251
-215
-249
-229
-266
-210
-291
-61
-215
-193
-267
-322
-207
-85
128
-250
-256
-187
-191
-325
-1
-244
-125
-256
-252
-184
-245
-264
-157
-224
-205
-288
-212
-294
-349
-101
-238
-227
-59
-136
-316
-181
-201
-183
-53
-180
-482
-273
-263
-232
-208
-255
-115
-152
-148
-257
197
-172
-75
-221
-309
-193
-258
-285
-93
-333
-277
-325
-108
-186
-264
-289
-182
-219
-247
-220
-76
-243
-311
-194
-246
-223
-107
-202
-142
-222
-196
-207
-170
-157
-177
-334
-245
-50
-141
-139
9
-245
-92
-170
161
-205
-326
-199
11
-160
-267
-186
173
-262
-280
-16
-230
-106
-288
-179
-420
-80
-199
-222
-169
-150
-266
-151
-252
-206
-120
-230
-353
-195
-284
-186
-262
-78
-207
-237
-274
-201
-124
-254
-339
-230
-148
-237
-284
-228
-253
-143
-25
-366
-36
-305
-256
140
-156
-337
-126
-226
-178
-232
73
-202
-170
-174
-157
-283
-153
-225
-120
-185
-226
-78
-184
-28
-141
38
-301
-203
-242
-65
-365
-287
-237
-71
-96
-186
-227
27
-223
-254
-64
-303
-196
-176
-327
-293
-195
159
-281
-261
-197
-119
-24
-165
-89
-182
-239
-192
-238
-142
-167
-142
-167
-250
-297
-225
-201
-113
-238
-472
-178
-220
-249
-293
-206
-239
-355
-73
-247
-153
-279
-227
-222
165
-220
189
-288
-296
-211
-68
-583
-219
-281
-230
-162
-246
-240
-71
-229
-134
-261
-396
-283
-132
-201
-155
-104
-255
-194
96
-246
-277
-126
-261
-115
-241
-194
-320
-433
-233
-135
-246
-279
-225
-171
-229
-182
-633
-310
9
-264
-69
-115
-247
-262
-219
-187
-159
-232
-280
-211
-245
-307
-269
-204
-208
-242
-206
-251
-288
-301
-184
-323
-329
-201
-347
-263
-207
-201
50
-77
-273
-196
-179
-232
-192
-131
-230
-206
-207
-303
-265
-216
-254
-186
-160
24
-155
-21
-215
-279
-132
-269
-295
-219
-294
-356
-330
-252
-176
-208
35
-131
-152
-300
-461
-150
-227
-268
-181
-234
-230
-210
-69
-197
-90
-179
-203
-233
-275
-157
-272
-184
-272
-314
-310
-108
-257
-26
-236
-241
-321
-53
-240
-179
-290
-43
-26
-183
-335
-191
-276
63
-234
-342
-169
-150
-184
-279
-292
-184
-341
-101
2
-118
-165
-368
-340
-238
-174
-158
-48
-190
-266
-113
-157
-276
-167
-127
-30
-231
-161
-210
453
-344
-157
-209
-236
-205
-215
52
-232
-185
-201
-168
-249
-239
-282
-208
-245
-76
-211
-52
-209
-232
-149
-193
-90
-32
-255
-296
-178
-237
-156
-193
-282
-260
-69
-136
-153
-130
-219
-103
-353
-254
-214
-194
-235
-342
-216
-211
-157
-82
-215
-204
-257
-248
-163
-110
-285
-259
42
-324
-279
-180
-113
-49
-239
-300
-270
-107
-209
-227
-250
12
-225
-101
-131
-273
2
-270
44
-292
-277
-92
-194
-319
-271
-254
-312
-364
-312
-174
-241
-215
-336
-244
-320
-195
-79
-255
-240
-287
-176
-110
-283
-212
-198
-98
189
-113
-226
-106
-184
-184
-183
-122
-224
-162
-273
-352
-186
-272
-149
-234
-254
-228
-207
-79
-307
-265
-333
-213
-303
-135
-455
-219
-299
1057
-230
36
166
-375
-149
-245
-790
147
-199
-225
-114
-188
-150
-137
-252
-92
-171
45
-196
-309
-45
-99
-239
-195
-220
-102
-144
-301
-127
-211
-144
-229
-324
-207
-241
-198
-240
-284
-46
-212
-155
24
-308
-340
-212
-224
-235
-255
-144
-146
-243
-261
-202
-255
-57
-220
-284
-164
-203
-171
-403
-295
-214
-292
-163
-301
-193
-376
-262
-60
-234
-382
-209
-3
-238
-236
-73
-276
-272
-314
-260
-168
-76
-268
-255
-290
-192
-70
-278
-154
-248
-222
-89
-316
-254
-93
-99
-318
-177
-138
-281
-250
-253
-298
-254
-128
199
-205
-256
277
-281
-261
-211
-302
-191
-293
-237
-207
-259
-239
-263
-220
-260
-248
-158
-130
-286
37
-237
-231
-124
-151
-37
-135
-203
-171
-253
-237
-269
-57
-226
-306
-9
-345
-272
-153
-222
-193
79
-367
-234
-315
-230
-196
-331
-279
-212
-379
-270
-205
-38
-290
-243
-204
-196
-44
-241
-134
-332
395
-114
-48
46
-213
-181
-285
-312
-255
12
-211
-104
-154
-269
-293
-235
-276
-39
-211
-204
-215
-119
-169
-273
-209
-311
-21
-278
-136
-271
-180
-185
-126
-172
-193
-235
-203
-190
-251
-172
-275
-348
-476
-237
-290
-300
-248
-221
-171
-160
-131
-199
-168
-206
-161
-245
-174
-100
-303
-249
-182
-276
-203
-312
-271
-180
-298
-15
-365
-184
292
-206
-247
-198
-249
80
-243
-139
-264
-192
-158
-256
-244
-326
-236
-233
-267
-153
-223
80
-274
-245
-152
-255
-263
-234
-189
-208
-191
-183
-306
-422
-147
-56
-202
-317
-355
-223
-278
-229
-258
-311
-345
-226
-132
-257
-226
-140
-248
-256
-533
-252
72
-78
-233
-262
-193
-229
-87
-373
-228
-315
-210
-300
-240
-165
-187
63
-21
-282
-225
-335
9
-316
-339
-322
-216
187
-72
-315
-43
-11
-174
-84
-133
-225
-157
-161
-312
-205
-184
-131
-210
-182
-212
-222
-239
-310
-171
-281
-260
-241
-265
-400
131
-375
-162
-156
-186
-106
-259
-242
-397
-285
-167
-173
-634
-223
-131
-173
-231
-15
179
-172
-214
-280
-47
-295
-33
-322
-197
-184
-250
-189
-94
-180
-311
-220
-283
-380
-196
-382
-337
-231
-97
-192
-305
-372
-309
-319
-221
-243
-221
7
-267
-337
-252
-261
-321
-85
-219
-246
-254
-484
-230
-267
-293
-218
-193
-238
-324
-281
-82
-219
-150
-323
-274
-325
-93
-201
-14
-205
-240
-192
-129
-133
-157
-247
-260
-230
-294
-270
-215
-157
-264
-275
-341
-319
-158
-198
-130
-283
-64
-201
-153
-283
-140
-156
-164
-282
-103
-160
100
-215
-138
-389
-54
-271
-285
-187
-186
-278
-226
-198
-214
-200
-320
-246
-197
-208
-257
-216
-311
-246
128
-200
-244
-118
-260
-299
-284
-120
-28
154
-310
-197
-232
-62
-174
-241
-260
-236
-228
-143
-304
-286
-35
-288
-331
-259
-693
-70
-141
-228
-337
-260
-218
-717
-121
-81
-302
-69
-134
-230
-195
-188
-227
-283
-259
-77
-227
-233
-220
-343
-265
-67
-286
-229
-196
-281
-255
106
-244
-224
-69
-211
-159
-173
-226
-115
-258
-199
-218
-254
-144
66
-279
-427
-44
-207
-72
-172
-390
-176
-261
-2
-187
-158
-106
-130
-234
-391
-234
-143
252
-246
-92
-105
-14
-164
-64
62
-249
-226
-233
-240
-550
-207
-133
77
-286
171
-306
-247
-148
-233
-243
-447
-156
-141
-292
-245
-161
122
-13
-112
-204
-289
-239
-156
-274
-327
-238
-245
-26
-224
-164
-64
-341
-282
-15
-265
-351
-58
-67
-175
-159
-173
-286
-63
-302
-184
-172
29
-350
-280
-202
-195
-7
-151
-151
-204
-16
-221
-287
-171
-259
-155
-206
-237
-275
-198
-141
-190
-302
-287
-259
-48
-205
-111
-132
-300
-139
-189
-223
-158
-267
-155
-168
-242
-121
-59
-77
-266
-239
-35
-199
-269
-166
-248
-362
-260
-213
-262
-151
-308
-281
-222
-337
-73
-184
-184
-319
-297
64
-258
-262
-213
-190
-38
-200
-198
-286
-84
-345
-161
-168
-245
-280
-284
-179
-257
-105
-219
-124
-68
-18
-169
10
-90
-229
-221
-223
-235
-263
-282
-206
-140
-176
-216
-125
-249
-130
-275
-141
227
-222
-210
-108
-212
-231
-270
-199
-301
-460
-255
-64
-218
-58
-208
-215
-248
-188
-217
-299
-204
-289
-32
-139
-127
-254
-192
-227
-74
-185
-61
-161
-259
-126
-420
-243
-137
-309
-131
-243
-45
-275
-173
-371
-207
-254
-109
12
-121
-149
-259
-138
-269
-261
-211
-297
-135
-324
-193
-196
-288
-71
-193
-215
-220
-118
-179
-126
-123
-222
-184
-191
-335
-289
-168
-248
-319
-232
-190
-134
272
144
-315
-206
-285
-196
-265
-249
-376
179
-219
-308
-184
-143
-308
-50
-44
-70
-79
-175
-222
-65
-246
-218
-125
44
-191
-190
-184
-235
-117
46
-1
-91
-287
-226
-225
-277
-200
-172
-145
-260
-482
-228
83
-325
-325
177
-188
-248
-130
-40
-168
-208
-259
-130
-261
-170
-37
-67
-144
-317
-298
-180
-126
-146
-192
-293
-145
-201
-228
-297
-308
-128
-195
-264
-223
-523
-91
-109
-357
-220
-164
-303
-255
-283
-154
-72
-148
-539
-308
-256
-243
-310
-134
-278
-19
-224
44
-189
-310
-218
-157
-230
-314
-224
-182
-143
-154
-202
-222
-253
44
-26
-322
-327
-277
-252
-231
-401
-253
-103
-256
-219
-229
-246
-173
-114
-161
-307
-266
-156
-260
-263
-203
-245
-130
-222
-184
-268
-268
-256
-282
-215
-266
-330
-239
-324
-105
-295
-236
-237
-295
-70
-154
-16
-240
-128
-270
-24
148
-261
-84
-352
-327
-242
-293
-81
-65
-179
-209
-279
-297
-211
-289
-319
-49
-208
-258
-31
-264
-190
-282
-275
-270
-241
-228
-365
-185
-207
-144
-296
-268
-22
-297
-262
-254
-243
-118
-282
-233
189
-206
-326
-86
-249
-302
-300
-135
-216
-134
-246
-186
-343
-172
-260
-172
-240
-277
-348
-375
-65
-256
-208
-193
178
169
-207
-217
-215
-157
-229
-245
-166
-251
-10
-210
-272
-187
-200
-87
-212
-231
-248
-180
-263
-100
-356
-281
-283
-249
-199
-255
-147
-32
-264
-264
-205
-270
-174
-241
-145
-63
-332
-124
-157
-170
-300
-327
-282
-104
-229
-181
-319
-283
-248
-104
-4
-125
-137
-247
-281
71
-282
-259
-276
-296
-219
-254
55
-295
196
-7
-123
-255
-380
-141
-205
19
85
-317
-193
-272
-272
-266
-200
29
-291
-262
-288
-52
122
2
-167
-341
-332
-313
-183
-246
-260
-170
-260
-280
-5
-175
-352
20
-237
-92
-150
118
-177
-320
-212
-249
-213
-283
-46
-227
-300
-467
-241
-254
-333
-138
-165
-137
-222
-204
-131
-206
-211
-290
-162
-191
-204
-144
-458
-136
-123
-280
-170
-281
-256
-92
-60
-176
-225
-83
-293
-140
-143
-183
-295
-248
-185
-147
-328
-187
-301
-389
-278
-180
-225
-280
-208
-429
-245
-167
-247
-253
-346
-374
-223
-220
-179
-264
-252
-285
-371
-176
-135
-158
-226
-256
-164
-159
-265
-227
-73
-298
-260
-296
-222
-322
-143
-245
-512
-182
-161
-179
-142
-312
-248
-121
-237
-241
-126
-159
-316
-215
-79
-62
-188
-214
-55
-171
-91
-160
-94
-305
-79
-83
-286
-233
-120
9
-292
-84
-309
5
-184
-210
-309
-124
-167
-225
-260
-166
-176
-371
-302
-406
-228
-271
-284
-310
-67
-236
-94
-183
-261
-180
-386
-417
23
-259
-339
-104
-188
-204
-321
158
-243
-244
-321
-226
-233
-270
-273
-208
-143
-139
-269
-510
-144
-224
-38
16
-134
-244
-282
-132
-53
-312
-199
-108
-302
-149
-229
-161
-307
-96
-184
-110
-205
-226
-224
-240
-154
-262
-238
-263
-244
-290
-431
-183
123
-154
-370
-242
-70
-248
-226
-260
-294
-233
-48
-168
-558
-121
-346
-314
-237
-214
-201
-205
-118
-188
-244
-224
124
-101
-55
-275
538
-235
-123
-250
-287
-209
-262
-374
-116
-225
-268
-114
-243
-719
-232
-301
-84
-281
-478
-189
-208
-163
-219
-224
-315
-161
