4002
3944
3945
3927
4013
4054
3939
3983
3888
3871
3860
3785
3965
4150
3962
3874
3903
3966
3935
4145
3914
4088
3925
3945
3938
3879
3956
3978
3822
3830
3826
3886
4003
3989
4056
4021
3908
3945
4025
3985
3898
3927
3982
3955
3862
3896
4229
3961
4118
3854
4013
3925
4086
4505
3962
3798
3860
3949
3861
3919
3835
3846
4071
4089
3867
3980
3919
3968
3902
3971
3804
3850
4014
3866
4007
3952
3775
4202
3863
3888
3914
3961
3971
3857
3796
3893
3798
3899
3946
3882
3783
3841
4388
3846
3740
3810
4003
4010
3858
3955
3927
3995
3864
3774
3821
3783
3937
3917
3906
3733
4030
3896
4071
3915
3930
3858
3869
3888
3839
3840
3975
4028
3992
3839
3907
3846
3812
3840
3902
3919
3915
3852
4081
3853
3868
3957
3952
3859
3939
4187
3994
4101
3948
3976
3892
6679
3912
3869
3830
3886
3798
3926
3737
4000
3858
3909
3972
3792
3959
2914
3967
4002
3748
3980
3861
3969
3868
3876
4390
4019
3922
3974
3906
4067
3903
4506
3829
3870
3810
3987
3817
3956
3959
3995
3980
3855
3999
4046
3860
3871
3961
4031
4167
3882
3993
3979
3991
3929
3953
3761
3941
4039
4084
3939
3929
3826
4008
3797
3955
3836
3858
3861
3966
3775
3944
3955
2937
3995
4224
3888
3958
4037
3929
3869
3947
3468
3870
3726
3879
3962
3825
3897
3938
3879
3904
3885
3904
3873
3884
3794
3920
3897
3830
3879
3875
3759
3905
3766
3731
3590
3864
4188
3870
3883
3943
3893
3886
3897
3767
3805
3950
3847
3983
3906
4060
3963
3796
3934
3838
3919
3919
3874
3884
3921
4040
3823
3810
3944
3898
3879
3787
3908
3882
3848
3962
3959
3861
4014
3867
3894
4013
3920
3916
3823
3889
3736
3588
4183
4021
3848
3995
4015
3910
3930
4330
3996
3823
3947
12306
3839
3725
3820
3840
4035
4046
3877
3946
3833
3862
3899
3862
3841
3779
3837
3862
3905
3908
3854
3835
3820
3783
3550
3873
3989
3938
3917
3883
3899
3982
3967
3722
4169
3918
3841
3882
4119
3899
3931
3871
3927
3975
3972
3815
3986
3958
3971
3911
3813
3866
3882
3967
3843
3897
3905
3934
3944
3870
3860
3937
3812
3956
4047
3960
3838
3966
3931
3863
3931
3820
3928
3978
4837
3897
4000
3862
3844
4004
3983
4042
3996
3744
3882
3905
3860
3984
3961
3804
3930
3898
3920
3808
3918
3796
3972
3843
3880
3924
3845
3922
3967
3981
3793
3880
4045
3827
3852
3898
3899
3871
3887
3862
3805
3971
3893
3885
3881
3832
4001
3943
3892
3849
3811
3862
3831
3869
3936
3876
3895
4005
3982
3902
3984
3846
4143
3898
3932
4016
3889
3812
3795
3830
3983
4152
3992
3907
3886
3807
3997
3754
3961
3872
3746
3961
3938
3913
3981
3926
3966
3903
3774
4041
3919
3992
3923
3763
3899
3922
3910
3930
3878
3963
3981
3496
3800
3965
3867
3736
3953
3872
3889
3920
3968
3862
4037
4084
3878
4395
3935
3998
3864
3859
3960
3756
3928
3853
4106
3885
3829
3908
4033
4056
3896
4008
3836
3872
3921
3892
3361
3959
3845
3903
3880
3967
3917
3971
3940
3873
3826
3847
3098
3928
4030
3899
3882
3928
3915
3972
3928
3836
4228
3854
3589
3926
3882
3917
3664
3930
4036
3877
3978
3904
3840
3905
3928
3905
3905
3877
3967
3900
3944
3825
3898
3986
4003
3902
3857
3970
3836
4003
3967
3824
3949
3910
3825
3980
3888
3914
3987
3899
3935
3839
3793
4022
3853
3912
3929
4065
4064
3905
3955
3914
3979
3913
3894
3788
3868
3888
3920
3900
3875
3819
3916
3999
3918
4018
3891
4070
3884
3949
3899
3954
3886
3885
3869
3468
3879
3821
3904
4028
3854
3876
3965
3877
3820
3972
3829
3863
3954
3818
3903
3815
3857
3845
3819
3895
3898
3994
3858
3879
3927
4012
3926
3869
3732
3909
3857
3944
3823
3916
3921
3946
3879
3788
3898
4387
3774
3787
3946
3985
3861
3877
3948
3893
3887
3891
3820
3961
3988
3882
3821
4033
3964
3926
3842
3818
3848
3975
3985
3922
4016
3973
3882
4026
3951
3946
3939
3867
3968
4076
3950
3827
4013
3879
3914
3860
3993
3800
3801
3837
3251
4104
3947
3896
3954
4002
3768
4050
3867
3926
3960
3738
3936
4019
3920
3921
3943
3934
3843
3887
3834
3949
3972
3872
3812
3885
3906
3934
4001
3929
3818
3991
4019
3853
4293
4023
3795
4010
3908
4037
3821
3827
3915
3986
3865
3832
3861
3859
3853
3926
3953
3945
4035
3854
4056
3871
3814
4316
4011
3793
3843
3929
3781
3855
3944
3934
3850
3876
4027
