-237
-195
-257
-268
-128
-308
-218
-240
-280
-260
39
-202
-303
-223
-38
-65
-194
-177
-247
-227
-233
-194
-151
-271
-269
-310
-244
-271
-209
-209
-183
292
-193
-271
-289
-205
-183
-225
-175
-243
-296
-216
-156
518
-419
-311
45
-281
-133
-224
-269
-101
-241
-259
-227
-280
-216
-297
-218
-101
-318
-219
-242
-187
-92
-260
-256
-273
-181
-232
-298
-223
-240
-3
-287
-253
-257
-306
-303
-160
674
-194
-233
-230
-224
-244
-246
-207
-292
-223
-159
-171
534
-228
-204
-244
-213
-299
-222
-193
-329
-174
-249
-223
-191
-183
-139
-185
-227
-189
-307
-292
-115
-262
-223
61
-276
-288
-333
-234
-202
-132
-305
-207
-264
-252
-294
-224
-294
-235
-295
-160
-242
-248
-166
-202
-164
-260
-221
-233
-188
-166
-253
-218
-167
-158
-163
-614
-240
-198
-199
-186
-181
-87
44
-246
-273
-203
-79
-263
-283
-235
-235
-208
495
-252
-199
-161
-262
-160
-246
-76
-253
-172
-179
-136
-259
-85
-243
-317
-213
-182
-187
-316
-124
-224
-239
-160
-234
-250
-276
-268
-311
-150
-254
-246
-223
-206
-151
-262
-123
-240
-258
-191
-226
409
-329
-254
-296
-247
-234
-230
-276
-240
-221
-303
-326
-209
44
-200
-214
-206
-321
-227
-327
-208
-225
-260
-309
-239
-257
-221
-586
-178
-352
-230
-89
-204
-322
-235
-305
-135
-271
-267
-148
-191
-191
-192
-243
-157
-267
-218
-167
-161
-205
-275
-232
-268
-287
-244
-387
-236
-247
-203
-298
-213
-320
-355
604
-216
-240
-324
-279
-313
-288
-206
-280
-311
-77
-307
-270
-189
-183
-357
-262
-309
-312
-128
-312
-277
-230
-271
-354
-309
-198
-252
-295
-331
-155
-240
-258
-327
-171
-225
-275
-273
-196
-254
-302
-214
-164
-252
-150
-277
-213
-261
-251
-143
-42
-255
-251
-275
-192
-206
-36
-287
-251
-329
-300
-287
-249
-248
-257
-258
-300
-234
-238
-221
-225
-239
-265
-237
30
-320
-304
-245
-284
-111
-176
-241
-224
-143
-177
-261
-263
591
-238
-211
-166
-259
-129
-259
-255
-283
-237
-232
-214
-170
-281
-224
-233
-155
-234
-263
-155
-311
-197
-80
-238
-232
-97
-185
-356
-276
-371
-280
-259
-276
-340
-229
-281
497
-223
-211
-213
-233
-112
-236
-416
-70
-264
-237
-93
-318
-281
-277
-292
-287
-285
-198
-223
-203
-273
-121
-233
-173
-228
-212
-225
-162
-168
-109
-191
-248
-306
-334
-273
-223
-224
-155
-275
-287
-203
-262
-277
-85
-161
-285
-216
-196
-362
-349
-249
-291
-250
-131
-252
-169
-248
-203
-240
-120
-208
-215
-315
-310
-184
-251
-161
-350
-188
-225
-193
-288
-210
-304
-58
-263
-193
-200
-225
-220
-213
-205
-302
-244
-184
-271
-152
-260
-184
-270
-203
-143
-265
-296
-345
-245
-229
-196
-234
-280
-114
-275
-252
-262
-232
-197
-230
-259
-27
-276
-239
-56
-115
-222
-260
-275
-334
-357
-175
-319
-246
-246
-269
-271
-194
-237
-192
-216
-241
-201
-243
-146
-226
-125
-301
-197
-237
-144
-159
-211
-360
-211
-226
-159
-338
-217
-208
-284
-151
-177
-311
-227
-258
-218
-170
-314
-192
-223
-493
-227
-295
-241
-176
-278
-126
-261
-247
-195
-292
-188
-224
-284
-242
-194
-507
-230
-260
-318
-293
-101
-168
-221
-226
-170
-247
-50
-196
-291
-267
-218
-143
-237
-166
-219
-234
-265
-303
-181
-143
-298
-211
-325
-92
-295
-200
-198
-221
20
-70
-230
-402
-249
-166
-168
-305
-367
-281
-57
-182
-232
-173
-193
-357
-206
-202
-201
-241
-115
-297
-278
-317
-162
-280
-288
-235
-221
-240
-285
-224
-101
-211
-191
-289
-207
556
-185
-241
-74
-211
-321
-304
-263
-245
-173
-135
-127
-181
-223
-254
-196
-205
-253
-265
-231
-282
-309
-275
-238
-168
-253
-187
-221
-203
-195
-352
-191
-118
-271
-258
-333
-168
-98
-254
-207
-251
-190
-260
-324
-290
-199
-196
-349
-67
-147
-279
-247
-73
-210
-190
-320
-277
-188
-209
-329
-311
-301
-305
-316
-84
-312
-283
-177
-223
-194
-226
-322
-244
-184
-313
-177
-232
-183
-210
-206
-204
-151
-349
-267
-297
-216
-295
-152
-86
-133
-219
-267
-209
-231
-205
-169
-224
-203
-213
-232
-270
-234
-229
-264
-230
-331
-200
-56
-284
-193
-271
-227
-287
-291
-269
-213
-217
-198
-268
-172
-344
-227
-202
-213
-231
-252
-202
-222
66
-180
-215
-443
-223
-195
-249
-319
-196
-256
-239
-262
-229
-148
-110
-354
-81
-283
-163
-161
-281
-265
-157
-234
-294
-202
-304
-271
-243
-213
-216
-156
-205
-292
-129
-301
-297
-284
-216
-242
-260
-340
-134
-279
-213
-110
-189
-335
-240
-255
-163
-264
-195
-155
-291
-83
-213
-110
-170
-272
-289
-270
-211
-204
-205
-277
-257
-227
-235
-204
-302
-251
-265
-158
-38
-159
-204
-231
-299
-252
-293
-198
-196
-230
-231
-142
-258
-185
-291
-168
-218
-177
-172
599
-229
-253
-140
-208
-250
-299
-280
-246
-212
-246
-243
-259
-301
-253
-272
-266
-184
-207
-81
-301
-247
-31
-200
-299
-233
-82
-241
-304
-184
-197
-193
-262
-262
-265
-238
-208
-370
-119
-175
-114
-347
-58
-414
-257
-45
-331
-184
-229
-276
-186
-169
-139
-216
-235
-184
-131
-200
-235
-261
-157
-151
-270
-720
66
-238
-274
-220
-234
-267
-249
-172
-285
-225
-248
-259
-263
-175
-256
-157
-181
-298
-193
-263
-231
-58
-137
-228
-118
-287
-269
-121
-76
4
-218
-238
-203
-256
-366
-256
-264
-294
36
-180
-224
-275
-155
-268
-221
-367
-221
-221
-116
-147
-295
-306
-251
-248
-209
-219
-257
-238
-285
-136
-139
-182
-71
-178
-195
-284
-123
-127
-246
-199
-208
-284
-255
-216
-124
-318
-239
-205
-280
-89
-227
-227
-185
-166
-169
-285
-285
-64
-274
-272
-286
-292
-240
-272
-228
-210
-262
-240
-248
-323
-240
-179
-275
-123
-245
-286
-316
-273
-220
-265
-197
-235
-232
-287
-379
-209
-292
-247
-270
-217
-235
-234
-285
-188
-237
-226
-263
-332
-284
-209
-301
-221
-232
-228
-290
-204
-37
-121
-297
-252
-244
-255
-237
-224
-234
-280
-320
-255
-361
-312
-297
-261
-312
-275
-241
-220
-268
-158
-250
-224
-138
-239
-268
-179
-206
-278
-208
-312
-276
-190
-253
-170
-187
-203
-246
-228
-169
-304
-93
-236
-229
-361
-193
-217
-326
-186
-261
-208
-247
-206
-349
-201
530
-184
-273
-274
-235
-294
-213
-344
-230
-238
-285
-184
-228
-212
-154
-296
-150
-332
-178
-206
-249
-233
-164
-227
-116
-288
-310
-156
-259
-349
-257
-254
-134
-274
-259
-153
-202
-259
-207
-196
-229
-232
-303
-249
-252
-244
-193
-202
-93
-269
-138
-249
-246
-238
-202
-237
-79
-252
-187
-224
-318
-284
-166
-196
-261
-114
-147
-210
-115
-261
-227
-225
-197
-218
-243
-219
-249
-175
-273
-225
-204
-246
-209
-275
-288
-265
-343
-295
-256
-191
-100
-238
-248
-239
-247
-122
-237
-196
-208
235
-253
-355
-292
-249
-274
-252
-353
-242
-253
-242
-266
-220
-275
-151
-276
-196
-273
-220
-202
-325
-258
-234
-118
-202
-304
-305
-199
-133
-216
-229
-274
-237
-202
-229
-248
-251
-303
-102
-279
-242
-139
-238
-342
-176
-269
-203
-64
19
-141
-290
-213
-302
-186
-272
-285
-179
-202
-207
-217
-275
-210
-231
-217
-343
-220
-202
-255
-224
-201
-249
-218
-252
-272
-138
-341
-357
-130
-261
-94
-254
-221
-237
-255
-256
-164
-285
-262
-349
-261
-248
-333
-194
-323
-226
-246
-191
-287
-260
364
-183
-229
-255
-156
-100
-272
-246
-228
-234
-208
-293
-189
-228
-204
-231
-199
-196
-264
-249
-222
-268
-205
-232
-234
-102
-316
-241
-262
-266
-161
-316
-262
-140
-309
-257
-107
-263
-182
-301
-223
-218
-162
-173
-219
-258
-337
-267
-254
-120
-188
-49
-150
-233
-267
-240
-337
-218
-215
-229
-60
-318
-262
-358
-79
-237
-78
-291
-244
-286
-245
84
-274
-243
-269
-320
-233
-208
-268
-295
-195
-215
-299
-257
-195
262
-214
-224
-131
-282
-343
-265
-179
-289
-218
-245
-126
-284
-206
-125
31
-284
-222
-326
-283
-181
292
-304
-311
-208
-239
-289
-184
-292
-174
-248
-260
-190
-224
-235
-392
-198
-243
-249
-231
-266
-202
-277
-184
-277
-251
-155
-187
-342
-341
-253
-291
-183
-243
-204
-235
-288
-251
-311
-282
-316
-242
-267
-352
-202
-334
-224
-310
-353
-344
-301
-142
-274
-232
-237
-149
-113
-215
-384
-216
-237
-216
-215
-222
-121
-264
-239
826
-192
-262
-265
-186
-326
-29
-243
-223
-218
-228
-351
-328
-113
-200
-83
-221
-173
-291
-259
-279
-210
-249
-166
-187
-212
-338
-269
-183
-277
-266
-90
-274
-254
-215
-176
-334
-210
-274
-120
-259
-176
-190
-215
-262
-309
-191
-218
-127
-241
-238
-131
-205
-265
-234
-345
-239
-215
-193
-249
-209
-195
-247
-293
-270
-247
-215
-273
-228
-254
-213
-163
-204
-129
-138
-97
-111
-93
-20
-347
-125
-315
-218
-264
-242
-313
-315
-309
-134
-227
-192
-226
-204
-307
-208
-294
-168
-228
-190
-228
-117
-203
-228
-250
-26
385
-254
-162
-282
-173
-116
-420
-341
-317
-240
-223
-240
-279
-188
-214
-199
-105
-244
-24
-205
-300
-183
-314
-181
-208
-250
-201
-224
33
-161
-283
-274
-208
-157
-306
-229
-270
-288
-240
-186
-223
-204
-202
-259
-204
-257
-340
-219
-246
-290
-241
-232
-211
-120
-268
-237
-234
-259
-281
-272
-310
-129
-216
-281
-145
-303
-227
-173
-214
-320
-316
-127
-317
522
-233
-282
-264
-219
-348
-114
-255
-214
289
-278
-303
-261
-214
-310
-279
-150
-218
-164
-353
-261
-221
-222
-235
-12
-244
-253
-160
-221
-223
-281
-211
-303
-193
28
-199
-120
-264
-234
-415
-222
-93
-225
-248
-287
-229
-210
-188
-265
-238
-121
-301
-125
-159
-231
-258
-22
-48
-94
-249
-206
-267
-152
-197
-219
521
-286
-145
-215
-284
-291
-261
-173
-253
-301
-317
-195
-311
-159
-272
-160
-169
-186
-136
-267
-164
-275
-264
-219
-252
-214
-134
-328
-148
-243
-424
-56
-190
-207
-336
-292
-240
-248
-203
-188
-266
-244
-222
-338
-254
-247
-256
-306
-116
-221
-244
-197
-177
-310
-227
-153
-264
-251
-161
-233
-70
-279
-465
-119
-170
-320
-209
-132
-96
-305
-133
-276
-147
-235
-271
-282
-231
-282
-194
-232
-234
-225
-248
-77
-220
-202
-213
-211
-218
-242
-248
-210
-184
-298
-219
-594
-335
-263
-289
-295
-303
-223
-177
-134
-211
-304
-171
-243
-137
-283
-161
-294
-195
-252
-315
-237
-230
-279
-150
-541
-343
-298
-319
-248
-269
-168
-231
-275
-340
-247
-275
-221
-283
-253
-298
-251
-318
-248
-280
-182
-199
-272
-220
-243
-232
-237
-169
-157
-224
-320
-211
477
-276
-258
-338
-194
-159
-222
-278
-164
-335
-340
-203
-501
-323
-258
-200
-413
-240
-315
-246
-234
-268
-233
-151
-296
-290
-200
-240
-197
-240
-270
-246
-566
-292
-313
-269
-235
-89
-223
-263
-273
-213
-198
-191
-323
-198
-314
-231
-303
-163
-133
4
-306
-350
-260
-270
-309
-231
-233
-213
-95
398
-177
-202
-161
-291
-188
-309
-187
-215
-184
-215
-278
-279
-183
-206
-343
-283
-113
-158
-44
-242
-284
-303
-323
-246
-132
-169
-247
-281
-289
-140
-291
-241
-159
-206
-241
-239
-220
-129
-201
-188
-242
-206
-122
-172
-284
-225
-242
-240
-355
-256
-207
-236
-185
-235
-298
-165
-227
-174
-167
-317
-176
-251
-254
-132
-288
-180
-192
-239
-157
-294
-307
-306
-67
-219
-236
-144
-136
-284
-169
-236
-274
-230
-235
-220
-202
-182
-188
-124
34
-198
-198
-280
-316
-157
-201
-252
-324
-291
-54
-216
-208
-64
-217
-181
-266
-78
-270
-246
-92
-219
-224
-224
-73
-291
-200
-315
-273
54
-8
-186
-89
-301
-307
-256
-141
-210
-261
-294
-242
-206
-245
-170
-317
-212
-194
-181
-238
-215
-178
-272
-258
-339
-171
-296
-180
-232
-369
-289
-146
-95
-256
-168
-197
-4
-341
-207
-316
-308
-167
-272
-228
-233
-265
-288
-240
-256
-304
-205
-18
-210
-219
-20
-94
-278
-293
-302
-150
-324
-246
-265
-242
-158
-87
-237
-245
-239
-192
-43
-186
-293
-360
-171
-287
-247
-284
-317
-252
-260
-197
-210
-248
-217
-287
-212
-244
-160
-266
-159
-187
-162
-284
-59
-237
18
-254
-290
-267
-362
-236
-194
-130
-206
-187
-204
-255
-292
-603
-194
-296
-352
-222
-219
-142
-184
-121
-299
-157
-179
-223
-307
-140
-255
-261
-146
-228
-227
-419
-216
-230
-325
-201
-285
-100
-146
-312
-350
-215
-205
-182
-223
-147
-208
-251
-303
-261
-285
-285
-229
-255
-235
-178
-180
-199
-294
-94
-240
-267
-281
196
-305
-270
-293
-228
-328
-310
-300
-265
-300
-205
-215
-265
-228
-302
-232
-40
-184
-253
162
-257
-188
-267
-232
-244
-146
-257
-314
-244
-306
-322
-199
-263
477
-284
-302
-174
-283
-286
-294
-263
-264
-191
-156
-219
-242
-178
-177
-242
-231
-289
-253
-219
-260
316
-242
-7
-247
-220
-284
-232
-225
-289
-245
-273
-199
-521
-233
-128
-242
-211
-203
-241
-167
-230
-230
-255
-123
-280
-281
-201
-271
-321
-185
-152
-338
-295
-209
-269
-209
-192
-178
-204
-174
-153
-220
-227
-266
-273
-315
-329
-134
-260
-239
-280
-203
-268
-298
-244
-438
-259
-261
-144
-242
-207
-324
-324
-276
-297
-287
-247
-273
-182
-148
-237
-241
-240
-278
-65
-251
-258
-190
-226
-245
-269
-203
-203
-298
-247
-444
-301
-293
-239
-281
-60
-248
-153
4
-213
-218
-125
-262
-229
-211
-262
-366
-109
-166
-266
-223
-250
-244
-269
-301
-217
-195
-291
-368
-256
-262
-326
-231
-235
-340
-295
-238
-268
-311
-459
-342
-119
-206
-199
-225
-268
-244
-180
-267
-271
-308
-283
-401
-251
-138
-261
-221
-346
-172
-337
-290
-246
-266
-119
-157
-152
-242
-203
-259
-254
-250
637
-207
-273
-228
-236
-341
-85
-211
-307
76
-198
-155
-155
-240
-299
-280
-291
-205
-343
-243
-141
-244
-142
-243
-316
-254
-269
-214
-294
-257
-235
-204
-316
-286
-257
18
-146
-276
-169
-232
-229
-130
649
-248
-209
-217
-228
-266
-196
-184
-289
-191
-271
-203
-340
-341
-209
-162
-220
-238
-247
-272
-277
-139
-174
-93
-194
-207
-210
-279
-220
-252
-143
-121
-201
-256
-274
-222
-198
-174
-55
-157
-74
-279
-158
-165
-241
-234
-196
-207
-249
-184
-183
-102
-249
-293
-285
-302
-278
-268
-284
-245
-215
-248
-217
-265
-273
-268
-172
-191
-197
-220
-268
-270
-164
-288
-355
-298
-305
-305
-167
-260
-200
-218
-105
-158
-171
-291
-262
-304
-255
-215
-293
-200
-176
-271
-255
-214
-211
-208
-187
-243
-273
-151
-263
-178
-234
-236
-245
-247
-218
-245
-267
-298
-252
-331
-267
-150
-265
-156
-242
-286
-300
-196
-132
-223
-334
-334
-216
-199
-232
-295
-161
-209
-186
-246
-281
-152
-53
-138
-249
-259
-197
-255
-226
-279
-324
-241
-182
-349
-259
301
-202
-314
-302
-230
-196
-250
-299
-301
-276
-178
-231
-232
-189
-217
-280
-266
-282
-229
-185
-315
-234
-282
-185
-213
-214
-275
-33
-187
-58
-179
-259
-271
-130
-262
-198
-335
-236
-320
-284
-308
-130
-96
-313
-194
-215
-258
-189
-8
-292
-312
-132
-295
-306
-320
-278
-320
-191
-252
-270
-294
-271
-231
-212
-181
-306
35
-276
633
-57
-222
-267
-227
-209
-209
-273
-197
-201
-132
-320
-202
-181
-380
-284
-408
-268
-238
-54
-277
-238
-363
-295
-245
-208
-235
-276
-258
-197
-191
-228
-222
-267
-216
-250
-78
-265
-217
-158
-282
-306
-136
-273
-226
-200
-268
-321
-249
-181
-249
-242
-382
-245
-176
-123
-149
-269
-279
-172
-189
-91
-222
-229
-245
-41
-310
-273
-287
-271
-176
-277
-297
-302
-235
-283
-126
-261
-168
-109
-195
-256
-177
-270
-223
-207
-158
-139
-236
-284
-286
-252
-263
-310
-263
-191
-269
-274
-217
-192
-206
-154
-361
-182
-198
-168
-104
-246
58
-223
-237
-169
-228
-196
-229
-182
-52
-108
-458
-296
-255
-27
-114
77
-246
-482
-262
-133
-209
-230
-202
-242
-242
-92
-284
-251
-182
-339
-176
-324
-271
-389
-274
-303
-293
-238
-218
-106
-226
-183
-317
-143
-209
-166
-23
-209
-245
-267
-194
-216
-319
-265
-212
-254
-242
-230
-321
-156
-211
-170
-144
-270
-273
-176
-252
-154
-292
-215
-242
-181
-216
-170
-261
-218
-225
-221
-274
-277
-204
-211
-218
-184
-121
-256
-217
-228
-161
-297
-241
-217
-169
-148
-142
-273
-168
-280
-307
-209
-109
-237
-180
-319
-269
-115
-259
-212
-270
-219
-289
-234
-270
-285
-208
-52
-249
-252
-212
-143
-614
-222
-225
-177
-324
-270
-151
-303
-184
-225
-309
-201
-203
-296
-232
-199
-222
-187
-381
-268
-287
-265
-216
-215
-183
-310
-166
-285
-309
-225
-283
-271
-175
-255
-242
-217
-181
-242
-205
-166
-271
-340
-254
-271
-256
-238
-203
-237
-238
-289
-154
-291
-283
-258
-276
-323
-222
-347
-207
-299
-196
-359
-212
-202
-280
-41
-307
-367
-271
-258
-230
-217
-254
-217
-154
-266
-255
-277
-231
-248
-217
-176
-277
-172
-215
-112
-292
-254
-128
-237
-192
-216
-215
-229
-282
-205
-201
-148
-201
-191
-237
-232
-294
-207
-244
-71
-182
-78
-209
-229
-297
-95
-113
-169
-221
-261
-190
-224
-107
-222
-226
-247
-275
-238
-237
-257
-234
-277
-268
-245
-261
-162
-263
-237
-243
-273
-267
-179
-199
-270
-172
-210
-167
-243
2
-209
-157
-64
-265
-229
-272
-289
-14
-290
-208
-219
-278
-171
