3483
3288
3496
3326
3448
3366
3514
3491
3462
3548
3378
3517
3469
3325
3403
3729
3540
3435
3370
3524
3447
3443
3396
3401
3385
3468
3494
3294
3472
3423
3618
3276
3446
3506
3490
3423
3559
3389
3379
3419
3423
3430
3362
3590
3444
3434
4609
3488
3326
3400
3662
3443
3522
3502
3466
3526
3349
3482
3303
3392
3439
3544
3418
3525
3546
3601
3438
3340
3667
3634
3361
3409
3454
3466
3396
3609
3519
3537
3389
3445
3426
3392
3542
3460
3353
3371
3425
3356
3325
3686
3578
3436
3516
3471
3476
3500
3509
3544
3542
3580
3420
3553
3402
3482
3533
3385
3354
3421
3441
3961
3565
3445
3366
3358
3373
3356
3485
3384
3460
3345
3518
3677
3383
5287
3395
3400
3556
3474
3446
3464
3457
3321
3282
3480
3474
3601
3496
3480
3556
3428
3424
3398
4229
3815
3593
3396
3492
3668
3456
3446
3408
3560
3573
3467
3302
3444
3516
3420
3358
3284
3405
3374
3351
3436
3546
3501
3461
3661
3506
3527
3351
3533
3405
3461
3482
3443
3459
3462
3387
3542
4848
3506
3389
3473
3472
3410
3555
3456
3378
3462
3540
3499
3494
3546
3436
3528
3506
3528
3540
3419
3515
3298
3419
3508
3527
5307
3325
3361
3523
3593
3398
3366
3471
3585
3448
3402
3461
3430
3377
3439
3534
3437
3387
3471
3373
4518
3399
3504
3394
4493
3540
3476
3529
3455
3465
3534
3389
3317
3530
3494
3439
3450
3465
3737
3547
3356
3371
3463
3464
3290
3500
3493
3299
3424
3451
3419
3356
3439
3434
3466
3522
3420
3452
3526
3487
3547
3625
3477
3560
3614
3519
3474
3503
3903
3507
3483
3486
3450
3433
3400
3371
3561
3402
3382
3539
3499
3523
3821
3443
3419
3336
3474
3359
3537
3527
3490
3387
3368
3465
3429
3390
3444
3516
3368
3166
3397
3461
3397
6605
3399
3579
3563
3508
3435
3429
3271
3213
3364
3578
3433
3519
3481
3474
3544
3525
3406
3390
3848
3447
3393
3489
3535
3359
3521
3815
3533
3520
3392
3514
3544
3404
2975
3474
3371
3454
3541
3509
3535
3283
3562
3449
3422
3703
3428
3511
3551
3477
3507
3401
3320
3868
3503
3477
3461
3480
3361
3535
3659
3529
3370
3656
3481
3434
3483
3852
3500
3467
3429
3435
3492
3472
2870
3523
3548
3691
3495
3530
3516
3515
3610
3424
3422
3363
3531
3402
3216
3455
3524
3393
3485
3435
3455
3529
3407
3421
3594
3324
3417
3533
3519
3461
3514
3555
3368
3472
3433
3424
3512
3514
3507
3419
3476
3665
3394
3459
3516
3431
3263
3305
3468
3594
3617
3505
3507
3418
3310
3469
3379
3355
3474
3512
3569
3463
3406
3356
3702
3388
3471
3553
3398
3400
3591
3670
3496
3417
3434
3386
3406
3571
3476
3498
3299
3411
3562
3618
3375
3579
3621
3322
3522
4355
3319
3574
3509
3377
3443
3353
3333
3558
3541
3503
3477
3361
3422
3442
3493
3582
3656
3423
3450
3443
3511
3548
3421
3509
3424
3404
3455
3480
3438
3677
3621
3430
3561
3460
3628
3401
3388
3496
3549
3516
3357
3583
3405
3706
3526
3493
3358
3468
3312
3579
3479
3464
3505
3461
3442
4421
3381
3531
3391
3430
3378
3499
3524
3532
3855
3446
3442
3436
2887
3419
3434
3635
3543
3617
3534
3480
3409
3540
3481
3315
3544
3545
3495
3393
3524
3182
3570
3535
3509
3441
3406
3339
3482
3423
3508
3451
3568
3306
3516
3459
3311
3501
3448
3385
3413
3361
3532
3502
3503
3399
3544
3450
3531
3418
3454
3584
3357
3695
3279
3343
3345
3464
3562
3472
3417
3507
3449
3530
3388
3378
3456
3412
3569
3384
3569
3475
3474
3637
3365
3446
3470
3505
3477
3412
3429
3451
3514
3477
3539
3639
3438
3444
3478
3481
3421
3512
3445
3385
3437
3509
3402
3580
3515
3450
3451
3475
3460
3443
3526
3428
3588
3482
3483
3431
3654
3468
3680
3585
3631
3461
3522
3452
3343
3494
3550
3540
3607
3481
3520
3472
3520
3370
3576
3513
3462
3487
3873
3525
3522
3765
3407
3448
3467
3498
3580
3409
3391
3338
3453
3484
3452
3379
3634
3424
3592
3396
3462
3537
3562
3448
3454
3440
3429
3422
3435
3528
3451
3454
3516
3528
3525
3606
3412
3507
3379
3508
3627
3482
3491
3365
3355
3576
3566
3473
3558
3660
3387
3424
3487
6291
3501
3505
3513
3449
3444
3441
3653
3562
3481
3359
3445
3492
2701
3511
3492
3488
3512
3408
3467
3503
3484
3468
3566
3554
3467
3383
3445
3459
3499
3705
3311
4361
3509
3435
3429
3972
3343
3547
3519
3269
3191
3388
3475
3491
3419
3432
3444
