3381
3429
3198
3323
3208
3344
3191
3170
3347
3260
3180
3208
3264
3279
3375
3208
3180
3245
3336
3396
3223
3264
3424
3294
3331
3280
3178
3296
3156
3490
3362
3266
3290
3281
3510
3407
3150
3341
3257
3253
3396
3377
3260
3322
3331
3235
3364
3364
3474
3460
3157
3357
3342
3204
3229
3294
3405
3182
3382
3279
3279
3256
3303
3197
3397
3293
3429
3389
3332
3329
3404
3374
3402
3233
3314
3150
3260
3170
3325
3364
3387
3369
3309
3351
3266
3353
3202
3367
3438
3247
3284
3373
3174
3081
3319
3372
3112
3303
3297
3334
3451
3485
3226
3338
3188
3182
3330
3319
3352
3162
3287
3275
3296
3350
3427
3447
3312
3403
3275
3374
3259
3237
3424
686
3332
3188
3228
3127
3312
3325
3388
3402
3223
3344
3288
3420
3337
3236
3346
3197
3384
3382
3339
3050
3254
3344
3334
3077
3323
3183
3222
3161
3273
3347
3404
3269
3314
3199
3294
3192
3297
3270
3394
3409
3107
3364
3249
3269
3088
3325
3356
3308
3295
3345
3336
3418
3222
3333
3325
3276
582
3329
3443
3488
3425
3396
3109
3325
3246
3369
3335
3417
3159
3211
3240
3271
3368
3288
3354
3289
3343
3323
3396
3187
3201
2858
3431
3334
3366
3246
3239
3390
3319
3173
3326
3254
3278
3264
3198
3333
3367
3267
3364
3203
3306
1378
3333
3230
3322
3123
3108
3386
3286
3404
3368
3233
3207
3296
3269
3110
3370
3382
3273
3162
3402
3230
3364
3314
3167
3304
3306
3521
3294
3322
3287
3309
3341
3098
3299
3267
3392
3350
3504
3378
3231
3077
3176
3284
3255
3334
3290
3311
3339
3306
3376
3349
3180
3313
3280
3256
3239
3187
3433
3153
3195
3362
3223
3389
3295
3379
3247
3208
3328
3188
3185
3248
3332
3364
3255
3309
3342
3212
3349
3440
3316
3330
3288
3308
5878
3407
3199
3140
3134
3365
3401
3233
3283
3350
3334
3303
3410
3256
3290
3271
3363
3353
3329
3135
3373
3370
3276
3156
3379
3307
3275
3284
3120
3367
3398
3266
3310
3443
3312
3307
3301
3228
3281
2984
3288
3110
3303
3307
3277
3270
3406
3270
3184
3181
3250
3312
3260
3218
3306
3299
3348
3225
3255
3345
3311
3329
3166
3242
3401
3251
3076
3393
3325
3304
3213
3338
3337
1023
3315
3183
3091
3393
3398
3435
3421
3223
3320
3307
3332
3233
3452
3455
3239
3336
3305
3289
3249
3232
3215
3309
3349
3190
3338
3344
3269
3385
3350
3136
3356
3426
3305
3311
3299
3252
3455
3193
3305
3278
3240
3241
3355
3371
3362
3398
3358
3241
3206
3139
3367
3227
3398
3394
3239
3309
3361
3338
3274
3386
3234
3192
3382
3075
3266
3285
3362
3166
3342
3298
3292
3246
3407
3417
3267
3354
3052
3215
3320
3232
3425
3335
3147
3329
3167
3074
3357
3344
3289
3322
3375
3331
3207
3239
3483
3397
3200
3320
3366
3330
3284
3319
3325
3308
3316
3119
3275
3302
3315
3372
3401
3182
3342
3395
3300
3296
3271
3351
3185
3279
3176
3175
3310
3364
3321
3271
3335
3361
3234
3369
3401
3328
3230
3309
3354
3172
3320
3208
3400
3322
3297
3288
3273
3321
1369
3305
3336
3250
3309
3408
3401
3374
3213
3157
3436
3303
3232
3334
3293
3260
3472
3368
3305
3207
3244
3411
3199
3344
3426
3223
3234
3315
3289
3357
3328
3178
3291
3389
3387
3280
3357
3280
3278
3301
3295
3256
3397
3288
3252
3362
3208
3238
3258
3316
3418
3069
3226
3252
3274
3289
3356
3313
3394
3251
3165
3403
3203
3418
3417
3366
3352
3362
3342
3254
3268
3398
3346
3355
3370
3395
3321
3133
3316
3176
3352
3367
3256
3370
3281
3232
3373
3309
3162
3340
3195
3406
3368
3236
3034
3269
3492
3431
3389
3299
3258
3213
3299
3325
3193
3364
3264
3216
3441
3166
3272
3428
3213
3215
3252
3071
3260
3108
3359
3183
3253
3206
3202
3151
3415
3303
3242
3423
3206
3314
3167
3265
3353
3322
3351
3323
3331
3318
3429
3194
3375
3061
3228
3241
3069
3312
3277
3232
3346
3256
3248
3332
3360
3309
3467
3346
3263
3324
3383
3308
3266
3298
3254
3336
3464
3238
3315
3405
3318
3343
3204
3212
3266
3197
3348
3410
3239
3383
3270
3219
3154
2893
3415
3415
3268
3352
3224
3266
3255
3375
3094
3317
3367
3275
570
3421
3341
3284
3401
3356
3294
3246
3189
3270
3333
3383
3395
3313
3131
3295
3326
3181
3369
3235
3331
3310
3305
3263
3274
3327
3380
3327
3401
3252
3475
3403
3190
3255
3331
3190
2652
3302
3334
3275
3362
3341
3321
3207
3250
3266
3321
3387
