3200
3318
3133
3013
3132
3119
3132
3208
3249
3083
3015
2991
2985
2869
3183
3044
3103
2992
3273
2970
3135
3039
3118
3161
2989
3169
3018
3268
3163
3116
3194
3035
3122
3223
3210
3193
3244
3158
3132
3017
3173
3142
3261
3202
3216
3097
2859
3273
3201
3233
3158
3160
3119
2574
3048
3153
3219
2893
3262
3070
3179
3038
2706
2960
3117
3152
3183
3251
3146
3179
3215
3181
3061
3073
3276
2956
3151
2893
3080
3120
3205
3274
3203
3139
2915
3113
3050
3140
3211
3258
3167
3157
2075
3172
3163
3031
2598
3003
3178
3262
3264
3240
3156
3029
3036
2499
3034
3245
3040
3040
3136
3091
2886
3179
3268
3123
3125
3252
3183
3137
3121
2080
3184
3082
2877
3151
3172
3198
3158
3050
3231
3124
2746
3025
3194
3251
3115
3152
3208
2602
3206
3188
3150
3157
3122
409
3217
3085
3109
3131
3070
3120
2916
3269
3248
3083
3133
2957
3186
1942
3218
3217
2985
3310
3131
3190
3104
3148
2487
3193
3224
3135
2976
3173
3211
1345
3086
3144
3114
3119
3181
3280
3047
3125
3216
3211
3138
2987
3223
3168
3159
3026
2971
3034
3150
3166
3266
3064
3046
2977
3136
3024
2392
3121
3195
3041
3127
3090
3225
3062
3155
3223
3043
3190
3154
2569
2173
3198
2522
3007
3181
3098
3184
3109
3166
2496
3111
3034
3226
3230
3068
3136
3107
3203
3262
3117
3136
2966
3259
3055
3079
3254
3237
3005
3170
2565
2944
3088
3127
2968
3075
2921
3129
3212
3258
3083
3017
3073
3044
3136
3243
3198
3263
3117
2885
3025
3167
3161
3163
3209
3177
3207
3212
3115
3301
3175
3091
3216
3186
3164
2990
3140
3244
2517
3171
3020
3171
3209
3086
3269
3131
2594
3082
3150
3109
2918
2757
2925
3154
3118
3100
3225
3195
3256
2865
3157
3082
3219
1409
3125
3138
2787
3184
3086
3146
3092
3214
3215
3140
2959
3129
3119
3126
3218
3163
3182
2979
3234
3207
3166
3127
2691
3202
3179
3145
3148
3083
3279
3229
3166
3019
3209
3117
3175
3042
2671
3220
3146
3181
3227
3161
3266
3217
2741
3257
3166
3077
3168
3049
3206
3141
3201
3081
3120
3180
3103
3137
3202
3199
2988
3171
3231
3249
3152
3138
3211
3180
3172
3026
3259
3186
1642
3224
3145
3093
3199
3096
3236
3234
3014
3041
3172
3094
3200
3188
3224
3172
3087
3201
3221
3086
2809
3140
3132
3004
3146
3206
3099
3120
3227
3213
3163
3263
3276
3169
3084
3177
3166
3159
2640
3082
2938
3175
3001
3149
3141
3200
3155
3233
3040
3174
2981
3214
3064
3174
3301
3247
3144
3169
3090
3060
3188
3098
2618
3180
3105
3120
3130
3160
3075
3237
3211
3071
3186
3289
3278
3222
3255
3033
3143
3116
2675
3216
3172
3146
2876
2967
3092
3000
3249
3106
3025
3072
3208
3182
3162
3063
3193
3107
3134
3218
3070
2637
3152
3172
3082
3167
3132
3082
3174
3209
3116
2942
3245
3137
3208
2658
3065
3222
3086
3125
3086
3196
2978
3071
3222
3083
3098
3180
3159
3135
3029
2986
3154
3123
3095
3184
2340
3167
3145
3284
2840
3213
3102
3067
3229
3179
3190
3096
2652
2983
3025
3239
3194
3236
3118
3145
3173
3024
3278
2994
1434
3254
3043
3245
2823
3127
2985
3061
3076
3224
3003
3131
3213
3236
3284
3089
3010
3228
3197
3241
3134
3074
3185
3115
3129
3145
3171
3221
3251
3100
3257
3214
2866
3079
3110
3227
2573
3189
3221
3236
3236
3104
3112
3213
3164
3000
3238
2984
3211
3168
3097
3244
3080
2994
3095
3161
3158
3206
3142
3125
3279
3259
3117
3189
3086
3189
3057
3060
3109
3181
3059
3194
3012
2577
3227
3067
3251
3189
3057
3095
3209
3238
3224
3157
3196
3228
3160
3137
3225
3146
3119
3112
3202
3166
3170
3209
3217
3056
3209
3184
3080
3236
2990
3303
3184
3098
3212
3204
3075
3241
3137
3012
3060
1058
3032
2953
3162
3217
3146
3191
3216
3196
3151
3157
3100
3172
2959
3148
3093
2620
3153
3096
3039
3264
3174
3072
3105
3232
3039
3202
3207
3064
3158
3256
3132
3062
3234
3193
3205
3122
3101
3104
3304
3159
3047
3072
3064
3135
2460
3219
3145
2931
3191
3158
3119
2952
3050
3264
3169
3068
3127
2981
3225
3108
3142
3026
3192
3269
3053
3166
3220
3266
3222
3093
3234
3143
3157
3081
3167
3108
3191
3276
3317
2991
3110
3196
2961
3182
3081
3147
3187
3206
3034
3051
3165
3112
3220
3146
3233
3261
3229
3079
3078
3195
3049
2762
3242
3243
3086
3175
3197
3208
3165
3148
3007
3105
3269
