3624
3567
3329
3292
3886
3546
3638
3611
3557
3412
3138
3164
3280
3154
3465
3378
3049
3128
3704
3706
3712
3404
3571
3670
3234
3788
3287
3644
3303
3387
3565
3300
3680
3674
3592
3529
3554
3516
3490
4019
3524
3645
3527
3500
3543
3380
3814
3576
3677
3505
3672
3486
3901
3195
3398
3225
3423
3208
3518
3233
3570
3111
2749
3420
3443
3440
3479
3553
3487
3766
3582
3657
3500
3017
3635
2989
3471
2745
3230
3335
3546
3695
3671
3410
2783
3172
3343
3382
3497
3632
3339
3570
4293
3367
3353
3147
2680
3318
3438
3672
3636
3690
3543
3335
3159
2505
3414
3601
3406
3219
3500
3474
3335
3658
3522
3418
3453
3562
3643
3404
3523
3058
3283
3362
2929
3243
3430
3083
3455
3363
3649
3261
2606
3446
3425
3695
3417
2982
3572
2814
3647
3653
3628
3653
3175
3407
3508
3398
3524
3573
3227
3434
3044
3603
3505
3327
3542
3375
3572
2699
3558
3622
3186
3597
3406
3622
3533
3296
3679
3497
3458
3441
3269
3736
3656
3216
3146
3325
3324
3357
3439
3571
3329
3647
3671
3481
3808
3516
3598
3419
3541
3869
3684
3323
3498
3559
3624
3368
3288
3051
3590
3488
2587
3277
3403
3460
3513
3307
3490
3374
3243
3641
3438
3382
3372
2438
2676
3657
2888
3409
3529
3631
3473
3167
3549
2572
3339
3302
3532
3571
3397
3514
3447
3547
3484
3317
3496
3072
3578
3252
3319
3528
3451
3121
3270
2730
3311
3301
3309
3248
3324
3850
3332
3436
3590
3410
3311
3293
3117
3403
3600
3497
3634
3425
3247
3170
3439
3388
3410
3603
3429
3485
3414
3308
3607
3623
2996
3500
3453
3592
3119
3626
3627
2839
3583
3125
3512
3772
3395
3611
3324
2902
3598
3398
3602
3004
2757
3823
3460
3471
3672
3544
3499
3537
3958
3475
3449
3631
6860
3478
3267
2657
3258
3396
3507
3266
3607
3550
3380
2716
3481
3375
3352
3540
3550
3613
3175
3513
3559
3412
3138
2637
3468
3828
3614
3397
3513
3667
3580
3454
3116
3740
3109
3495
3149
2621
3611
3582
3450
3755
3449
3632
3473
2532
3557
3514
3368
3299
3356
3537
3518
3248
3307
3260
3474
3583
3183
3569
3531
3219
3524
3384
3662
3481
3616
3566
3502
3457
3449
3704
3450
15317
3444
3742
3410
3457
3514
3579
3489
3616
3157
3367
3541
3171
3589
3478
3476
3375
3403
3599
3358
3031
3105
3451
3068
3418
3624
3262
3597
3535
3322
3441
3619
3476
3374
3291
3302
3446
3527
2903
3360
3335
3559
3290
3467
3470
3468
3496
3547
3196
3482
3279
3589
3264
3429
3776
3548
3365
3571
3527
3404
3603
3286
2413
3482
3446
3821
3318
3494
3307
3627
3580
3790
3509
3685
3571
3380
3572
3298
3574
3463
2862
3529
3625
3523
3157
3002
3243
3173
3259
3764
3152
3440
3507
3161
3428
3277
3540
3464
3453
3476
3548
2722
3407
3274
3521
3337
3479
3422
3487
3627
3463
3332
3588
3491
3401
2589
3248
3504
3299
3243
3488
3272
3288
3241
3555
3439
3385
3524
3493
3043
3186
3413
3533
3456
3543
3571
2709
3896
3358
3619
3120
3636
3457
3357
3458
3305
3561
3467
2662
3381
3353
3512
3386
3606
3331
3513
3354
3128
3724
3220
2722
3592
3283
3562
4032
3575
3374
3382
3504
3607
3144
3446
3651
3626
3432
3455
3182
3671
3548
3605
3439
3394
3640
3331
3413
3223
3509
3505
3516
3333
3627
3480
2804
3387
3482
3562
2552
3608
3475
3363
3424
3614
3347
3466
3506
3997
3530
3310
3488
3576
3551
3674
3282
3262
3249
3443
3420
3557
3430
3364
3631
3644
3408
3644
3446
3608
3235
3499
3473
3357
3239
3569
3098
2489
3395
3264
3642
3509
3263
3231
3513
3632
3434
3453
3676
3741
3409
3350
3642
3310
3337
3454
3514
3550
3364
3607
3540
3106
3649
3521
3366
3464
2935
3605
3206
3461
3496
3319
3469
3625
3535
3350
3245
2649
3242
3203
3449
3485
3246
3505
3600
3628
3701
3523
3297
3620
3392
3478
3354
2307
3472
3305
3275
3542
3453
3571
3616
3776
3490
3652
3616
3514
3528
3625
3469
3267
3512
3659
3587
3468
3565
3364
3661
3522
3605
3345
2952
3342
2712
3683
3554
3348
3360
3572
3302
3310
3397
3555
3526
3147
3589
3340
3346
3263
3602
3317
3505
3629
3205
3264
3432
3580
3390
3436
3564
3391
3297
3497
3601
3513
3606
3607
3720
3584
3298
3612
3214
3625
3032
3446
3569
3634
3352
3209
3624
3345
3409
3480
3578
3663
3604
3289
3424
3539
3252
3536
3480
3431
3015
3592
3497
3403
3572
3518
3126
3205
3593
