3436
3349
3310
3328
3219
3366
3229
3432
3429
3339
3242
3233
3318
3283
3323
3193
3236
3289
3337
3349
3396
3295
3405
3222
3248
3310
3332
3356
3166
3334
3406
3289
3184
3364
3444
3390
3252
3396
3359
3277
3383
3318
3338
3293
3391
3249
3225
3467
3440
3462
3415
3415
3209
3218
3230
3274
3358
3197
3431
3341
3338
3267
3277
3238
3412
3419
3383
3358
3425
3299
3345
3362
3392
3216
3377
3163
3298
3145
3327
3286
3421
3425
3288
3272
3239
3322
3304
3481
3363
3348
3328
3326
2830
3331
3357
3322
3045
3355
3339
3339
3342
3404
3328
3285
3392
3142
3431
3285
3271
3320
3313
3385
3152
3345
3387
3338
3357
3441
3399
3268
3292
3267
3403
3060
3214
3262
3359
3195
3257
3319
3457
3408
3228
3220
3368
3405
3419
3179
3410
3217
3376
3431
3269
3261
3354
3191
3345
3317
3303
3238
3273
3303
3148
3415
3356
3329
3418
3217
3427
3266
3390
3377
3367
3394
3315
3355
3356
3367
2988
3322
3394
3394
3289
3308
3344
3172
3366
3314
3318
3281
3111
3326
3382
3467
3366
3325
3404
3365
3338
3399
3340
3108
3275
3320
3310
3316
3397
3131
3356
3262
3404
3289
3269
3232
3277
3174
3386
3372
3430
3331
3255
3329
3323
3142
3386
3155
3232
3328
2986
3296
3324
3286
3428
3337
3372
2828
3340
3271
3416
3278
3172
3421
3314
3438
3396
3346
3260
3327
3372
3185
3297
3349
3360
3245
3371
3265
3315
3321
3295
3177
3225
3386
3289
3392
3404
3262
3269
3246
3333
3389
3409
3410
3441
3443
3253
3091
3429
3305
3360
3371
3360
3332
3344
3400
3424
3438
3194
3419
3378
3297
3194
3330
3385
3294
3227
3393
3318
3446
3296
3402
3281
3240
3277
3277
3278
3212
3165
3205
3245
3268
3306
3234
3351
3360
3143
3280
3216
3299
4746
3275
3209
3237
3232
3300
3409
3329
3421
3351
3341
3274
3285
3295
3255
3306
3362
3441
3404
3354
3433
3339
3314
3224
3493
3373
3189
3277
3289
3371
3340
3342
3253
3444
3343
3346
3343
3155
3407
3251
3288
3190
3300
3412
3400
3303
3403
3325
3298
3208
3345
3256
3288
3281
3374
3369
3374
3326
3172
3373
3399
3312
3346
3356
3451
3372
3229
3431
3364
3336
3221
3410
3313
1371
3352
3280
3329
3410
3294
3381
3375
3347
3280
3318
3368
3358
3439
3444
3329
3220
3390
3385
3324
3279
3242
3366
3275
3175
3403
3341
3210
3371
3311
3281
3301
3488
3361
3217
3290
3303
3387
3251
3355
3101
3377
3279
3360
3349
3395
3367
3388
3210
3480
3210
3340
3098
3438
3427
3313
3329
3374
3360
3319
3395
3271
3195
3410
3297
3352
3307
3279
3210
3437
3376
3368
3335
3376
3399
3373
3384
3324
3243
3320
3107
3470
3392
3385
3302
3227
3241
3325
3319
3330
3311
3353
3407
3270
3356
3310
3410
3289
3264
3372
3204
3240
3330
3351
3389
3294
3338
3154
3316
3322
3354
3362
3322
3336
3422
3219
3289
3318
3411
3230
3317
3267
3136
3251
3386
3290
3391
3322
3435
3262
3240
3374
3465
3298
3108
3379
3145
3322
3351
3364
3310
3261
3447
3408
3389
3286
3375
3415
3129
3315
3363
3368
3406
3353
3213
3389
3391
3181
3553
3290
3268
3485
3340
3491
3203
3301
3476
3219
3247
3368
3233
3331
3351
3319
3393
3317
3194
3340
3376
3416
3292
3297
3376
3273
3400
3208
3384
3393
3452
3355
3361
3424
3267
3268
3312
3445
3236
3310
3251
3288
3364
3354
3342
3406
3406
2988
3432
3209
3367
3407
3408
3395
3332
3276
3311
3435
3360
3374
3417
3417
3393
3362
3291
3356
3324
3347
3233
3344
3362
3365
3161
3388
3298
3063
3381
3364
3369
3415
3291
3064
3321
3434
3374
3337
3440
3300
3286
3350
3433
3373
3296
3358
3261
3403
3375
3414
3479
3246
3379
3289
3250
3443
3235
3420
3400
3274
3284
3325
3330
3330
3423
3253
3252
3211
3304
3191
3293
3386
3296
3343
3413
3349
3328
3397
3296
3356
3207
3273
3325
3114
3323
3226
3210
3380
3280
3274
3362
3493
3367
3378
3313
3268
3454
3341
3314
3312
3401
3349
3462
3327
3483
3319
3407
3415
3346
3356
3324
3240
3182
3412
3356
3322
3397
3390
3204
3265
3295
3246
3427
3320
3410
3171
3322
3326
3381
3394
3398
3432
3310
3225
3353
3327
3356
3314
3358
3339
3326
3281
3343
3315
3380
3411
3455
3039
3363
3390
3159
3428
3293
3399
3321
3435
3244
3304
3400
3356
3344
3374
3385
3341
3383
3306
3331
3266
3255
3239
3315
3417
3353
3458
3339
3313
3288
3317
3159
3326
3404
