3390
3408
3378
3348
3309
3320
3295
3484
3494
3349
3200
3013
3227
3170
3424
3287
3310
3279
3442
3029
3174
3149
3427
3369
3267
3334
3142
3413
3137
3500
3508
3103
3305
3430
3462
3411
3394
3313
3343
3154
3470
3366
3492
3267
3494
3220
3202
3483
3462
3455
3253
3485
3338
2865
3341
3184
3430
2977
3427
3246
3324
3228
2869
3150
3447
3453
3403
3426
3334
3350
3472
3525
3352
3153
3391
3043
3424
2990
3291
3222
3443
3456
3446
3368
3111
3232
3291
3419
3423
3419
3301
3331
2434
3345
3267
3384
2766
3203
3449
3460
3499
3454
3384
3265
3176
3008
3412
3487
3311
3172
3299
3426
3227
3276
3443
3369
3371
3509
3416
3180
3363
2605
3266
3309
2974
3284
3317
3214
3409
3148
3452
3367
2908
3348
3448
3442
3331
3227
3410
2897
3445
3435
3425
3440
3424
2286
3488
3397
3402
3193
3431
3410
3084
3443
3510
3271
3414
3082
3456
2832
3412
3570
3347
3520
3275
3391
3401
3181
2283
3418
3551
3317
3233
3294
3513
2810
3306
3253
3390
3308
3299
3504
3373
3387
3428
3416
3383
3362
3504
3368
3434
3241
3326
3424
3385
3357
3494
3231
3290
3239
3431
3310
2833
3260
3364
3134
3396
3266
3452
3221
3294
3455
3252
3263
3403
2979
2872
3477
2779
3250
3373
3335
3440
3300
3402
2771
3311
3122
3422
3441
3261
3392
3291
3511
3438
3332
3320
3188
3465
3176
3334
3469
3413
3267
3378
2865
3244
3344
3339
2682
3282
3250
3302
3447
3513
3327
3139
3248
3389
3291
3442
3304
3434
3429
3150
3268
3353
3381
3349
3456
3376
3404
3363
3469
3494
3441
3127
3390
3355
3389
3104
3395
3493
2940
3375
3418
3406
3334
3211
3557
3255
3092
3337
3397
3216
3167
3077
3054
3458
3426
3474
3383
3479
3452
3381
3356
3147
3475
2270
3457
3329
2860
3308
3265
3450
3358
3473
3492
3410
2788
3395
3287
3273
3318
3449
3418
3236
3429
3496
3384
3196
3095
3420
3327
3397
3387
3368
3482
3465
3395
3190
3619
3262
3462
3291
2826
3497
3321
3369
3362
3354
3419
3440
2951
3469
3408
3322
3224
3229
3280
3390
3317
3280
3342
3350
3416
3237
3405
3390
3129
3430
3387
3463
3289
3382
3431
3521
3381
3178
3539
3376
1599
3435
3344
3362
3486
3340
3472
3465
3322
3207
3373
3337
3316
3452
3547
3348
3128
3353
3456
3368
3272
3254
3339
3210
3216
3438
3348
3398
3488
3318
3459
3451
3441
3376
3275
3384
3305
3363
2900
3271
2987
3344
3291
3168
3304
3364
3270
3457
2972
3446
3274
3409
3241
3410
3469
3165
3303
3370
3274
3303
3468
3237
2737
3378
3288
3339
3299
3303
3178
3470
3497
3351
3266
3496
3484
3435
3410
3294
3294
3303
2830
3497
3461
3382
3101
3183
3238
3194
3419
3322
3189
3390
3441
3359
3422
3350
3464
3275
3310
3337
3286
2973
3312
3361
3343
3284
3459
3194
3385
3430
3414
3192
3430
3480
3406
2972
3306
3499
3256
3275
3376
3358
3221
3352
3552
3278
3326
3383
3424
3209
3274
3393
3487
3311
3257
3325
2850
3302
3316
3486
3008
3400
3316
3400
3471
3390
3404
3388
3099
3129
3307
3533
3417
3472
3316
3321
3471
3287
3669
3073
2909
3422
3244
3425
3006
3425
3419
3303
3312
3467
3161
3328
3498
3425
3401
3281
3212
3387
3503
3479
3342
3407
3405
3309
3347
3330
3485
3398
3427
3392
3512
3477
3074
3282
3429
3552
2853
3429
3439
3252
3501
3414
3269
3414
3398
3085
3568
3270
3534
3486
3376
3509
3337
3222
3308
3317
3430
3409
3425
3355
3569
3481
3359
3431
3234
3480
3138
3387
3342
3538
3177
3501
3258
2909
3468
3208
3568
3460
3212
3202
3386
3492
3464
3399
3359
3314
3279
3328
3450
3338
3116
3335
3257
3450
3306
3447
3446
3209
3430
3383
3212
3507
3212
3486
3403
3343
3499
3437
3259
3499
3445
3412
3252
2797
3206
3122
3432
3412
3293
3478
3504
3434
3456
3445
3317
3485
3297
3391
3341
2954
3454
3316
3203
3414
3429
3398
3385
3448
3423
3455
3416
3225
3407
3471
3378
3159
3535
3491
3444
3418
3470
3324
3517
3405
3312
3331
3163
3330
2719
3535
3389
3391
3419
3460
3222
3090
3237
3407
3488
3174
3418
3200
3448
3311
3486
3298
3326
3437
3259
3221
3455
3473
3368
3372
3430
3377
3309
3360
3373
3375
3374
3471
3719
3041
3338
3442
3242
3501
3091
3391
3369
3436
3305
3403
3314
3268
3326
3368
3501
3459
3429
3292
3420
3451
3174
3013
3459
3386
3149
3384
3316
3310
3336
3319
3218
3337
3502
