3587
3567
3251
3110
3783
3463
3497
3502
3445
3374
3053
2795
3199
3109
3448
3477
3199
3224
3741
3418
3508
3254
3406
3618
3226
3679
3110
3572
3242
3411
3519
3176
3533
3467
3460
3520
3445
3313
3508
3450
3484
3613
3598
3466
3228
3137
3886
3551
3630
3463
3644
3430
3704
3103
3392
3209
3360
2884
3288
3044
3418
3013
2957
3239
3381
3423
3363
3528
3287
3620
3562
3655
3398
3063
3537
3056
3320
3016
3118
3288
3431
3611
3730
3337
2701
3105
3344
3294
3454
3605
3363
3374
3545
3103
3247
3191
2991
3141
3384
3516
3694
3662
3526
3262
3097
2721
3149
3621
3399
3267
3417
3242
3199
3432
3436
3234
3273
3526
3483
3294
3355
2969
3149
3177
2901
3277
3392
3091
3450
3203
3539
3267
2834
3480
3388
3557
3334
3146
3392
2787
3612
3623
3592
3786
3194
2889
3540
3282
3505
3427
3187
3318
2953
3583
3484
3171
3417
3181
3610
2799
3498
3524
3159
3735
3224
3622
3462
3135
3144
3491
3440
3326
3131
3536
3671
3159
3065
3322
3204
3326
3115
3614
3321
3576
3584
3441
3700
3418
3592
3374
3455
3788
3575
3195
3473
3541
3488
3293
3340
2899
3455
3312
2874
3218
3195
3384
3343
3126
3470
3247
3048
3563
3318
3457
3317
2725
2987
3768
3252
3241
3500
3546
3446
3072
3386
2845
3233
3120
3450
3658
3351
3445
3406
3490
3366
3356
3260
3116
3501
3149
3033
3465
3486
3149
3216
2827
3138
3262
3157
3057
3259
3772
3380
3333
3591
3344
3171
3263
3090
3218
3650
3228
3526
3284
3113
3311
3362
3287
3221
3537
3310
3391
3399
3200
3534
3494
2843
3320
3182
3478
3143
3613
3580
2868
3439
3179
3596
3661
3226
3541
3201
3065
3597
3407
3454
3028
3054
3420
3560
3440
3806
3441
3481
3432
4041
3383
3235
3615
3669
3455
3265
2819
3372
3320
3506
3224
3577
3440
3377
2664
3397
3339
3261
3582
3478
3481
3055
3401
3494
3375
3111
2716
3321
3725
3711
3311
3224
3589
3556
3331
3124
3857
3027
3412
3001
2888
3513
3447
3405
3709
3416
3507
3526
2658
3523
3419
3243
3170
3277
3341
3510
3127
3214
3236
3434
3568
3174
3345
3425
3119
3414
3352
3584
3405
3633
3623
3551
3256
3272
3719
3413
13777
3507
3663
3373
3424
3440
3637
3443
3390
3175
3337
3386
3155
3515
3595
3440
3233
3461
3536
3182
2880
3077
3382
3066
3181
3453
3262
3510
3554
3353
3376
3675
3472
3176
3189
3317
3298
3387
3030
3337
2994
3483
3213
3305
3323
3307
3301
3429
3250
3364
3266
3353
3204
3507
3740
3318
3203
3492
3402
3291
3523
3289
2709
3357
3564
3792
3218
3445
3238
3423
3556
3679
3347
3738
3607
3281
3430
3231
3531
3308
3174
3475
3583
3558
3068
3076
3332
3048
3197
3807
2968
3375
3436
3148
3396
3218
3597
3407
3316
3420
3419
2888
3370
3270
3379
3424
3417
3129
3467
3552
3423
3284
3711
3515
3260
2893
3177
3610
3282
3154
3559
3159
3354
3193
3559
3158
3326
3516
3431
3038
3141
3236
3270
3416
3624
3485
2653
3650
3242
3589
3119
3623
3247
3357
3329
3193
3417
3448
3051
3329
3220
3594
3364
3559
3243
3408
3281
3127
3846
3281
3000
3491
3278
3586
3559
3356
3233
3469
3354
3630
3103
3447
3584
3552
3454
3363
3228
3550
3453
3458
3303
3292
3626
3332
3424
3082
3505
3358
3474
3161
3381
3417
2945
3285
3394
3383
2921
3629
3561
3318
3533
3538
3159
3409
3315
3940
3551
3189
3468
3636
3390
3660
3254
3093
3277
3354
3417
3521
3394
3185
3641
3627
3253
3458
3222
3765
3089
3446
3354
3358
3151
3535
3077
2742
3252
3193
3654
3452
3207
3220
3300
3610
3481
3430
3370
3470
3316
3250
3630
3267
3056
3273
3499
3427
3208
3458
3448
3077
3397
3476
3217
3358
3107
3621
3386
3333
3464
3175
3318
3726
3395
3392
3257
2807
3215
3205
3433
3439
3282
3567
3721
3649
3669
3413
3206
3591
3380
3324
3268
2769
3492
3456
3191
3494
3428
3495
3354
3605
3518
3603
3716
3363
3342
3567
3463
3054
3496
3659
3377
3330
3299
3363
3620
3449
3487
3283
3025
3202
2803
3772
3531
3211
3223
3469
3120
3173
3276
3613
3460
2964
3300
3348
3280
3185
3593
3378
3333
3574
3144
2746
3354
3643
3377
3444
3627
3346
3352
3344
3434
3410
3449
3509
3826
3301
3142
3579
3358
3612
2999
3354
3462
3530
3397
3096
3425
3222
3309
3446
3570
3682
3484
3157
3460
3415
3157
3274
3570
3347
2805
3498
3321
3230
3465
3360
3123
3249
3594
