3486
3342
3432
3191
3608
3382
3384
3564
3394
3409
3332
3298
3262
3324
3348
3434
3385
3281
3582
3356
3465
3357
3297
3332
3278
3346
3387
3523
3420
3324
3502
3316
3301
3421
3429
3248
3492
3336
3541
3356
3371
3391
3436
3493
3285
3326
4865
3397
3419
3446
3562
3374
3316
3294
3463
3474
3290
3326
3264
3315
3484
3338
3284
3436
3403
3467
3308
3469
3580
3406
3373
3455
3346
3351
3422
3513
3369
3507
3327
3318
3359
3473
3452
3343
3276
3253
3576
3191
3286
3582
3409
3338
3377
3415
3345
3353
3510
3335
3311
3457
3428
3474
3381
3356
3410
3261
3184
3473
3343
3616
3408
3396
3280
3308
3203
3249
3327
3301
3384
3259
3335
3329
3359
9009
3272
3348
3457
3381
3368
3356
3387
3297
3244
3337
3351
3366
3371
3325
3382
3315
3436
3454
3489
3815
3374
3241
3389
3588
3403
3379
3372
3481
3339
3439
3324
3347
3413
3487
3487
3482
3466
3389
3333
3476
3560
3439
3419
3474
3444
3366
3304
3439
3285
3337
3414
3242
3304
3365
3294
3393
9265
3455
3270
3384
3419
3290
3652
3391
3485
3256
3365
3325
3473
3383
3385
3499
3535
3270
3472
3236
3355
3234
3276
3397
3342
5356
3275
3280
3349
3442
3323
3384
3417
3577
3439
3274
3374
3511
3367
3350
3370
3460
3428
3299
3374
6287
3339
3366
3373
3948
3448
3298
3380
3344
3419
3392
3394
3428
3351
3501
3239
3369
3414
3513
3433
3287
3288
3354
3410
3256
3412
3470
3289
3365
3522
3306
3222
3543
3270
3391
3464
3349
3228
3320
3382
3476
3522
3286
3369
3455
3363
3480
3382
3372
3431
3433
3272
3315
3406
3403
3439
3593
3385
3282
3477
3163
3540
3629
3340
3359
3353
3577
3282
3562
3536
3368
3346
3230
3426
3255
3531
3391
3462
3292
3473
3344
3340
3466
2172
3243
3546
3400
3510
3286
3419
3179
3430
3275
3454
3165
3366
3549
3325
3593
3429
3338
3247
3740
3350
3288
3385
3222
3310
3578
3502
3345
3447
3316
3437
3398
3351
3498
3320
3287
3236
3383
3411
3572
3306
3605
3280
3374
3655
3250
3416
3484
3421
3357
3333
3357
3505
3300
3308
3339
3345
3589
3401
3413
3438
3192
3640
3304
3437
3521
3766
3433
3308
3426
3364
3488
3426
13090
3398
3590
3640
3387
3369
3434
3426
3496
3440
3329
3352
3348
3299
3305
3429
3412
3474
3454
3352
3346
3431
3315
3304
3410
3242
3347
3378
3422
3387
3500
3463
3269
3344
3262
3235
3427
3251
3391
3454
3291
3519
3353
3347
3366
3283
3281
3355
3346
3451
3618
3376
3313
3346
3476
3413
3326
3297
3407
3473
3390
3344
3308
3330
3959
3423
3483
3412
3442
3351
3552
3615
3397
3518
3394
3278
3277
3606
3546
3436
3347
3447
3530
3563
3229
3487
3637
3333
3349
4051
3349
3474
3411
3279
3384
3215
3573
3447
3356
3464
3211
3192
3336
3450
3403
3459
3650
3341
3359
3362
3359
3303
3667
3393
3317
3266
3341
3652
3401
3622
3417
3404
3546
3248
3447
3330
3306
3346
3412
3373
3314
3401
3389
3434
3400
3411
3283
3492
3364
3459
3415
3434
3368
3339
3323
6291
3320
3379
3242
3435
3232
3432
3331
3451
3526
3364
3383
3332
3547
3349
3411
3393
3428
3638
3509
3416
3369
3506
3284
3398
3404
3434
3593
3320
3361
3282
3578
3537
3319
3304
3249
3337
3543
3403
3494
3278
3537
3281
3436
3333
3288
3367
3296
3312
3293
3310
3541
3543
3395
3473
3460
3428
3345
3330
3391
3563
3499
3431
3349
3409
3331
3422
3437
3256
3425
3319
3303
3308
3338
3211
3464
3408
3498
3461
3397
3584
3281
3460
3273
3328
3446
3354
3250
3328
3339
3478
3534
3327
3529
3611
3371
3300
3401
3428
3453
3443
3475
3276
3524
3388
3239
3457
3527
3294
3405
3458
3421
3280
3437
3335
3477
3442
3437
3418
3611
3434
3520
3391
3371
3376
3410
3361
3201
3389
3392
3518
3492
3373
3451
3387
3483
3414
3485
3319
3438
3442
3602
3397
3310
3560
3441
3329
3405
3408
3483
3414
3385
3358
3599
3453
3512
3332
3377
3402
3450
3280
3389
3574
3403
3329
3411
3435
3352
3387
3376
3457
3362
3347
3423
3531
3387
3382
3283
3470
3437
3579
3713
3392
3374
3296
3290
3582
3261
3317
3495
3775
3293
3395
3366
9133
3374
3440
3382
3391
3456
3387
3593
3487
3360
3258
3363
3361
3688
3407
3354
3483
3404
3347
3337
3418
3469
3402
3475
3325
3387
3319
3390
3370
3512
3459
3380
3433
3444
3360
3512
4109
3382
3398
3386
3476
3247
3340
3474
3367
3303
3321
3450
