-179
-243
-244
-7
-273
-191
-183
-286
-238
-410
-266
-265
-351
-94
-441
-98
-280
-318
-177
-230
-101
-377
-304
-228
-248
-34
-253
-139
-200
-464
-246
-94
-209
-50
-9
-389
-485
-260
-71
-263
-237
-321
-158
-273
-225
-202
145
-214
-306
-212
-297
-154
-178
-262
-380
-257
-255
-175
-59
793
-180
13
-259
-283
-308
-332
-283
-7
-256
-140
-280
-337
-331
-365
-77
-306
-312
-252
-136
-263
-104
-151
-227
-321
-166
-260
-320
-2
-260
-234
-203
-265
-291
-226
-344
-25
-188
-23
-224
-276
-263
-280
-199
-202
-285
-164
-205
-219
-138
-285
-285
-307
-217
28
-294
-247
-202
-298
-233
-230
-90
-200
-77
-140
-218
-304
-201
-188
-337
-486
-311
-237
-99
-194
-150
-199
-130
-261
-186
-68
-149
-85
-217
-136
-85
-273
-176
-253
34
-232
-189
-147
-284
-89
-25
-177
-380
-86
-176
-107
-5
-191
-336
-62
-302
-193
-376
-228
-146
-325
-271
-379
-256
-184
-258
-35
-225
-299
-489
-204
-283
-59
-190
-226
646
-91
-285
-310
-192
-311
-168
-153
-279
-98
-268
-229
-125
-197
-77
-159
-32
-304
-303
-195
-275
-200
-140
-97
-190
-181
-330
-289
-70
-221
-219
-49
-211
-248
-218
-271
-114
-207
-179
-231
-327
-166
-230
-126
-23
-76
-158
11
-267
-222
-223
-290
-70
-214
-387
-387
-315
-194
-268
-145
-178
-138
-209
-309
-60
-165
-221
-191
-101
-231
-208
-280
-262
300
-313
-130
-156
-277
-191
-193
212
-354
-202
-181
-365
-234
-216
-344
-286
-217
-181
-202
-191
-320
-127
-220
-178
-306
-30
-122
-186
-151
-138
-127
-263
-92
-209
-175
-322
-300
1
-161
-223
-185
-280
-262
-244
-109
-244
-267
-244
-229
-239
-31
-283
-209
-180
-54
-230
-365
-244
-241
-267
-229
10
-181
-226
-210
-110
-184
-245
-209
-160
-329
-210
-158
61
-145
-314
-89
-158
-178
-348
-308
-190
789
-235
-118
-88
-326
-268
-191
-197
-223
-187
-320
-136
-80
-244
-294
-291
-14
-173
-162
-186
-91
-318
-167
-152
-166
-344
-201
-198
-260
-165
-261
-204
-224
-139
-283
-331
-176
-150
-306
-372
-258
-201
1
-114
-208
-255
-296
-312
13
-275
-174
-300
-285
-203
-204
-280
-243
-142
-283
-99
-223
-285
-131
-141
-151
-201
-294
-327
-121
-252
-28
-257
-248
-201
-220
-358
-173
-219
-481
-43
-214
-149
17
-243
-286
-211
-318
-218
-198
-191
-152
-51
-91
-160
-304
-480
-286
-336
-362
-312
-245
-265
-260
-159
-119
-159
-222
50
-228
-214
-399
-215
-128
-96
-275
-223
-142
-129
74
-172
-125
63
-54
-322
-215
-239
-322
-234
-283
-49
45
-278
-250
-280
-281
-184
-69
-303
33
-178
-28
-54
22
-178
-247
-258
-408
-300
-242
-295
-227
-156
-363
-222
-169
-288
-230
-277
-261
-111
-315
-175
-77
-206
-253
-249
-259
-217
-210
-352
-217
-174
-131
-218
-169
-198
-215
-34
-357
-224
-299
-364
-244
-127
-136
-246
-237
-137
-336
-321
-203
-340
-75
-249
-138
-238
-316
-2
-284
-203
-389
-382
-232
-78
-184
-197
-177
-217
77
-224
-274
-9
-91
-316
-267
-209
-274
-160
-105
-180
-297
-289
7
-637
-208
-162
-182
-5
-238
-117
-290
-111
-152
147
-219
-71
-140
-332
-314
-237
-121
-339
-289
-200
-175
-332
-182
-373
-286
-265
-383
-228
-260
-185
-38
-284
-229
-246
175
-195
-399
-286
-107
-239
-218
-135
-219
-290
-284
-405
-60
-275
78
-65
-312
-196
-219
-314
-263
-115
-177
-148
-89
-136
-222
-238
-247
-548
-227
-287
-222
-252
33
-314
-313
-118
-319
-219
-237
-202
-220
-199
-128
-80
-14
-287
-263
-310
-150
71
-57
-371
-92
-234
-239
-83
-371
199
-306
-38
-172
-268
-169
-210
-204
-145
-303
-279
-219
-523
-259
-152
-201
-293
-27
-113
-201
-296
-255
-167
28
-239
-315
-70
-172
-253
-275
-256
-227
-339
-267
-254
-201
-115
-246
-186
-274
-115
-232
-242
677
-120
-236
-248
-149
-223
-236
-157
-312
-131
-347
155
-65
-286
-63
-105
-329
-207
-313
-227
-261
-234
-252
-125
-220
-213
-141
-534
-166
-379
-144
-129
-428
-295
-448
-263
-223
-290
-241
96
-425
-53
-281
-275
-299
-264
-249
448
-829
-258
149
-117
-194
-310
-246
-215
-345
-204
-176
229
-238
-186
-117
-77
-148
-391
-184
-270
-173
-348
-258
-227
-61
-4
-295
-141
-229
-193
-301
-127
-212
-206
-98
-203
-269
-404
-259
-242
-169
-221
-470
-121
-309
-43
-209
-256
-206
-166
-202
-220
-62
-246
-165
-268
-221
-413
-181
-12
-367
66
-304
-273
-173
-164
65
-107
-220
-234
-237
-172
-67
-209
-133
-230
-258
-185
-57
-86
-215
-358
-58
-336
-243
-224
-219
-57
-281
-229
-246
-312
-190
-242
-93
-215
-13
-245
-153
-50
-337
-180
-286
-243
-242
-115
-154
-245
-186
-80
-230
-124
-462
16
-302
-190
-87
-252
-183
-175
211
-199
-264
-279
-290
-132
-255
-197
-146
-245
-26
-317
-102
-168
-189
-154
-195
639
-322
-164
-278
-26
-212
-376
7
-242
-148
-131
-214
-175
-256
-259
-235
-195
-206
-272
140
-275
-150
-246
-283
-202
-149
-65
-325
-231
-145
-122
-228
-166
-123
-62
-108
-236
-104
-186
-219
-199
-220
-257
-247
-365
-300
-151
-151
-405
-231
-212
-167
-146
-284
-43
-209
-326
-283
-139
-311
-108
-189
-320
-237
-239
-279
-332
-46
-173
-224
-248
-352
-322
-188
-231
-385
62
-87
-343
-292
-214
-134
-318
-268
-252
-136
-271
-109
-262
-73
-244
-151
-193
-144
-230
-263
-179
-283
0
723
-74
-278
-237
-234
-175
-249
-512
-149
-303
-144
-167
-121
-177
-176
-75
-235
-337
-122
-238
-145
-148
-240
193
-224
-352
-229
-244
-160
-215
-137
-275
-268
-123
-159
-266
-80
-98
-126
-198
-81
-282
-39
-131
-123
-278
-197
-150
-195
-258
-376
-258
-243
-292
-229
-278
-44
-183
-335
-126
-333
-26
27
105
-23
-193
994
-237
-166
-123
-141
-432
137
-280
-75
-250
-303
-105
-72
-178
-227
-157
-403
-175
-286
-301
-196
-237
-407
-225
-211
-96
-78
-233
-301
-230
-229
-109
-169
-165
-206
-425
-321
-171
-241
-249
-348
-194
-228
-180
-244
-124
-222
-159
-299
-191
-183
-166
-256
-216
-195
-71
-275
-91
-327
-212
-421
-85
48
-250
-102
-203
-127
-231
-155
-326
-94
-146
-89
-388
-38
-162
-147
-226
-204
-110
-125
579
-203
-105
-239
31
165
-267
-282
-307
-4
-124
-124
-218
-2
-180
-257
-167
-189
30
-260
-258
-144
-226
-173
-234
-247
-236
-324
-250
-229
-267
-193
-112
-79
-386
-505
-105
-71
-224
-201
-188
-179
-236
-169
866
18
-272
-316
-224
-161
-376
-174
-173
-230
-314
-11
-276
-136
-207
-121
-164
-269
-198
-414
-244
-6
-217
-229
-234
-196
-409
-249
-72
-245
-359
-171
-258
-298
-186
-165
-208
-210
-311
-320
-203
4
-246
-489
-296
-37
-91
-264
-129
-143
-401
71
-205
-368
-164
-173
-71
-149
-154
-481
-65
-184
-411
-68
-160
-271
-150
-355
-90
52
-302
-243
-110
-211
-289
-205
-397
-225
-152
-334
-298
-137
-290
-248
-303
-157
-211
-289
-229
-298
-211
-231
-139
-280
-290
-268
-228
1039
-142
-27
-226
-330
-133
-202
-220
-151
-189
-236
-244
-167
-170
-110
-337
-18
-260
-217
-282
-273
-170
-113
833
8
-150
-266
-86
46
-167
-182
-174
-213
-150
-118
-238
-158
-28
-77
-272
-247
-372
-48
-616
-95
-190
-256
-51
-198
-302
-375
-269
-307
-391
-566
-117
-89
-314
457
-66
-191
-78
-188
-158
-252
-281
125
-159
-191
-89
-204
-15
-199
-25
-219
-281
-175
-821
-103
-286
-131
-332
-201
-250
-55
-257
-254
-224
94
-222
-40
-229
-230
-307
-229
-23
-271
-201
-135
-303
-213
-183
-18
-298
-319
-117
-155
-237
-649
-96
-146
-247
-387
-134
-197
-203
-322
-212
-175
-207
-300
-71
-329
-283
-113
-210
-157
-283
-226
-170
-50
-360
-135
-200
-297
-184
-268
-155
-238
-215
-216
-167
-294
-151
15
-180
-164
-157
-302
-13
-243
-302
-298
-255
-165
-189
-19
-41
-349
-97
-160
-179
-133
-80
-230
-272
-163
-237
-243
-242
-36
-469
-78
-589
-229
-265
-20
-178
557
-319
-336
-179
-201
-384
-198
209
-312
-340
-208
-302
180
-321
-232
-232
-208
-142
-303
-52
-116
-265
-260
-257
-263
-104
-192
-292
-323
-189
-315
-265
-156
-311
-238
-114
-226
-305
-341
-149
-174
-279
-139
-236
-280
-264
-261
26
-235
-83
-241
-134
-306
-2
-179
-94
32
-232
-313
-207
20
-192
-242
-185
260
-239
717
-240
-77
-323
-326
-301
-278
-306
-174
-210
-80
-473
-202
-274
-177
-398
-25
-255
-217
-223
-234
-250
-266
-180
-267
201
-209
-293
933
-223
-263
-184
-246
-148
-154
-265
49
-298
-68
310
-93
-223
-64
-80
-221
-241
-324
-309
-55
-685
-250
-212
24
-90
-215
-301
-292
-53
-240
-355
-273
-245
-328
-317
-173
-187
-640
-96
-248
-218
-403
-228
-93
-191
-261
-224
-292
-200
-260
-316
-356
-229
-316
-154
-220
-255
-276
-289
-239
-157
-201
-201
-110
-260
-322
-308
-263
-276
-206
-109
-368
218
-246
-146
-132
-270
-288
-178
-215
-287
-152
-272
-225
-244
-161
-204
-308
-301
-271
-207
-495
15
-140
-188
-202
-212
-138
-200
-162
-197
-323
-178
-172
-298
-311
-182
-154
-321
-459
-101
-45
-345
-367
-203
-179
-312
-119
-294
-111
-239
83
-77
-122
-18
-391
701
-331
-307
-313
86
-228
-270
-191
-250
-267
-228
-261
-165
-321
-409
-185
-138
-242
-273
-260
-196
-25
-386
-219
-177
-316
-160
-285
-228
-178
-186
-380
-167
-250
-132
-239
-193
515
-256
-206
-260
-64
-216
-261
-233
-231
-134
-193
-234
-216
837
-195
-243
-214
-217
-84
-134
-99
-162
-250
-230
-204
71
-344
115
-95
-233
-513
-295
-247
-168
-15
-385
-16
-192
-266
-283
-98
-242
-399
-397
-283
-160
-181
-7
-120
28
-183
-181
-133
-157
-32
-298
-163
-309
-399
-233
-212
-257
-147
-239
-147
-270
-247
-263
-237
-235
-176
-208
-306
-291
-142
-52
-398
-252
-210
-67
-172
692
-331
-58
-150
-289
-203
-152
-251
-328
-460
-250
-227
-131
-155
-289
-226
-635
-164
-116
-238
-87
-195
-179
-86
-263
-183
-360
-178
-183
-285
-321
-328
-261
-185
-287
-337
-234
-277
-239
-223
-318
-380
-284
-227
-134
-321
-290
-43
-54
-186
132
-251
-263
-272
-402
-158
-6
-323
-166
-121
-23
-195
-130
-3
-190
-126
-142
-325
-234
-24
-112
-230
-184
-215
-381
-251
-156
-240
-156
-314
-198
-256
-124
-399
-318
-208
-186
-288
-126
-295
-251
-288
-202
-194
-122
-204
-361
-179
90
-251
-395
-324
-543
-67
-186
-204
-162
-234
-286
-168
-214
-185
-196
-162
-125
27
-96
-531
-202
-238
256
-224
163
-123
-335
-288
-279
-264
-48
-220
-31
-187
-45
-453
73
-17
-199
-384
-254
-319
-502
-139
-366
-152
-220
-210
-75
-220
651
-342
-140
22
-240
-330
-278
-225
98
-125
-307
-229
-236
-423
207
175
-40
-187
-243
-236
-143
-207
-187
-309
-261
-248
-274
-350
-122
-215
-393
-129
-413
-172
-253
-331
-183
-288
-151
-156
-272
-237
-76
-266
-232
-208
-282
-297
-323
-127
-242
-242
-89
-333
-159
-248
-315
-68
-243
-48
-177
-253
-189
-238
-263
-162
-243
-337
-419
-310
57
-220
-178
-242
-216
-3
-269
-137
-266
-299
52
-239
-48
-285
-98
-142
-237
-194
-207
-119
-166
-198
82
-213
-366
-590
-232
-125
-209
-320
-305
-284
-118
-239
-214
-256
-365
-186
-154
-149
-289
-165
-276
-207
-251
-370
-159
-213
-102
-195
-211
-244
-58
-199
-254
108
-231
-236
-297
-318
-245
-193
-87
-171
-266
-185
-178
-245
-327
-612
-84
-54
-218
-303
-170
-255
-128
-161
-238
-431
-114
-182
-167
-300
-175
-139
-221
-259
-233
-100
-325
-142
-208
-158
-313
97
-215
-249
-249
85
-227
-108
-40
-328
-213
-160
-183
-481
-201
-146
-199
-246
-151
-364
238
-149
-338
-129
-73
-306
-211
-288
-163
-273
-184
-220
-332
-236
-142
-123
-84
-239
-219
-239
-303
144
955
-271
-180
-182
-240
-65
-220
-170
-48
-8
-250
-209
-141
-163
-73
-269
-180
-448
-194
-163
-181
-341
-171
-464
-268
-200
-239
-40
-206
-163
-222
-169
-285
-217
-62
-221
-237
-156
-328
-212
-33
-220
-546
-272
-353
-159
-337
-92
-388
-137
-343
-276
-308
-164
-7
-117
-445
-296
-191
-244
-307
-42
-266
-187
-225
-345
-374
93
-417
-36
-111
-168
-216
-173
-215
-217
-210
-182
-339
-295
-207
-82
-169
-363
-240
-310
-192
-25
-231
-243
-274
-156
-52
-37
-306
-158
-244
-280
-142
-195
-40
-255
-113
-210
-276
-284
-303
-161
-267
-136
-261
-324
-259
-236
-171
-329
-250
-291
-189
-185
-190
-105
-327
-70
-274
-242
-176
-214
-228
-110
-154
-177
-211
-179
-247
-184
-289
-303
-142
-281
-198
-68
-119
62
-118
-147
-271
-205
-256
-99
-223
-406
-277
-238
-351
-143
-150
-182
-110
1035
-97
-266
-322
-209
-228
-410
-193
-168
-233
-287
-299
-234
-327
-347
-262
-34
-123
-240
-364
-150
-225
-320
-3
-289
-239
-121
-93
-112
-292
-294
-93
-126
-300
-96
-357
-265
-194
-144
-369
-276
-250
-234
34
-397
-159
-168
-441
-252
-262
-259
-190
-81
-301
-315
-212
-69
-289
-57
-235
-63
-280
-246
-108
171
-160
-651
-155
-405
-126
-19
-205
-259
-194
-281
-324
-150
-172
-116
-267
-108
-22
-255
-244
-199
33
-58
-253
1
-392
-240
-149
-311
-270
-65
-277
-86
-209
-327
-183
-102
-4
-357
93
-277
-168
-190
-397
-241
-276
-136
-262
-178
-61
76
-56
-241
-151
-169
-284
-320
-263
-49
-187
-205
-324
-249
-143
305
-75
-3
-176
-1
-50
92
-154
-275
-613
-189
-44
-272
77
-201
-130
-234
-233
-162
-242
-304
-103
-296
-300
-170
99
-164
-122
-174
-263
-60
-255
-80
-226
-227
-167
-280
-142
-233
-165
-111
-329
-294
-94
-202
-82
-154
-170
-193
-266
-198
-228
-191
-179
-342
-312
-142
-358
-252
-145
-308
-317
-241
-364
-142
-290
-125
-203
-325
-131
-207
-238
-451
-341
-189
-129
-204
-157
-227
-284
-328
-261
-303
-152
-310
-183
-39
-322
-53
-254
-187
-270
-156
-302
-262
-326
14
-406
-396
-102
-408
-314
-199
-237
-50
-155
-179
-203
49
-266
-295
-558
-180
-182
-212
-86
-368
-220
-347
-117
-342
-212
-286
-214
-203
-445
-98
-193
-205
47
-278
-373
-350
-89
-188
-256
-401
-293
6
-252
-151
-311
-383
-196
-143
-266
-229
76
-267
-57
-276
-276
-363
-332
-142
-297
-189
-225
-244
-32
-327
-297
-188
-293
-303
-635
-188
-290
-95
-246
-291
-240
-23
-248
-176
-234
46
-270
-164
-221
-217
-232
-196
-331
-473
-228
-311
-182
-192
-174
-198
-51
-83
-280
-272
-278
-122
-75
-116
-265
-417
-108
-361
-198
-179
-513
-219
-114
-209
-203
-31
-186
2
-227
78
-265
-215
-316
31
-136
-236
-253
-294
-263
-26
-125
-206
-269
-180
-99
-274
-84
-36
-264
-115
-236
-209
-389
-203
-291
-105
-210
-310
-270
49
-163
-303
-223
-372
-233
-195
-226
-266
-366
-68
-186
218
-114
-357
-195
-316
-317
-293
-85
-388
-40
-247
-336
81
149
-231
-293
-184
-11
-356
-300
-400
11
-236
-178
-252
-263
-74
-334
-180
-122
-235
-173
-131
-319
-303
-215
-259
-175
-7
-260
-322
-284
-235
-127
-253
-120
-145
55
-72
-277
-299
-288
-347
-253
-106
-97
-516
-241
-381
-328
-263
-406
-220
-69
-394
-203
-98
-230
-205
-162
-109
-63
-192
-64
-186
-421
-111
-318
-12
-369
100
-229
-253
-261
-4
-198
-280
-183
-240
-153
-111
-62
-266
-257
-104
-268
-110
-228
-483
-159
-25
-361
-139
-288
-86
-305
-355
-246
-377
52
-321
-183
-163
-296
11
-162
-36
-316
-158
-308
-304
-221
-70
-161
-306
-320
-191
-218
-165
-172
-43
-440
-237
-230
-195
-292
-129
-232
729
-182
-334
-288
-109
-167
-214
-127
-142
-273
-276
-173
-187
-238
63
-69
-89
-31
-183
-192
-522
-133
-76
-71
-409
-547
-209
-204
-226
-340
-237
-183
-536
708
-211
-168
-165
-166
-285
-405
-318
-312
-264
-179
-284
-255
672
-324
-168
-281
-204
-360
-185
-187
-206
-348
-166
-197
144
-239
-220
-172
-305
-360
-323
49
-330
-220
-53
-333
-305
-246
-194
-169
-339
-236
-276
-410
96
-246
-149
-166
-126
-380
-61
-245
-144
-405
-155
-260
-355
-308
-218
-248
-261
-491
-210
-292
-232
-241
-252
-137
-380
-107
-167
-199
-79
-269
-226
-106
-162
-242
-104
-182
-191
-166
-80
-342
-349
65
-226
-282
-164
-220
-229
-190
-189
-212
-349
-21
-480
-280
-118
-341
-166
-273
-134
-322
-216
-477
-433
-201
-184
-606
-215
-312
-175
-151
-52
-110
-250
-243
-328
-390
-192
-379
-91
-201
-233
24
-208
-177
-455
-78
-233
180
-273
-216
-61
-353
-192
-230
-313
-371
-595
-276
-186
-119
-362
-244
-179
-228
-173
-247
-116
-445
-185
-135
-154
-87
-223
-232
-200
-287
-305
-250
-305
-129
-43
-351
-308
-269
-373
-470
-307
-115
-205
-235
-256
95
-268
-214
-224
-93
-210
-102
-142
-456
-204
-242
-297
-255
-91
-196
-189
-289
-299
-323
-266
-185
-294
-94
-230
-192
-246
-470
-311
-238
-47
-361
-196
-146
11
-87
-155
-177
-120
-288
-220
