-203
-126
-104
-175
-201
-147
-159
-166
-134
-112
-317
-168
-139
-187
-375
-88
-56
-137
-109
-151
-131
-133
-194
-176
-170
-111
-241
-73
-125
-122
-190
-233
-192
-228
-158
-101
-224
-183
-156
-180
-168
-56
-118
-256
-255
-114
-165
-46
-121
-225
-211
-163
-212
-140
-126
-205
-233
-148
-171
-215
-104
-213
-257
-147
-161
-132
-86
-35
-112
-122
-150
-136
-101
-183
-277
-236
-48
-218
-93
-193
-204
-131
-79
-464
-33
-136
-292
-208
-219
-254
-57
-6
-192
347
-147
-159
-163
-271
28
-199
-156
36
-189
-148
-149
-222
-207
-184
-112
-201
-194
-188
-39
-329
-176
-178
-188
174
-143
-235
-155
-144
-190
-135
-177
-226
-227
-91
-188
-370
-162
-173
-233
-219
-176
-131
-170
-1
-269
-288
-116
-162
268
-210
148
-49
-109
-251
-240
-133
-86
-70
-214
-286
-184
-110
-162
-86
-218
-136
-136
-177
-144
11
-115
-98
-215
-152
-154
-17
-285
-270
-113
-161
-143
-62
-154
-212
-226
-278
-149
-106
-18
-210
-116
-86
-172
-157
-138
-37
-117
-562
-139
-162
-227
-74
-89
-205
-84
-127
-89
-157
24
-180
-119
-578
650
-126
-185
-148
-120
-204
-279
-197
-187
-153
-167
-869
104
-208
-187
-105
-142
-120
-186
-178
-200
-241
-144
-130
-222
-126
-77
-111
-98
-413
148
-177
-156
-121
-731
-253
-129
-22
-89
-198
-194
-280
-217
-170
-118
-188
-127
-154
23
-168
-148
-216
17
-135
-413
-165
-153
-193
-202
-115
-284
-86
-231
-84
-285
-225
-138
-205
-131
-123
-190
-261
-171
-126
-153
-19
-220
83
-249
-188
-147
-175
-222
-205
-162
-134
-147
-161
-251
-76
-223
-83
-225
-167
-173
-253
-114
-119
-171
-109
-167
-226
-166
-164
-166
-213
-174
-164
-123
-189
-185
-74
-171
-259
-164
-138
-88
-186
-194
-120
-159
-265
-145
-235
-162
-143
-291
-179
-161
-215
-61
-205
-145
-175
-143
-109
-426
-165
1048
-122
-110
50
-201
-165
-180
-114
-155
-234
-143
-113
-139
-244
-195
571
-150
-245
-211
99
-185
-105
-121
-145
-197
-219
-129
-154
-50
-202
-182
-163
-101
-31
-66
-144
-252
-165
-150
-29
-231
-182
154
-98
-135
-139
-174
-28
-92
-183
-123
-164
-214
-120
-167
-161
-185
-111
-159
-166
-130
-135
-145
-240
-215
148
-198
-251
-184
-144
-200
-223
-84
-162
-147
-65
-179
-164
-77
-141
-15
-277
-242
174
-96
-140
-82
-109
-138
-243
-188
-133
-174
-197
-201
-210
-171
-161
-173
-168
-177
-118
-298
-197
-197
-68
-173
-148
-97
-205
-147
-338
-138
-130
-173
-149
-219
-207
-196
-48
-165
-116
-104
-150
-788
-120
-145
-198
-107
-18
-106
-110
-164
-252
-236
-110
-229
-148
-211
-166
-136
-117
-193
-157
-167
-191
-95
-117
-145
-180
-67
-164
-115
-118
-150
551
-270
-141
-234
-171
-121
-137
-262
-216
-119
-151
-448
-75
-203
-85
-149
-185
-158
-185
-128
-97
-319
-120
-129
-215
-115
-100
-183
-83
-159
-167
-172
-159
-68
-187
-196
-32
-222
-195
-176
-166
-205
-375
-225
143
-227
-157
-163
-41
-176
-39
-184
-215
-149
-102
-180
-197
-177
-109
-551
-23
-163
-120
16
-229
-172
-164
-234
-137
-150
-116
-122
-182
-67
-173
-173
-147
-180
-126
-141
-112
-235
-197
-55
-140
-176
-99
-104
-110
-191
-178
319
-159
-197
-474
-105
-116
-159
-127
-153
167
-163
-212
-330
-178
-265
-172
-247
-181
-188
-181
-102
-234
-162
-142
-154
-149
-129
-118
-213
-260
-127
-159
-149
-174
-276
-49
-129
-274
-199
-60
-152
-127
-188
-178
-150
-153
-160
-113
188
-179
-183
-227
-111
-150
-242
-203
-63
-243
-182
-180
-142
-133
-151
-105
-392
-135
-61
-213
-158
-340
-167
-68
-195
-243
-149
-91
-210
-223
-165
-234
-152
-225
-172
-246
-129
21
-271
-189
-118
-187
-141
-101
-110
-190
-174
-161
-119
-188
-238
-185
-180
-109
-89
-116
-126
-188
-165
-221
-134
-170
-131
-229
32
-263
-178
-166
-152
1139
3
-183
-52
-85
-201
-86
-265
-185
-189
-152
-199
-200
-218
-164
-179
-261
-9
-50
-94
-109
-171
-164
-145
-140
-117
-172
-204
-132
-275
-160
-166
-134
-147
-118
-74
-213
-196
-254
-202
-188
-132
-31
-113
-192
-84
-54
-163
-147
305
-155
-140
-283
-261
-194
-244
-219
-7
-48
-98
-169
-288
-114
-170
-157
-212
-181
-157
-254
-536
-57
-144
-2
-141
-131
-12
-253
-254
-206
-137
-129
-125
-98
-137
-194
305
-196
-176
-186
-248
-134
-180
-112
-173
-189
-92
-190
-176
-181
-70
-223
-230
-162
-125
-138
-175
245
-42
-197
-477
-223
-178
-826
-215
-181
-148
-56
50
-235
-175
-187
-18
-121
-91
-268
-192
-187
-213
-133
-89
-207
-506
-160
-141
-197
-101
-100
-219
75
-145
-105
-187
-110
-212
-180
-26
-252
-197
-150
-208
-194
-757
-167
-134
-451
289
-201
-115
-166
-172
-185
-286
-174
-15
-184
-195
-141
-123
-132
-201
-271
-120
-194
-26
-233
-233
-217
-195
-112
-263
-127
-136
-236
-86
-337
-208
-193
-175
-116
-111
-177
-225
-166
-162
-195
-172
-92
-134
-208
-213
-209
-220
-189
-91
-193
-189
-205
-206
-222
-179
-89
-96
-224
-236
-29
-237
-166
-200
-231
-102
-163
-192
-245
-169
-204
-97
-286
-120
-200
-175
-67
-171
-146
208
-147
-150
-82
-190
-154
-388
-177
-101
-65
-474
-196
-204
-161
-135
-190
-47
-190
-210
-91
-136
-124
-196
-236
-132
-29
-180
-225
-232
-156
-118
-170
-219
-122
-102
-215
-138
-149
-807
-176
-225
-154
-71
-188
-185
-195
-127
-185
-187
-129
-190
-230
-177
-212
-147
-160
-165
-125
-176
-163
-84
-112
-165
-273
-235
-178
-125
-83
-64
-253
-48
-173
-156
-134
-272
-256
-192
-150
-130
-104
-133
-259
-223
-74
-126
-150
-89
-72
-161
-140
-235
-184
-127
-204
-191
-87
-240
-167
241
-109
-189
-228
-142
-156
-324
-168
-115
-102
-165
-219
-222
-208
-214
-273
-131
-167
-162
-121
-248
-115
-143
-150
-189
-35
-178
-126
-191
-194
-459
-107
-131
-184
-183
-259
-101
-205
-114
-174
-179
-238
-263
-192
-245
-52
-251
-106
-28
-138
-150
-209
-218
-148
-164
-149
-187
-162
-151
-159
-191
-19
-129
-189
-187
-83
-138
-220
-117
-308
-190
-174
-261
-216
-47
-186
-63
-62
-445
-136
-164
-131
-168
-46
-214
-83
-146
-112
-226
-124
-195
-132
-122
-164
-247
-256
-198
-94
-7
-511
-107
-66
-400
-158
-218
-115
-146
-148
-253
-12
-118
-196
-281
-232
-132
-195
-223
-183
-160
-76
-133
-218
-157
-41
-168
-175
-179
-84
-157
-244
-168
-148
-232
-121
-122
-228
-220
-199
5
-192
-113
-149
154
-166
-181
-153
-74
-49
-175
-177
-154
-201
-198
-303
-199
-170
590
-122
-209
-423
-152
-55
-211
-227
-186
-133
-126
437
-9
-128
-250
-165
-128
-127
-103
-157
-170
-115
-120
-183
-313
-133
-232
-322
-117
-117
-121
-35
-183
-197
-98
-131
-201
-59
-304
-132
-362
-197
-172
-136
-99
-152
-138
-121
-175
-138
-209
-124
-169
-139
-195
-186
80
-210
-259
-163
-179
-164
-132
-104
-123
-157
-164
-260
-489
-198
-76
-110
-175
-199
-198
-74
-66
-266
-158
-123
-86
445
-186
-203
-143
-119
-50
-159
-207
-91
-338
-87
-106
-169
-158
-276
-253
-205
-166
-332
-139
-165
-239
-100
-190
-215
-271
-150
-137
-72
-148
-171
-207
-218
-186
-117
-220
-226
-135
-119
-130
381
-157
-113
-222
-81
122
-155
-253
-166
-129
-169
-105
-190
28
-105
179
-159
-190
-151
-151
-142
-238
-138
-335
78
-145
-192
-313
-164
-146
-153
-165
-236
-246
-192
-257
-181
-133
-91
-210
-224
-183
-158
109
-212
-180
-99
-144
-234
-335
-154
-90
-252
-216
-126
-169
-211
-151
-139
-83
-178
-187
-202
-164
-160
-120
-93
-194
-292
-115
-167
-282
138
-155
-170
-147
-189
-131
-99
-203
-217
-265
-181
-18
-203
-151
-95
-217
-80
-50
-136
-165
-152
-215
-25
-178
-188
536
-170
-166
-89
-110
-83
-101
-184
-489
-206
-137
-137
-175
-190
-180
-102
-358
-176
-133
-197
-222
-215
-256
-174
-156
-170
-184
-117
-232
-197
-336
-242
-111
-161
-193
-133
-210
-11
-300
-32
-216
-205
-206
-81
-202
-156
-107
-153
-391
-54
-162
-188
-63
-154
-128
-396
-200
-116
-193
-107
-78
-133
-134
-120
-80
-243
-256
-200
-254
-185
-181
-243
-246
-138
-155
-136
-89
-235
-102
-498
-250
-222
-214
-172
-83
-114
-240
-102
-78
-196
-56
-239
-160
-124
-262
-126
-299
-236
-261
-110
-116
-213
-184
-187
-154
-76
-96
-107
-203
-176
-252
-193
-207
-150
-163
-142
-232
-99
-161
-148
-214
-82
-63
-113
-103
-101
-188
-91
-143
-257
-193
-193
-117
-221
-159
-87
-135
4
-284
-139
-119
-206
-138
-198
-181
-129
44
-146
-148
-162
-162
-139
-154
-119
-170
-172
-133
-199
-41
-49
-114
-217
-168
-169
-194
-145
-207
-215
-199
-158
-166
-209
-177
-199
-167
-137
-157
-199
-145
-4
-178
-99
-253
-146
-159
-134
-25
-143
-229
-276
-221
-190
-215
-149
-202
-258
-133
-150
-47
-166
-157
-187
-79
-180
-188
-155
-202
-230
-148
-131
-102
-218
-270
-214
-71
-182
-222
-248
59
-156
-214
-34
-84
-74
-181
-262
-110
-193
-86
-143
-154
-212
-168
-128
-254
-156
-72
-179
-143
-189
-121
-146
-190
-143
-167
-100
-157
-185
-114
-52
-177
-173
-179
-321
-402
-162
-239
-92
-95
-232
-78
-183
-194
-191
-226
-445
-99
-172
-232
-229
-79
150
-219
-139
-129
-91
-192
-80
-156
-58
-138
-149
-254
-264
-170
54
-204
-54
197
399
-151
-173
-91
-142
-198
-143
-116
-143
-204
-76
-155
-182
-93
-169
-252
-133
-238
-189
-394
-73
229
-140
-223
-139
-258
-117
-43
-167
-150
117
-110
-85
-92
-167
-295
-199
-161
-226
-226
-127
-155
-216
-132
-116
-144
-113
-118
474
-103
-205
-169
-56
-149
-424
-143
-203
-157
-169
-253
-238
-127
-174
-123
-208
-122
-268
-165
-161
-172
25
-198
-208
-84
-160
-257
-168
-289
-270
-114
-116
-201
-150
-127
-199
-142
-211
-84
-191
-201
-201
-110
-189
-176
-197
-208
16
-18
-17
-222
-133
-206
-119
-157
-177
-152
-266
-291
-168
-161
-152
-189
-57
-200
-232
-105
-139
-172
-138
-144
-162
-192
-230
8
-203
-169
-87
-165
-117
-186
-199
-118
-156
-163
-177
347
-207
-89
-135
-247
78
-146
-180
-192
-167
-225
-19
-212
-273
-179
-166
-48
-153
-138
-320
-103
-206
-152
-32
-181
-251
-119
-219
-7
-145
-123
-164
-150
-170
-213
-140
-117
-155
-116
-170
-170
-145
-209
-203
-77
-160
-184
-179
-133
-109
-183
-242
-112
-159
-117
-130
-146
-156
-379
-254
-211
-147
-78
-143
-187
-108
-176
-155
-167
-77
-142
-130
-210
-176
-211
-180
-153
-210
-100
-171
-95
-204
-132
-230
-120
-177
44
-186
-241
-198
-119
106
-205
-186
-100
-186
-58
-174
-115
-120
-163
-110
-167
-149
-201
-96
-276
-175
-106
-77
-150
-193
-181
-145
-142
-225
-111
-165
-169
-225
-183
-25
-79
-101
-14
-335
-114
-79
-254
-116
-110
-225
-230
-164
-71
-159
-61
-126
-229
-107
-119
-423
-142
24
-113
-54
-42
-170
-277
-181
-179
-213
-113
-181
-103
-209
-62
-128
-107
153
-153
-144
-131
-259
-237
-177
-113
-234
-207
-249
-111
-172
-225
-97
-143
-122
-116
-219
-129
-185
-141
-189
-52
-166
-717
-123
-388
-121
-76
-128
-185
-263
-201
-79
-231
-243
-205
-135
-164
-109
-55
-150
-326
-205
-241
-173
-159
-209
-69
-134
45
-211
-66
-85
-46
-201
-215
-95
-89
-162
-186
-118
-194
-245
-160
-123
-237
-223
-217
-193
-158
-236
-211
-127
-171
-127
-124
-156
-135
-370
-199
44
-217
-192
-120
-223
-43
-194
-56
-194
-138
-132
-185
-200
-148
-276
-38
-177
-109
-275
-142
-99
-137
-182
-153
-376
-32
-130
-160
-109
-101
-145
-147
-224
-211
-122
-140
-171
-259
-253
-171
-97
-289
-326
-575
-246
-137
-212
-223
-132
-47
-144
-44
-281
-93
-129
-101
-193
-163
-81
-161
-157
244
-157
-11
-136
-111
-189
299
154
-181
-164
-174
-181
259
-107
-162
-80
-160
-125
-92
-129
-86
-157
-38
-229
-218
-147
-151
-179
-132
18
-156
-161
-171
-66
-253
-214
-158
-137
-226
-86
-66
-259
-190
-212
-144
-83
-118
-151
-173
-88
-1
-164
-154
-103
-140
-163
-258
-161
-219
-178
-27
-201
-272
-229
19
-187
-146
-71
-404
-124
-133
-98
-222
1155
-148
-190
-251
-223
-81
-168
-177
-137
-40
124
-180
-169
-129
-124
-122
-336
-101
-151
-202
-251
-151
-99
-118
-203
-224
-229
-258
-197
-233
-188
-113
-209
-254
-177
-281
-48
-224
-103
-100
-227
-141
-119
-203
-156
-294
-190
-209
-231
-271
-128
-213
-191
-107
-27
-110
-83
-139
-100
-198
-121
-59
-185
-207
-124
-746
-188
-158
-161
-213
-70
-177
-140
-206
-176
-170
-174
-217
-204
-102
-465
32
-139
-229
-75
-251
-239
-196
-149
-229
-132
-104
-239
-192
-216
-192
-164
-160
-177
-149
-114
-36
-188
-192
-187
-177
-117
-37
-172
-141
-155
-196
-86
73
-112
-238
-231
-132
-324
-204
-90
-181
-129
85
-158
-331
-111
-78
-91
-231
-142
-126
-163
-163
-257
-198
-145
-220
-220
-241
-60
-172
-220
50
-152
-147
-611
-192
-225
-221
-167
-114
-199
-131
-176
-316
-177
-198
-286
-115
-223
-152
-195
-162
-75
-152
-48
-175
-157
-196
-226
-40
-282
-176
-159
-104
-303
-196
-79
-27
-176
-206
-171
-284
-51
-135
-94
-137
67
-160
-141
-164
-144
-128
-132
-227
-204
-198
-248
-159
-212
-169
-179
-172
-213
-152
-164
-80
-207
-613
-153
-157
-169
-72
-82
5
-135
-111
-261
-226
-163
-98
-274
-291
-68
-152
-164
-196
-139
-157
-64
-117
-202
-146
-150
-29
-101
-51
-165
-240
-119
-203
-169
-221
-144
-222
-160
-189
-234
-219
-164
-57
24
3
-189
-106
-150
-105
-220
-168
-112
-55
-68
-189
-111
-174
-163
-140
-188
-490
-154
-87
-230
-236
-221
-121
-222
224
-194
-153
-148
-169
-227
-155
-195
-80
-155
-104
-138
-229
-198
-179
-190
-200
-128
-107
-178
-181
-146
-201
-187
-204
-90
-208
27
-160
-190
-211
-166
-198
-159
-224
-13
-184
-95
-163
-163
-168
-204
-147
-227
-240
-144
-248
-255
-217
-200
-113
-164
-176
-211
-206
-223
-178
-181
-547
-168
-294
-114
-135
-166
-20
-89
4
-219
-201
-235
-86
-169
-191
-208
-5
-169
-195
-199
-146
-90
-167
109
-161
-216
-230
-254
-160
-168
25
-150
161
-189
-99
-139
-133
-147
-184
-206
-179
-177
-81
-96
-77
-152
-264
-137
-110
-125
-105
-164
-525
-123
-131
-216
-153
-145
-143
-209
-153
-151
-144
-216
-165
-251
-184
-150
-160
-181
18
-204
-91
-116
-144
-91
-92
-178
-191
-94
-221
-238
-179
-200
-118
-231
-121
-203
-218
-137
-235
-155
-17
-702
-195
-114
-106
-102
-130
-101
-219
-156
-211
-159
-149
-102
-76
136
-124
-103
-104
-336
-203
-184
-204
98
-180
-235
-133
-209
-222
-160
-190
-137
-104
-172
-165
-206
-218
-160
-138
-158
-14
-195
-174
-160
106
-387
-594
-264
-151
-174
-168
-224
-143
-105
-161
-87
-284
-20
-159
-388
-175
-208
-44
-137
-181
-277
-149
-212
-134
-172
-17
-193
-213
-222
-215
-56
-179
-163
-209
-214
-179
-170
-217
-180
-202
-242
-162
-115
-193
-202
-125
-183
24
-240
-144
-149
-47
-169
-268
-173
286
-213
-9
-149
-187
-341
260
-278
-224
-214
-123
-162
-207
-146
-181
-231
-206
-232
-170
-196
-195
-88
-224
-200
-149
-140
-211
-70
-95
-166
-143
-121
-211
-78
-179
-158
-132
-100
-100
-107
-56
-166
-229
-185
-189
-91
-172
-317
-605
-212
-188
-154
-227
-197
-114
-180
-55
-153
-131
-251
-208
-18
-179
-181
-171
-79
-149
-161
-180
-111
-230
-156
-115
60
-160
-203
-139
-101
-194
-130
-168
-123
-183
-219
-129
-205
-100
-208
-163
-146
-201
-139
71
-156
-101
-115
-183
-147
-56
-137
-177
-136
-116
-522
-116
-101
-148
-52
-208
-184
-187
-159
-176
-189
-175
-120
-116
-217
-155
-20
-61
-48
-51
-86
-94
145
-165
-113
-166
-215
-102
-182
-142
-36
-181
-24
-150
-475
-184
-118
-178
-158
-88
-262
-276
-164
-170
-133
-155
-157
-192
-176
-77
-105
-167
-154
-176
-222
222
-252
-172
66
-200
-194
-227
-181
-123
-226
-89
-93
-162
-195
-215
-212
-219
-159
-120
-224
-128
-147
-128
-94
-144
-151
-130
-150
-175
-194
-187
-141
-149
109
-173
-197
-59
-77
23
-34
-101
-164
-188
-63
-218
-53
-139
-263
-176
-204
-106
-86
-215
-159
-196
-253
-215
-185
-219
-208
-116
-134
-129
-204
-98
-159
-143
-190
-125
-129
-144
-116
-142
-209
-151
-182
-166
-147
-88
-167
-230
-190
-207
-205
-121
-152
-85
-210
-349
-196
288
-221
-128
-193
-127
-159
-323
-182
-34
-213
-178
-217
-97
-105
-212
-197
-272
-139
-190
-149
-586
-264
-150
-178
-208
-688
-118
-200
-148
-82
-339
-220
-262
-144
-239
-176
-196
203
7
-80
-230
-174
-181
-167
-203
-181
-123
-140
-131
-164
-162
-72
-151
-272
-52
-70
-207
-98
-206
-125
-173
-210
31
-130
-216
-211
-225
-157
-285
-183
-154
-193
81
-150
-200
-151
-167
-113
-103
-136
-112
-39
-461
-240
-99
-252
