-282
-129
-291
-306
-210
84
-211
-246
-171
-69
-212
-263
-247
-228
-234
-255
-256
-168
-193
-272
-240
-155
-158
-176
-200
-241
-325
-92
-244
-299
-195
-244
-203
-177
-345
-260
-189
-168
-202
-234
-415
-213
-210
-261
-221
-248
-204
-298
-166
-368
-183
-184
-184
-135
-250
-141
-101
-197
-218
-233
-246
-188
-207
-194
-236
-276
-139
-213
-237
-152
-191
-202
-223
-270
-236
-234
-196
-101
-205
-296
-274
-220
-268
-240
-196
-184
-298
-199
-159
-191
-118
-100
-203
-292
-238
-203
-178
-298
-259
-201
-189
-264
-168
-108
-151
-198
-168
-211
-220
-278
-173
-142
-293
-330
-260
-195
-287
-286
-259
-300
-226
-1
-196
-233
-326
-215
-189
-223
-177
-183
-225
-400
-85
-258
-151
-214
-202
-268
-180
-254
-72
-231
-284
-298
-299
-221
-234
-222
-215
-285
-250
-262
-224
-287
-274
-261
-187
-164
-161
-242
-256
-238
-255
-217
-212
-129
-231
-225
-253
-221
-240
-230
-290
-303
-247
-174
-186
-204
-182
-240
-214
-198
-130
-214
-238
-241
-314
-219
-326
-384
-177
583
-190
-217
-210
-204
-325
-135
-185
-331
-241
-278
-211
-295
-280
-256
-364
-216
-200
-225
-211
-276
-268
-167
-250
-165
-223
-306
-246
-264
-233
-226
-155
-209
-217
-289
-281
-126
-201
-264
-215
-284
-189
-129
-249
-199
-179
-193
-168
-256
-121
-298
-219
-225
-293
-228
-202
-169
-248
-210
-256
-164
-213
-198
-253
-164
-181
-286
-233
-198
-262
-255
-186
-248
-170
-199
-184
-254
-244
-174
-194
-227
-203
-182
-245
-226
-188
-203
-248
-324
-173
-254
-266
-167
-163
-268
-278
-196
-173
-259
-187
-220
-243
-238
-181
-111
-190
-281
-159
-310
-226
-224
-289
-204
-193
-185
-287
-280
-230
-233
-176
-122
-214
-218
-140
-220
-308
-203
-209
-217
-298
-405
-200
-244
-109
-339
-191
-183
-205
-70
-239
-116
-221
-180
-178
-188
-317
-273
-257
-159
-244
-275
-231
-241
-237
-232
-236
-228
-250
-202
-214
-377
-209
-258
-166
-208
-138
-192
-258
-277
-207
-246
-226
-207
-210
-229
-220
-198
-258
-117
-158
-266
-150
-235
-306
-257
-198
-230
-192
-176
-290
-272
-157
-182
-267
-214
-244
-305
-169
-223
-176
-221
-201
-294
-273
-192
-193
-277
-183
-179
-237
-215
-288
-154
-270
-195
-212
-263
-174
-262
-265
-292
-35
-165
644
-163
-285
-304
-246
-171
-166
-247
-208
-261
-207
-202
-219
-265
-351
-248
-76
-98
-199
-178
-239
-243
-239
-246
-144
-124
-167
-273
-170
-306
-202
-251
-195
-263
-142
-239
-167
-57
-184
-185
-224
-179
-285
-136
-256
-232
-277
-115
-188
-286
-241
-269
-154
-329
-209
-209
-160
-284
-367
-255
-224
-187
-208
-210
-280
-281
-220
224
-143
-126
-151
-280
-258
-257
-229
-235
-229
-160
-66
-239
-229
-140
-174
-138
-231
-256
-225
-214
-280
-246
-296
70
-328
-256
-283
-230
-196
-185
-241
-199
-142
-315
-335
-245
-179
-224
-232
-152
-214
-245
-286
-217
-295
-171
-204
-247
-172
-206
-225
-198
-239
-114
-181
-130
-219
-340
-205
-477
-195
-212
-247
-152
-307
-133
-219
-189
-230
-145
-168
-139
-197
-275
-260
-212
-239
-200
-206
-248
-229
-182
-207
-229
-206
-243
-227
-256
-264
-182
-190
-250
-170
-188
-202
-205
-281
-181
-312
-154
-280
-272
-311
42
-263
-234
-239
-183
-234
-241
-226
-189
-259
-214
-394
-202
-281
-236
-226
-197
-290
-209
-272
-263
-183
-143
-265
-184
-230
-175
-164
-158
-208
-261
-146
-181
-255
-171
-178
-194
-251
-199
-3
-154
-223
-180
-40
-220
-183
-180
-241
-181
-117
-188
-273
-199
-225
-214
-184
-228
-248
-209
-182
-199
-172
-192
-249
-307
-315
-227
-201
-203
-202
-295
-158
-203
-197
-222
-220
-209
-204
-223
-114
-344
-248
-203
-241
-232
-164
-207
-54
-292
-199
-285
118
-252
-136
-275
-275
-128
-141
-252
-258
-226
-150
-153
-312
-268
-296
-130
330
-248
-161
-154
-276
-268
-296
-144
-277
-257
-323
-226
-277
-216
-264
-246
-280
-210
-236
-154
-257
-207
-184
-462
33
-298
-157
-236
-288
-199
-220
-173
-224
-259
-243
-196
-202
-204
-140
-204
-281
-257
-224
-237
-238
-223
-306
-282
-140
-246
-248
-298
-213
-205
-252
-219
-200
-229
-243
-223
-204
-330
-270
-285
-202
-248
-289
-256
-289
-286
-191
-113
-211
-84
-133
-212
-107
-180
-228
-287
-171
26
-223
-216
-280
-246
-205
-232
-212
-285
-238
-138
-287
-154
-252
-242
-226
-205
-260
-227
-235
-236
-267
-248
-191
-258
-225
-196
-220
-226
-294
-160
-224
-242
-196
-199
-197
-177
-215
-184
-243
-185
-69
-257
-275
47
-234
-229
-311
-186
-158
-197
-112
-253
-288
-50
-236
-200
-184
-264
-245
-134
-276
-209
-280
-214
-154
-285
-223
-256
-285
-222
4
-234
-193
-253
-171
-212
-238
-260
-203
-198
-159
-217
-255
-267
-214
-269
-170
-213
-209
-171
-219
-249
-217
-212
-183
-225
-199
-172
-202
-221
-229
-260
-202
-282
-168
-288
-236
-215
-203
-228
-204
-196
-189
-238
-153
-250
-93
-76
-207
-201
10
-284
-310
-251
-197
-173
-168
-257
-194
-251
-226
-281
-245
-176
-159
-182
-340
-232
-277
-119
-147
-257
-283
527
-218
-296
-140
-279
-307
-252
-214
-127
-266
-158
-279
-201
-148
-205
-227
-270
-278
-232
3
-221
-213
-243
-183
-203
-234
-232
-141
-218
-7
-242
-99
-229
-160
-167
-240
-222
-176
-262
-239
-207
-161
-252
-233
-279
-198
-200
-302
-181
-120
-278
-221
-153
-207
-251
-257
-293
-243
-109
-192
-197
-205
-185
-299
-175
-231
-133
-175
-207
-225
-167
-192
-259
-275
-300
-232
-167
-216
-161
-114
-220
-179
-138
-296
-236
-316
-257
-194
-182
-218
-214
-169
-215
-190
-167
-245
-203
-197
-203
-195
-137
-221
-280
-213
-197
-208
-173
-71
-210
-295
-198
-175
-231
-211
-254
-273
-266
-229
-209
-268
-196
-177
-154
-151
-188
-284
-89
-247
-223
-56
-116
-211
-30
-284
-113
-234
-161
-225
54
-251
-258
-265
-197
-330
-73
-281
-259
-163
-276
-200
-218
-246
-160
-145
-282
-138
-183
-218
-262
-242
-220
-223
-157
-135
-156
-212
-255
-178
-200
-181
-288
-245
-259
-214
-223
-124
-284
-276
-125
-254
-273
-213
-257
-240
-141
-240
-219
-226
-52
-235
-279
-204
-261
-232
-113
-271
-217
-235
-249
-222
-304
-76
-181
-113
-203
-225
-221
-169
-139
-310
-238
-224
-182
-239
-235
-180
-214
-256
-71
-252
-169
-320
-244
-286
-294
-248
-195
-141
-290
-230
-217
-82
-199
-207
-257
-133
-233
-179
-261
-104
-245
-137
-233
-228
-289
-242
-74
-127
-219
-314
-194
-219
-212
-235
-323
-201
-286
-197
-192
-221
-285
-226
-177
-247
-290
-222
-189
-259
-240
-136
-254
-194
-223
-211
-239
-166
-215
-187
-245
-239
-313
-252
-216
33
-38
-143
-271
-196
-256
-247
-185
-118
-224
-163
-195
-289
-128
-253
-312
-158
-182
-295
-163
-152
-169
-207
-145
-129
-178
-226
-116
-228
-282
-255
-190
-132
-186
-302
-217
-191
-177
-295
-219
-256
-261
-234
-302
-212
-166
-198
-259
-191
-250
-174
-253
-168
-191
-237
-272
-395
-268
-186
-312
-174
-323
-208
-250
-214
-155
-202
-315
-247
-257
-207
-287
-195
-283
-304
-233
-295
-274
-350
-312
-160
-238
-194
-191
-217
-74
-235
-267
-201
-213
-314
-211
-597
-205
-221
-251
-153
-174
-274
-221
-199
-250
-131
-205
-228
-242
-233
-157
-243
-167
-213
-223
-267
-135
-262
-266
-177
-354
-214
-252
-143
-60
-208
-277
-139
-206
-257
-156
-257
-241
-213
-67
-263
-225
-116
-235
-259
-260
-209
-149
-182
-265
-272
-318
-268
-273
-208
-232
-172
-171
-44
-222
-268
-264
-209
-248
-268
-201
-204
-191
-248
-217
-149
-229
-169
-170
-207
-291
-273
-260
-153
-151
-77
-172
-289
-219
-201
-230
-267
-203
-195
-172
-107
-164
20
-264
-170
-282
-215
-354
-282
-129
-233
-254
-275
-219
-312
-259
-241
-144
-131
-300
-275
-237
-301
-241
-197
-205
-152
-209
-247
-245
-237
-225
-266
-284
-251
-264
-139
-272
-271
-308
-205
-319
-309
-267
-289
-243
-160
-219
-177
-311
-319
-160
-400
-226
-201
-234
-209
-275
-276
-301
-175
-241
-303
-217
-306
-240
-214
-251
-219
-246
-207
-163
-213
-202
-170
-131
-188
-200
-289
-261
-243
-157
-235
-203
-220
-228
90
-239
-247
-227
-236
-225
-248
-220
-151
-226
-92
-204
-285
-190
-265
-531
-331
-115
-255
-254
-235
-313
-257
-202
-86
-299
-173
-192
-223
-321
-220
-270
-223
-203
-173
-178
-161
-203
-209
-270
-326
-179
-85
-290
-303
-467
-149
-196
-185
-231
-191
-169
-57
-253
-240
-173
-244
-197
-142
-212
-385
-291
-310
-239
-180
-227
-313
-313
-211
-246
-255
-225
-253
-157
-151
-209
-249
-136
-306
-252
-199
-170
-287
-265
-263
-253
-289
-215
-84
-284
-159
-215
-201
-179
-110
-259
-288
-205
-313
-215
-114
-234
-148
-233
-266
-220
-280
-284
-114
-140
-253
-274
-136
-235
-160
-472
-229
-243
-198
-269
-261
-150
-238
-356
-197
-178
-189
-229
-191
-77
-216
-199
-177
-224
-116
-233
-222
-204
-264
-312
-263
-166
-168
-200
-243
-234
-376
-197
-294
-242
-266
-304
-157
-176
-202
-142
-242
-254
-167
-184
-189
-208
-238
-215
-194
-215
-283
-202
-162
-161
-174
-157
-269
-191
-235
-151
-241
-286
-280
-159
-176
-205
-137
-155
-232
-291
-145
-197
-286
-261
-230
-173
-33
-265
-232
-313
-165
-236
-256
-243
-185
-189
-218
-252
-42
-246
-159
-190
-233
-148
-253
-141
-208
-241
-207
-238
-183
-207
-128
-324
-218
-189
-218
-162
-238
-190
-209
-212
-195
-250
-289
-164
-189
-159
-159
-185
-202
-143
-204
-74
-137
-168
-291
-197
-262
-296
-162
-277
-180
-308
-216
-230
-271
-189
-206
-227
-189
-272
-225
-231
146
-227
-243
-193
-200
-278
-173
-391
-173
-243
-254
-207
-144
-40
-86
-246
-237
-226
-244
-239
-188
-215
-228
-236
-178
-293
-221
-407
-240
-222
-253
-257
-205
-183
-44
-291
-247
-184
-200
-153
-247
-219
-263
-224
-243
-261
-181
-165
-247
-181
-155
-104
-140
-255
-312
-267
-149
-187
-236
-227
-244
-256
-297
-249
-273
-206
-224
-265
-192
-225
-310
-318
-300
-250
-286
-273
-220
-207
-239
-418
-176
-132
-218
-185
-218
-224
-251
-326
-298
-283
-114
-231
-191
-267
-191
-180
-267
-271
-187
-136
-260
-235
-93
-238
-205
-188
-189
-208
-5
-204
-141
-237
-271
-177
-241
-278
-104
-323
-364
-119
-44
-158
-151
-261
-119
-211
-217
-203
-326
-190
-149
-227
-276
-243
-164
-259
-241
-216
-263
-206
-198
-218
-160
-196
-184
367
-186
-255
-232
-181
-199
-303
-209
-286
-199
-232
-227
-251
-136
-256
-253
-246
-151
-180
-301
-72
-178
-327
-285
-235
-297
-247
-301
-167
-238
-218
-321
-175
-165
-189
193
-222
-246
-280
-160
-306
-257
786
-240
-258
-236
-231
-149
-228
-172
-254
-270
-166
-276
-203
-286
-241
-216
-247
-182
-207
-224
-420
-204
-122
-196
-187
-186
-179
124
-251
-297
-204
-219
-288
-35
-250
-178
-180
-213
-270
-274
160
-170
-208
-351
-137
-282
-272
-68
-223
-200
-178
-247
-203
-209
-134
-195
-56
-241
-256
-222
-169
-208
-275
-187
-246
-229
-230
-180
-253
-260
-192
-167
-249
-218
-241
-239
-150
-282
-283
-186
-300
-235
-165
-174
-166
-79
-292
-304
-254
-170
-284
-145
-224
-198
-187
-178
-184
-204
-223
-199
-251
-195
-172
-189
-234
-48
-293
-207
-191
-297
-340
-244
-247
-179
-214
-237
-157
-201
-158
-214
-301
-225
-185
-201
-199
-219
-291
-200
-284
-205
-278
-180
-165
-288
-152
-227
-248
-250
-350
-219
-228
-247
-139
-210
-202
-244
-204
-71
-218
-159
-285
-218
-293
-204
-92
-214
-155
-201
-225
-292
-215
-256
-188
-256
-23
-213
-284
-207
-294
-257
-193
-257
-250
-159
-258
-198
-258
-224
-185
-223
-253
-223
-162
-275
-219
-175
-224
-161
-272
-173
-251
-702
-206
-305
-315
-267
-240
-200
-241
-217
-247
-291
-176
-456
-175
-38
-279
-256
-226
-302
-182
-279
-267
-282
-209
-289
-230
-247
-272
-225
-206
-238
-220
-328
-244
-237
-275
-240
-179
-292
610
-219
-372
-167
-312
-211
-256
-211
-302
-160
-246
-355
-128
-283
-195
-225
-259
-212
-287
-185
-244
-287
-120
-119
-203
-316
-195
-257
-187
-173
-266
-81
-251
-206
-148
-156
-242
-222
-270
-192
-170
-246
-172
-221
-202
-186
-254
-265
84
-166
-151
-67
-200
-244
-299
-243
-222
-264
-245
-292
-219
-135
-250
-249
-147
-258
-329
-273
-147
-204
-285
-264
-226
-236
-256
-101
-274
-224
-99
-156
-228
-184
-206
-297
-215
-198
-261
-297
-227
-220
-183
-210
-143
-181
-210
-240
-272
-256
-288
-198
-221
-171
-283
-196
-152
-253
-268
-138
-225
-188
-144
-254
-37
-266
-168
-123
-129
-199
-253
-125
-231
-213
-21
-362
-205
-356
-206
-181
-198
-366
-192
-73
-145
-256
-205
-265
-113
-233
-138
-167
-160
-220
-265
-152
-226
-208
-331
-138
-207
-200
-313
-175
-109
-158
-266
-216
-156
-259
-89
-255
-255
-254
-176
-248
-255
-111
-130
-231
-190
-228
-164
-310
-224
-155
-227
-211
-166
-267
-264
-154
-255
-210
-213
-256
-426
-201
-216
-283
-243
-159
-258
-140
-227
-140
-239
-249
-199
-257
-269
-228
-277
-181
-185
-223
-178
-179
-198
-214
-254
-256
-225
-120
-264
-206
-352
-201
-239
-214
-192
-327
-240
-154
334
-391
-199
-271
-217
-224
-258
-189
-183
-220
-217
-221
-186
-254
-242
-271
-120
-254
-159
-148
-242
-248
-50
-219
-168
-268
-239
-247
-269
-196
-180
-271
-199
-207
-259
-240
-222
-210
-205
-207
-152
-205
-231
-256
-236
-260
-265
-140
-194
-195
-190
-188
-172
-210
-259
-346
-256
-88
-245
-123
-372
-267
-211
-308
-172
-210
-255
-147
-132
-156
-272
-273
-236
-253
-187
-290
-225
-184
-213
-289
-207
-151
-269
-230
-188
-211
-256
-256
-214
-197
-225
-234
-207
-147
-265
-160
-244
-176
-281
-163
-120
-185
-188
-205
-199
-181
-260
-190
-152
-228
-160
-243
-218
-213
-201
-225
-135
-303
-255
-218
-177
-257
-159
-201
-229
-289
-250
-168
-228
-115
-222
-90
-219
-296
-200
-174
-198
-230
-154
-279
-245
-123
-215
-224
-221
-65
-253
-167
-165
-177
-260
-124
-221
-255
-243
-299
-258
-204
-264
-240
-267
-296
-250
-136
-236
-213
-208
-179
-141
-309
-240
-198
-220
-149
-214
-268
-202
-311
-248
-180
-159
-251
-267
-229
-190
-173
-210
-188
-191
-226
-225
-242
-264
-286
-182
-259
-200
-243
-212
-241
-202
-264
-110
-262
-218
-304
-215
-219
-369
-245
-195
-185
-170
-281
-268
-209
-121
-174
-259
-253
-218
-269
-198
-174
-223
-177
-156
-222
-217
-226
-280
-281
-215
-254
-61
-251
42
-221
-262
-138
-110
-370
-168
-244
-194
-220
-182
-305
-115
-152
-296
-282
-164
-241
-285
-246
-274
-196
-238
35
-311
-78
-265
-194
-289
-197
-377
-198
-135
-355
-165
-233
-167
-246
-317
-169
-193
-230
-202
-200
-188
-58
-252
-157
-91
-137
-203
-237
-197
-182
-277
-42
-258
-281
-282
-282
-157
-269
-286
-164
-251
-176
-207
-253
-137
-213
-92
-165
-216
-292
-239
-253
-109
-323
-384
-212
-212
-200
-238
-238
-205
-199
-257
-181
-181
-360
-242
-223
-140
-237
-128
-194
-151
-178
-267
-280
-261
-206
-248
-163
-295
-282
-221
-241
-123
-232
-173
-280
-221
-269
-234
-124
-241
-170
-238
-249
-250
-175
-204
-193
-258
-219
-202
-240
-263
-232
-237
-234
-196
-165
22
68
-311
-237
-176
-135
-253
-216
-185
-164
-186
-187
22
-369
-257
134
-291
-334
-197
-285
-229
-456
-329
-205
-338
-228
-252
-327
-265
-277
-86
-226
-235
-239
-186
-226
-232
-171
-174
-200
-129
-305
-183
-359
-357
-242
-285
-234
-256
-197
-270
-244
-240
-255
-309
-204
-266
-92
-206
-250
-239
-194
-193
-223
-123
-196
-192
-431
-261
-171
-260
-149
-130
-268
-156
-158
-100
-286
-188
-297
-231
-280
-163
-205
-219
-265
-229
-144
-254
2
-303
-158
-187
-230
-184
-275
-198
-257
-251
-297
-277
83
-139
-174
-169
-178
-61
-233
-175
-238
-152
-64
-131
-87
-217
-205
-319
-300
-263
-231
-257
-116
-210
-175
-151
-161
-167
-214
-260
-177
-301
-231
-98
-271
-196
-245
-195
-213
-252
-137
-214
-258
-411
-264
-190
-144
-193
-163
-194
-217
-195
-117
-283
-202
-281
-253
270
-343
-190
-250
-188
-312
-128
-214
-180
-170
-155
-212
-245
-226
-233
-279
-291
-251
-311
-247
-287
-191
-273
-165
-143
-196
-136
-219
-252
-218
-108
-219
-206
-169
-211
-198
-243
-193
-254
-299
-285
-223
-273
-261
-290
-255
-199
-188
-258
-234
-265
-316
-192
-194
-181
-226
-241
-193
-238
-168
-235
-273
-152
-253
-269
-184
-205
-268
-192
-225
-216
-227
-205
-150
-160
-246
-278
-73
-224
-244
-274
-277
-158
-168
-167
393
-143
-175
-60
-270
40
-324
-308
-112
-197
-201
-215
-288
-272
-150
-324
-160
-164
-183
-216
-326
-208
-195
-171
-207
-240
-186
-265
-271
-335
-140
-224
-191
-203
262
-275
-220
-222
-176
-259
-86
-65
-318
-189
-290
-213
-202
-179
-274
-220
-214
-202
-158
-250
-198
-237
32
-215
-197
-152
-129
-230
-208
-168
-214
-205
-223
-244
-326
-379
-254
-283
-276
-138
-164
-250
-461
-198
-317
-259
-13
-218
-183
-273
-254
-140
-191
-333
-282
-251
-230
-107
-223
-214
