-256
-181
-127
-165
-176
-315
-141
-214
-125
-224
-345
-163
-76
-211
-440
-325
-250
-127
-508
-121
-19
-157
-192
-287
-193
-204
163
-160
-234
-111
-359
17
-486
-174
-282
-258
-167
-259
-259
-378
-225
140
-244
44
-147
-112
-309
-75
-230
-337
-177
-251
-147
-172
-217
-275
-289
-190
-196
-230
-361
-169
-209
-332
-308
-165
-50
-297
276
-78
-103
-132
-332
-209
-52
-172
-131
-177
-242
-255
16
-66
1
-187
-210
-336
-346
-261
-337
-258
-284
-184
-198
-138
84
-329
-315
-159
-100
-286
-131
-188
-136
-84
-350
-342
-277
-227
-122
-207
-219
-72
-289
-241
-47
-335
88
-340
10
-247
-155
-299
-43
-251
-221
-261
-289
-235
-196
-375
-295
-276
-287
-196
-104
-311
-332
-318
-251
-413
-57
-316
-186
-67
-233
-269
-108
-340
-209
-115
-45
-92
-428
-99
-259
-202
-186
-342
-276
-207
-259
-210
-54
-120
-178
492
-244
-354
-111
-255
-165
-112
-274
-265
-170
-339
-407
-270
-299
-116
-269
-258
159
-208
-345
-323
-375
-277
-287
-107
-2
-130
-97
-450
-178
-108
-137
-233
-163
-392
-61
-405
40
-86
-180
-303
-368
-272
-430
-171
-295
-336
-268
-314
-202
-90
-320
-107
-3
-249
38
-150
46
-163
-345
-252
-251
-353
-370
-167
-51
-376
-202
-215
-311
-128
-251
-324
-315
-266
-150
-366
-111
-152
-251
-227
110
-93
-26
-191
-245
-363
-205
-176
143
-24
-153
-143
-295
-61
-84
-144
-318
-106
-259
57
-225
-332
45
-113
-205
-163
-173
-394
-128
-242
-214
-397
-423
-250
-278
-108
-411
-230
-119
-290
-159
-220
-332
-193
-305
-422
-450
-413
325
-88
-309
-143
-302
-171
-312
-183
-244
-407
-286
-3
-328
-237
-288
-281
-274
-277
-270
-223
-261
-40
-216
-153
-134
-314
-177
-292
-238
-178
-356
-226
-136
-34
-151
-292
-308
-160
-268
-243
-112
-154
-131
-247
-77
-74
-121
-312
-330
-336
-239
-262
-283
-234
-175
-178
-369
-220
-430
-216
-85
-178
-251
-250
-198
-233
-234
-87
-214
-447
-268
-222
-206
-183
-140
-279
-377
-94
-227
-185
-248
-318
-222
-108
-196
-317
-196
-77
-135
-314
-180
-301
-304
-226
-203
-217
-295
-271
-193
-292
-279
-148
-200
-147
-401
-68
-197
-195
-236
-366
-286
53
-366
-291
-349
-109
-140
-186
-160
-64
-211
-94
-274
-137
-4
-284
-172
-192
-179
-121
188
-304
-205
-2
-276
-397
-237
-217
-339
-43
-329
-272
-121
-268
-298
-109
-106
-307
-10
-254
-158
61
-337
-140
-49
-235
-180
-376
-211
-106
-284
-169
-299
-311
-244
-264
-127
-210
224
-300
-233
25
-208
-131
-154
-204
-113
-188
-149
-310
-96
51
-272
-426
-355
-262
-270
-291
-217
-188
-316
-279
-190
526
-189
-65
-99
-339
-307
-109
-101
-340
-71
-161
-31
-394
-40
-299
-212
-228
-180
-352
-89
-323
-378
-205
-84
-201
-162
-315
-104
-134
46
-55
-262
-229
-18
-26
-281
-90
-363
-272
-209
-292
-166
-207
-172
-191
-73
-401
-8
-262
-268
-33
-236
-133
-90
-312
-235
-346
-164
-257
329
-179
-20
-67
-676
-96
-197
-453
-112
-253
90
-125
-284
-170
-150
-302
-268
99
-259
-446
-106
-404
-148
-90
-512
-177
-136
-170
-241
-228
-49
-148
-208
-79
-118
-207
-140
-269
-187
-333
195
-857
-504
-286
-367
-136
-296
-205
-276
-139
-165
-294
-268
-174
-199
-189
-151
-201
-211
-291
-186
-264
-325
-216
-125
-159
-122
-276
-233
-166
-302
-204
-341
-290
-61
141
-99
-226
-142
-109
-74
-109
-11
-23
-182
-430
-328
-220
-185
-302
-131
-195
-156
-125
-73
-207
-267
-293
-336
-59
-290
-117
-71
-238
-187
-137
-251
-94
-49
-257
-33
-83
-506
-331
-97
13
-259
-264
-280
-343
-233
-308
-260
-21
-187
-449
-315
-353
-140
-260
-347
-168
-386
-241
-237
-177
-180
-209
-265
-377
-261
-110
-135
-332
-273
-213
-395
-133
-484
-192
-193
-125
-101
-148
-186
-100
-173
-175
11
-774
-218
-162
-161
-43
-193
-197
-215
-79
-243
-205
-258
-140
-227
-332
177
-137
-308
-355
-192
-240
-296
553
-254
-286
-209
-389
-155
-118
-295
-134
-273
-165
-172
-214
-287
1176
-305
-277
-110
-313
-398
-221
251
-210
-152
-253
-388
-265
-258
-278
-347
-172
-231
-215
-195
-175
-289
-98
-324
-166
-294
-226
-242
-108
-213
-321
-174
-114
-130
176
-233
-352
-258
-253
-192
-247
-208
-129
-187
-83
-233
-189
104
-94
-30
-262
-228
-90
-75
-291
-255
-34
-321
-284
-266
-156
-185
-249
-194
-201
-207
-291
-354
-176
15
-141
-244
-208
-259
-252
-154
-292
-153
-152
-336
-131
-172
-54
-66
-255
-7
-173
-202
-351
-190
-95
-209
-342
-298
-207
-430
-40
-264
-266
-136
-345
-340
-172
-367
-239
-107
-150
-258
-302
-234
-168
-107
-330
-334
-248
54
-216
-167
-307
-242
-145
-298
-349
-261
-289
-302
-259
-268
-303
-242
-213
-115
-365
-236
-175
-132
-245
-201
-369
-335
-278
-878
-307
-143
-23
-312
-13
-195
-199
-37
-265
-348
-183
-147
-238
-199
-250
-210
267
22
-474
-244
-607
-194
-211
-393
-280
-128
-52
-436
-245
-247
-466
-432
-248
-182
-248
-276
-185
-172
-115
-286
-286
-111
-399
-195
-315
197
-181
-293
-317
-187
-21
-179
-173
10
-34
-105
-217
-467
-212
-309
-273
-168
-203
-183
-168
-243
-348
-127
-277
-200
-42
-310
-147
-127
-156
-62
-19
-102
-172
-176
-284
-326
-472
-262
-305
-203
-255
-323
-103
-61
-308
-315
-234
-245
-301
-144
-300
-178
-230
-250
204
-90
-269
-317
-118
-149
-170
-103
-289
-122
-258
-224
-136
-269
-48
-330
-123
-193
-269
-253
-343
-155
-371
-336
-345
-333
-557
-345
-259
-403
-277
-336
-115
-183
-270
-298
-125
-171
-187
-265
-315
-312
-298
-179
-182
32
-246
-131
-384
-214
-324
-247
-50
-240
-279
-107
-200
-228
-128
-203
-330
-106
104
-243
-219
-166
-67
-283
-278
-257
-141
-208
-27
-368
-339
-93
-407
-315
6
-138
-289
-241
-111
-305
78
-253
-3
-216
-426
-252
-266
-355
-355
-96
-226
-185
-88
-117
-127
-286
-174
-258
-286
-371
-164
-135
-101
-357
-336
-68
-128
-227
-138
-369
-159
-96
-517
-128
-225
-229
-275
-300
-265
-321
-171
-209
-205
-222
-164
-168
-102
-214
-235
-194
-229
77
-129
-248
-241
-34
-489
-104
-281
-103
-175
-135
-112
-393
-195
-235
-153
-131
-85
-260
-90
-173
-109
-345
-265
-411
-94
-254
-304
-183
-228
-52
-233
-45
-191
-254
58
-130
-303
-381
-196
-187
-229
-36
-216
-442
-223
-336
-242
-301
-174
-18
-312
-286
-182
-149
-424
-267
-34
-204
-132
-326
-166
-257
-134
-242
-248
-46
-148
-232
-247
-210
-274
-233
-162
-218
-253
-393
-212
-242
-315
-256
-155
-225
-359
-166
-248
-128
-345
-385
-271
-120
-290
-254
-263
-315
-224
-175
-325
-398
-164
39
-361
438
-448
-230
-471
-205
31
-78
-117
-192
-477
-260
-162
-181
-265
102
-235
-165
-212
-123
-269
-118
-338
-176
-221
-964
-5
-113
-246
-280
-93
-409
-234
-189
-119
-259
-56
-202
-222
-322
-237
-165
-242
-81
-145
-303
-65
21
-102
-180
-231
-277
-331
-157
-316
-152
-344
-321
-88
-284
-218
-408
-376
-360
-290
-312
26
-161
-171
-177
-246
-262
-299
-233
-232
-199
-457
-232
-88
-244
-153
-211
-404
418
-238
-221
-229
-163
-166
-31
-320
-223
-322
169
-128
-272
-138
-88
-172
-235
-177
-293
-191
-413
-199
-258
-198
-249
-180
-211
-312
-469
209
-330
-265
-92
-85
-93
438
-55
-297
-193
-751
-352
-172
-178
-192
-182
-214
-235
-151
-253
-134
-256
137
-276
-367
-149
-139
-246
-136
-298
0
-326
-364
-178
-285
-548
-167
-116
-23
-163
-304
-189
-180
-290
-46
-235
-167
-219
-225
-273
-268
-207
-119
-251
-281
-192
-289
1052
-224
-146
-164
-360
-311
-364
-476
-61
-463
-336
-364
-294
-246
-359
-281
-298
-192
-139
-225
-232
-294
-154
-196
-236
-195
-279
-242
-147
-408
-205
-177
-304
-52
-43
-92
-122
-255
-180
-265
-236
-18
-299
-259
-266
-253
-53
106
-117
-398
-239
-331
-202
-219
-324
-151
-216
-194
-130
-366
-39
-109
-179
-214
-217
-156
-249
-95
-77
-319
-158
-337
-199
-134
160
-188
-256
-337
14
-288
-135
-120
-231
-326
-57
-153
-181
-141
-89
-255
-30
-267
-249
-282
-186
-289
-238
-307
-275
-318
-285
-172
-205
-79
-156
-209
63
-219
-387
-182
-212
-212
-220
-175
-208
-230
-91
-74
-281
-14
-395
-179
-209
-1
-21
-168
-64
-240
-96
-301
-208
-272
-402
-112
-149
-310
-217
-175
-232
58
-241
-81
-153
-131
-371
-225
-173
-310
-235
-281
-184
-277
-301
151
-231
-264
-162
-380
-337
-281
-353
-255
-267
-270
-299
-262
-206
-59
-256
-149
-369
-318
-322
-114
-170
-220
-148
-174
-307
-335
-212
-292
-168
-264
-236
-248
-222
-283
-322
-115
-210
-101
-22
-360
-420
-26
-297
-207
-342
-343
-211
-342
-202
-189
46
-104
-325
-177
-119
-136
-44
-220
-229
55
-106
-260
-241
-232
-326
-86
-219
-344
-482
-136
-162
-223
-255
-176
-315
-147
-137
-233
-212
-406
-179
-224
-161
-488
-120
-299
-236
-137
-343
-325
-271
-304
-269
-295
-79
-178
-316
-114
-198
-274
-223
-384
-227
-74
-251
-302
-213
-334
-256
-139
-185
-170
-155
-176
-134
-117
-298
-131
-481
-342
-221
-235
-152
-202
-131
4
-291
-205
-35
-432
-270
-121
-297
-369
114
-275
-62
-19
-269
-133
-327
-184
-73
-311
-328
-313
-150
-161
-89
-83
-223
-101
-230
-228
-242
-285
-211
-251
-206
-292
-200
-249
-233
-158
-288
-295
-206
-177
-279
-221
-303
-224
-257
-124
-131
-249
-10
-230
-267
-190
-199
-362
-196
-39
-313
-273
-244
-184
-362
-248
-185
-319
-157
-85
-162
30
-187
90
-280
-171
-305
-290
-227
19
-288
-297
-188
-100
-92
-274
-250
-249
-237
-35
-164
-145
-74
-172
-150
-310
-165
-101
-325
-162
-290
-204
-33
-232
-365
-193
-217
-210
-166
-149
-36
-280
-105
-212
-83
-182
-219
-397
-168
-213
-424
-317
150
-68
-218
-37
-279
-293
-337
-207
-230
-268
-283
-308
-298
-275
-315
-215
-380
-172
-315
-254
-172
-331
-380
-157
-371
-164
-344
-122
-245
-29
-183
-132
-316
-302
34
-310
-257
73
-255
-276
-279
-178
-153
-616
-54
-191
-206
-23
-295
-536
-164
-175
-131
-141
-267
-332
-328
-173
-317
-221
-234
-200
-376
-150
-152
-118
-54
2
-201
-268
-379
-136
-142
-24
-124
-112
76
-297
-171
-155
-144
-183
-166
-240
-121
-88
-147
-175
-285
-235
-106
-233
-324
-176
-64
-113
-152
-249
-231
-287
-137
-12
-308
-176
-240
-231
-226
-161
-178
-193
-185
9
-238
-259
-348
-53
-393
-126
-238
-292
-274
-505
-215
-222
-53
-255
-146
-81
-301
-318
-93
-305
-183
-308
-224
-142
-37
-199
-197
-87
-283
-326
-332
-349
-248
-343
-181
-164
-231
-329
-209
-25
-310
-463
-181
-389
-269
-292
-186
-171
-245
-182
-239
-13
-183
-146
-376
-260
-10
-220
-173
-86
-115
-131
-146
-253
0
-164
-259
-206
-294
-315
164
-77
-259
-256
-204
-144
-253
-157
-267
-101
-177
-119
-216
-222
-332
-380
-159
-245
-76
-237
-229
-168
117
-320
-243
-228
-287
-137
-68
-284
-143
-220
-117
-295
-164
-190
-206
-67
-294
-132
-257
-180
-345
162
-268
-352
-201
-397
-229
-145
-282
-289
-238
-222
-105
-207
-269
-86
-258
-339
-211
-156
-462
-139
-288
-106
-277
-314
-134
-215
69
-153
-295
-45
-278
-244
-170
-266
-268
-455
-168
-132
-151
-281
-262
-411
-229
-202
-197
-129
-249
-121
-243
-313
-257
-254
-354
-250
-188
-299
-200
-195
-185
-108
-116
-254
-282
-413
-246
-377
-259
-304
-142
-188
-152
-192
-96
-134
-365
-289
-239
-207
-296
-331
-293
-139
-218
-311
-93
-225
-213
-257
-219
-334
-222
-182
-81
-70
-162
-204
-107
-362
-247
-165
-209
-126
-331
-291
-325
-170
-342
-291
-386
-222
-522
-284
-247
-123
-160
-350
-126
-185
-266
-264
-31
-158
48
-236
-219
-289
-146
-139
-255
-89
-187
-145
-185
30
-116
-150
-335
-96
-177
-265
-472
-134
-406
-254
-63
-227
-249
-229
-222
-113
-242
-247
-205
-207
-305
-101
-295
-144
-236
-326
-207
-139
-257
-217
-252
-169
-214
-111
-180
-227
-199
-189
-456
-157
-247
-219
-185
-91
-279
-371
-95
-216
-219
-152
-302
-105
-400
-151
-135
-260
-277
-285
-184
-130
-348
-277
-226
-180
-160
-190
9
-129
-100
-270
-268
-275
-874
-216
-198
-206
-163
-56
-100
-856
-359
-248
-404
-241
-120
-141
-278
-196
-226
-234
-300
-157
-81
-291
-133
-227
-231
-314
-268
-237
-315
-242
-84
-368
-156
-254
-252
-223
-189
-142
-150
-292
-87
-355
-278
-379
-54
-123
-181
-322
-287
15
-303
-250
-114
-123
-126
-405
-220
-286
-274
-267
-364
72
-223
237
-141
-175
-47
-449
-186
-305
-229
-361
-415
-415
-227
-121
-226
-352
-174
-352
-210
-234
-160
-275
-87
-146
-146
-195
-361
-204
-103
-149
-155
54
-292
-292
-242
-128
-343
-299
-153
-223
-312
-330
-276
-374
-162
-205
-220
-238
-224
-405
-244
-190
-423
-306
-322
-254
-156
-174
-126
-241
-301
-186
-359
-237
-126
-356
-63
-265
-289
-43
-153
-177
-211
-216
-117
-273
-288
-335
-345
-280
-331
-17
-231
-199
-393
-183
-54
-272
-407
-100
17
-171
-248
-188
-245
-280
-71
-263
-190
-277
-94
-325
-233
-242
-278
-217
-109
-230
-133
-225
-313
-338
-319
-139
-196
-343
-127
-192
-247
-306
-199
-248
-238
-311
-199
-189
-330
-124
-62
-270
-148
-285
-340
-92
-145
-153
-176
-399
-363
-289
-319
-217
-66
-438
-202
-351
-241
-365
-227
-164
-158
-238
-275
-259
-83
-239
-275
-90
-329
-222
-446
-308
-211
-181
-241
-267
-362
-222
-144
-378
-229
-298
-132
-116
-38
-157
-292
-56
-386
-151
44
300
-277
-122
-360
-303
-106
-305
-213
-328
-115
-261
-358
-223
-305
-205
-41
-302
-203
-387
-253
-109
-331
-260
-167
-16
-415
-77
-81
-249
-170
-341
-340
-188
-167
-296
-213
-173
-275
-264
-300
-244
-206
-298
-212
-213
-186
-296
-289
-353
-212
-182
-288
-272
-293
-331
-242
-71
-93
-248
-58
-129
-239
-208
-156
71
-438
-191
-269
-196
-92
-177
-254
-296
-221
-183
-239
-240
-200
-251
-56
-7
-506
-166
-142
-229
-343
-331
-413
-247
-131
-234
-362
-186
-182
-249
-225
-152
-266
-193
-10
-320
-153
-88
-295
-192
-231
-267
-210
-313
-258
-354
-97
-219
-256
-136
-280
-335
-392
-346
-170
-121
-309
-111
22
-298
-242
-359
-247
-337
-141
-237
-151
-156
-40
-111
-179
-84
-210
-89
-70
-20
-188
-318
-442
-174
1
-221
-209
-304
-372
-193
-207
-206
-210
-131
-190
-249
-159
-324
-242
-113
-373
-298
-259
-238
-232
-182
-323
-315
-164
-252
-249
-65
-21
-167
-44
-194
-262
18
-47
20
-204
-162
-323
-200
-156
-325
-214
-298
-67
-194
-172
-218
-70
119
-172
-225
-291
-324
-196
-419
-180
-369
-286
-262
-72
-240
-140
-179
-297
-81
-16
-300
-383
-256
-223
-214
-136
-221
24
-150
-264
-263
291
-305
-275
-244
-157
-75
-205
-337
-276
-80
-257
-196
-328
-253
-331
-120
-156
-169
-148
-342
-136
-179
-140
-272
-208
-139
-67
-235
-323
-126
-120
-202
-3
-247
-171
-132
-121
-450
-388
-213
-239
-131
-232
-89
-452
-407
-347
-323
-381
-197
-151
76
-449
-90
-284
-316
-125
-270
-233
-105
-277
-191
-277
-106
238
-327
-167
-37
19
82
-44
-65
4
-199
-200
-177
2
-261
-44
-169
-285
-89
-292
-233
-337
-104
-477
-259
-183
-341
-71
-147
-262
-118
-202
-485
-94
-277
-223
-212
-209
-215
-168
-369
-270
-254
-328
-50
-176
-455
-241
-40
400
-420
-99
-312
-440
-81
-180
-178
-247
-276
57
-266
-227
4
-181
-125
-465
-267
-149
-162
-221
-81
-358
-100
-145
-292
-319
-163
-101
-181
-158
-199
-306
-331
-129
-288
-215
-313
-211
-111
-212
-263
-102
-340
61
-128
-209
-430
-233
-361
-309
-288
-205
-203
-39
-186
-282
-314
-260
-178
-350
-274
-243
-262
-415
-308
-206
-179
-426
-309
-127
-171
-198
-303
-100
-131
-514
-258
-160
-360
-234
-173
-197
-313
-237
-149
-14
-140
-303
-208
-563
-150
-164
-146
-200
-441
-238
-371
-251
-129
-338
-246
-169
-221
-114
-370
-216
-281
-207
-104
-76
-114
-214
-378
15
-142
-228
-165
-84
-172
-461
-238
-738
-328
-126
-142
-123
-249
-75
-116
-142
-284
-128
-104
-196
-139
-119
-210
-341
-310
-118
-447
-69
-209
-329
-270
-239
-145
-261
-223
213
-108
-236
-101
-285
-182
-226
-227
-194
-235
-287
-273
-239
-170
271
-281
-297
-182
-360
-220
-300
-256
-317
-223
-206
-252
-197
-205
-86
-527
-270
-216
-357
-355
-431
-117
-135
-180
-289
-168
-215
-195
-312
-124
-194
-225
-161
-384
-337
-173
-185
70
-139
-296
-286
-256
384
-134
-112
-44
-266
-157
-245
-253
-123
-160
-220
-128
-248
-241
-265
-214
-251
-247
-264
-114
-120
-81
-217
-252
-84
-80
-184
-265
-367
-359
-265
-108
-126
-207
-85
2
-83
-315
-220
-177
-214
42
-221
-169
-277
-254
57
-193
-325
-149
-155
-429
-319
-183
-340
-167
-207
-87
-287
-135
-425
-176
-321
-306
-425
-71
-468
-120
