-172
-352
-226
-209
-269
-23
-250
16
-252
-258
-309
-209
-264
-212
-284
-186
-198
-152
-264
-263
-233
-98
-136
-247
-253
-117
-180
-218
-191
-197
-136
-220
-76
-204
4
-309
-221
-250
-179
-281
-204
-176
-204
-228
-211
-150
-287
-87
-271
-198
-168
-148
-173
-219
-164
-12
-234
-225
-226
15
-75
-303
-291
-218
-130
-287
-531
41
-242
-281
-223
-241
-174
-82
-246
-160
-234
-225
-287
-306
-178
-320
-284
-254
-376
-280
248
-255
-166
-147
-254
-240
-257
-146
-230
-212
-148
-73
-218
-220
-237
-382
-136
-213
-231
-229
-137
-267
-256
-191
-240
-201
-219
-234
-181
-242
-224
-158
-404
-200
-285
-325
-34
-169
-227
-287
-157
-360
-98
-183
-339
7
-264
-194
-221
-229
-170
-190
-193
-292
-174
-154
-10
-130
-301
-160
-240
-175
-241
-248
-210
-174
-252
-180
-191
-186
125
-216
-250
-88
-266
-211
-148
-290
-261
-221
-147
-68
-195
-216
-265
-216
149
-188
-150
-248
-162
-240
-217
-259
-477
-302
33
-267
-212
-353
-172
-84
-122
-288
-263
-156
-222
-310
-221
-210
-407
-113
-268
-236
-278
-344
-111
-275
-150
-282
-330
-196
-50
-227
-205
-165
-178
-218
-642
-201
-170
-228
-282
-298
-214
-135
-163
-154
-214
-179
-157
-142
-28
-147
-212
-151
-258
-210
-414
-338
-97
-291
-203
-232
-35
-219
-242
-223
-263
-88
-228
-286
-195
-162
41
91
-5
-136
-303
-347
-201
-104
-176
-257
-238
-213
-174
-178
-203
-194
-266
-222
-232
-192
-252
-51
6
-246
-93
-300
-241
-295
-106
-189
-229
-237
-204
-284
-276
-175
-323
-123
-162
-327
-209
-39
-236
-227
266
-222
-195
-199
-313
-258
-183
-245
-302
-232
-151
-170
-325
-398
-135
-188
-258
-46
-254
-347
-401
-190
-236
-175
-235
-267
-115
-138
-203
-316
-258
-142
-256
-399
-68
-211
-164
-249
-304
-246
-217
-109
-240
-290
-162
-181
-273
-297
-456
-148
-161
-170
-188
-199
-166
-332
-53
-303
-206
-258
-193
-152
-74
-242
-251
-208
-228
-203
-195
-233
-284
-228
-325
-418
-78
-324
-146
-287
-146
-234
-290
-276
-232
-244
-272
-230
-227
-227
-213
-205
-199
-23
-248
-246
-325
-245
-288
-229
-179
-239
-199
-278
-314
-169
-211
-237
-232
-117
-210
-266
-189
-236
-220
-233
-260
-181
-290
-206
-248
-130
-275
-253
-204
-184
-352
-262
-190
-360
-114
-99
-227
-217
-403
-144
-259
-71
-236
-192
-135
-180
-201
-257
-177
-183
-248
-75
-292
-228
-209
-330
-260
-107
-103
256
-205
-272
-125
-198
-24
-66
-275
-284
-286
-163
-215
-214
-183
-296
-215
41
-258
-87
-116
-137
-29
-275
-182
-192
-249
-251
-217
-220
-126
-340
-121
-124
-184
-140
-193
-180
-225
-237
-283
-327
-172
-255
-445
-216
-248
-232
-238
-124
-107
-290
-263
-147
-135
-242
-319
-238
-242
-240
-1
-235
-33
-269
-175
-207
-201
-4
-271
-177
-204
-244
-228
-155
-240
-408
-238
-189
-315
-206
-146
-167
-226
-272
-199
-390
-167
-191
-220
-105
-348
-282
-91
-282
-276
-181
-263
-160
-271
-346
-199
-231
-244
-133
-245
-263
-270
-180
-114
-217
-257
-283
-140
-252
-232
-204
-188
-197
-106
-241
-203
-411
-224
-213
-196
-148
-240
-169
-193
-181
-306
-312
89
-335
-234
-268
-156
-227
-261
-266
-96
-145
-194
-264
-265
-123
-272
-220
-233
-174
-220
-170
-310
-297
-87
-163
-145
-26
-250
-140
-170
-128
-292
-154
-175
-238
-250
-211
-293
-299
-241
-317
-201
-238
-232
-263
-163
-249
-383
-146
-92
-207
-161
-91
-198
-252
-248
-178
-148
-62
-221
-189
-221
-240
-89
-214
-118
-338
-203
-245
-177
-211
11
-135
-358
56
-215
-242
-179
-224
-207
89
-204
-156
-82
34
-279
-143
-176
-222
-160
-356
-28
-251
-192
-181
-135
-326
-295
-284
-182
-242
-246
-68
-203
-205
-312
-67
-385
-123
-199
-199
-137
-262
-109
-130
-287
-211
-216
-43
-209
-321
-208
-338
-206
-177
-254
-170
-156
-247
-217
-67
-297
-120
-143
-196
-329
148
-198
-247
-202
-236
-233
-172
-307
86
-139
-130
-302
-374
40
-306
-255
-219
-419
-306
-191
-218
-229
-145
-240
-118
-217
-332
-152
-221
24
-226
-263
-122
-3
-267
-187
-197
11
-258
-244
-222
-215
-264
-383
121
-242
-288
-238
-189
-128
-253
-48
-256
-237
-213
-230
-165
-181
-84
-204
-57
1
-327
-283
-154
-150
-144
-228
-170
-319
-289
-355
-355
-68
-132
-260
-221
1
-215
-317
-149
-206
-132
-254
-134
-226
-112
-141
-169
-285
-150
-184
-201
-351
-191
-160
-204
-207
-293
-265
-230
-339
-371
-267
-256
-237
-213
-83
-197
-204
-196
-47
-288
-76
-234
-167
-235
-285
-278
-114
-311
-201
-204
9
-113
-287
-314
64
-159
-147
-274
-186
-141
-197
-287
-189
-278
-272
-203
-229
-291
-216
-229
-218
-245
-89
-246
-306
-29
-175
-257
-300
-316
-183
-250
-315
-222
-261
-251
-298
-171
-199
-208
-282
-176
-192
-131
-238
-102
-300
-226
-49
-167
-235
-225
-14
-293
-380
-237
-216
-171
-318
-179
-198
-233
-238
-219
-186
-152
373
-122
-364
-255
-187
-252
-205
-247
-127
-24
87
-217
-213
-14
-284
-97
-110
-199
-102
-229
-187
-212
-263
-233
-93
-114
-256
-195
-75
-281
-171
-208
-234
-258
-238
-353
-42
-210
-138
-164
-254
-215
-208
-23
-209
-237
-310
-184
-297
-181
-204
-336
-149
-55
-262
-251
-248
-263
-236
-256
-196
-258
-150
-187
-15
-78
-285
-298
-40
-286
-193
-224
-251
-156
-276
-72
-182
-131
-168
-321
-273
-238
-266
-141
-257
-188
-188
-257
-251
-12
-281
-110
-221
-135
-377
-202
-26
-315
-248
-18
-312
-242
-285
-251
-190
-252
142
-422
-183
-241
-227
-294
-231
-283
-222
-220
-290
-178
-131
-158
-94
-308
-160
-178
-52
-156
-278
7
-135
-251
-115
-98
-114
-280
-164
-199
-91
-433
-270
-86
-236
-327
-246
-269
-80
-189
-132
-186
-202
-269
-185
-204
-228
-193
-253
-40
-168
-178
-295
-142
-299
-161
-181
-248
-65
-291
-173
-216
-183
-201
-295
-296
-340
-297
-134
-12
-149
-249
-21
-74
-222
-288
-220
-183
-303
-294
-123
-329
-275
-220
-229
-176
-166
-197
-297
-174
-123
-87
-240
-162
-270
-244
-231
-253
-440
-141
-135
-226
-172
-203
-256
-180
-300
-228
-214
-360
-331
-322
-377
-267
-221
-229
-89
-192
-211
-182
-266
-147
-139
-200
-88
-215
-85
-334
-70
-209
-179
-134
-230
-178
-282
-329
-157
-59
-145
-158
-350
-98
-300
-119
-230
-181
-309
-269
-168
-176
-161
-242
-110
-271
-322
-208
-132
-209
-274
-308
-183
-259
-220
-178
-199
-281
-306
-246
-256
-101
-307
-43
-314
-191
-295
-245
-177
-211
-112
-219
-300
-239
-216
-262
-272
-163
-337
-410
-265
-244
-259
-292
-229
-289
4
-259
-248
-245
-204
-207
-323
-216
-170
-138
-161
-289
-362
-142
-239
-172
-319
-245
-231
15
-235
-215
-221
-144
-63
-355
-195
-299
-223
-305
-161
-321
-187
-115
-159
-99
-151
-119
-354
-148
-174
-160
-84
-323
-284
-143
-231
-154
-262
-229
-12
-242
-150
-110
-189
-143
-267
-254
-211
-178
-210
-253
-209
-291
-81
-254
-183
-222
-190
-267
-224
-268
-192
-278
-217
-135
-173
-218
-153
-206
-329
-272
-306
15
-200
-331
-277
-330
-95
-221
-225
-260
-214
-391
-198
-145
-278
-228
-172
-188
31
-234
-244
-256
-255
-214
-273
-234
-252
-324
-295
-156
-88
-184
-313
-294
-129
-257
-292
-131
-259
-303
-212
-205
-228
-273
-262
-159
-202
-246
-272
-354
-317
-159
-242
-112
-146
-207
-190
-132
-165
-161
-264
-337
774
-222
-168
-126
38
-216
-253
-124
-176
-207
-164
-193
-261
-127
-272
-244
-274
-358
-204
-332
-284
-190
-201
-243
3
-113
-146
-216
-111
-137
-333
-9
-229
-287
-211
-254
-266
-175
-371
-242
-309
-198
-173
-181
-161
133
-254
-202
-216
-115
-206
-255
-223
-152
-277
-184
-266
-283
-223
-143
-224
-273
-288
-369
-82
-388
-129
-234
-278
-235
-178
0
-123
-247
-323
-85
-440
-221
-219
-251
-255
-296
-159
-271
-306
-263
-266
-107
-132
-304
-309
-229
-216
-313
-177
-78
-187
-186
26
120
-228
-182
-216
-263
-202
-205
-239
99
-181
-125
-154
-233
-210
-227
-192
-189
-263
-132
-238
-237
-162
-157
-357
-259
-198
-220
-239
-170
-190
-208
-310
-266
-259
-282
-251
-157
-130
-239
-209
-193
-256
-176
-258
-228
-166
-281
-328
-280
-299
-276
-277
-111
-168
-373
-226
-250
-240
-193
-10
-263
-238
-124
-292
-219
-110
-179
-213
-70
-172
-146
-353
-167
-173
-198
-214
-164
-313
-232
-151
-291
-185
-279
-220
-225
62
-203
-234
-218
-179
-228
-152
-195
-114
-92
-298
-215
-23
-227
-144
-226
-295
-217
-234
-231
-240
-244
-178
-190
-193
44
-171
-270
-75
-224
-169
-206
-97
-250
-211
-98
-214
-282
-319
-278
-243
-264
-201
-219
-184
-248
-200
-202
145
-133
-238
-144
-261
-298
-227
-109
-96
-258
-248
-234
-387
-274
-305
-282
-217
-234
-203
-125
-191
-389
-72
-272
-121
-272
-174
-78
-229
-250
-203
-255
62
-231
-227
-234
-285
-245
-250
-187
-259
49
-320
-357
-157
-323
-303
-376
-224
-297
-197
-276
-212
-141
-224
4
-143
-284
22
-240
-236
-290
-97
-131
-211
-176
-174
-264
-191
-123
-212
-176
-285
-110
-63
-277
-161
-221
-319
-177
-138
-272
-298
-116
152
-225
-187
-210
-211
-318
-75
-285
-145
-219
-175
-317
-206
-66
-283
-160
-254
909
-56
-320
-186
7
-281
-234
-262
-220
-49
-295
-105
-217
-244
-224
-141
-194
-196
-219
-265
-234
-97
-291
-295
-115
-185
-281
-133
-325
-264
-140
-286
-108
-192
-244
-200
-294
-281
-192
-289
-215
-65
-87
-282
-250
-247
-199
-186
-273
-217
-115
-113
-238
-258
-285
-229
-183
-93
-249
-235
-304
-177
-196
-290
-185
-224
-257
-97
-215
-65
-400
-388
-239
-191
-256
-179
-317
-45
-155
-217
-335
-284
-257
-255
-207
-116
-206
-253
-200
-193
-233
-224
-357
-240
-178
-180
-257
-180
-226
-65
-289
-315
-241
-214
-223
-218
-11
-331
-341
-87
-307
-362
-7
80
-228
-171
-364
160
-267
-182
-198
-225
-191
-276
-134
-215
-231
-315
-241
-114
-227
13
-56
-120
-159
-208
-294
-287
-306
-186
-196
-306
-167
-251
-193
-327
-170
-273
-276
-320
-251
-138
-256
-248
-256
-266
-200
-160
-273
-122
-272
-166
-284
7
-109
-190
-73
-173
-151
-233
-189
77
-365
-177
-137
-123
-291
-247
-363
-101
-148
-290
-252
-237
-251
-183
-211
-309
-182
-189
-356
-257
-201
-315
-267
-209
-136
-178
-76
-239
-59
-250
-308
-228
-165
-321
-365
-328
-262
-402
-122
-212
-34
-235
-132
-130
-254
-350
-157
-305
-209
-263
-85
-238
-253
-250
-167
-295
-47
-207
-269
-176
-207
-251
-291
-63
-110
-179
-179
-329
-172
-329
-164
-88
-151
-417
-39
-235
-213
-266
-293
-160
-214
-464
-181
-146
-187
-237
-167
-236
-117
-242
-258
-295
-128
-282
-234
-251
-149
-260
-237
-211
-307
-178
-273
209
-238
-176
153
-243
-141
-234
-278
-80
-156
-330
-156
-276
-209
-254
121
-245
-213
-311
-218
-333
-44
-298
-254
-239
-282
-182
-215
-113
-184
-248
-63
-268
-212
-282
-44
-308
-179
-242
-173
17
-260
-212
-317
-205
-190
-163
-229
-269
-273
-197
-60
-300
-128
-192
-255
-51
-91
91
-142
-339
-195
-254
-317
-224
-264
-290
-158
-323
-166
-260
-139
-324
-199
-118
-236
-265
-274
-217
44
-45
-306
-179
-301
-222
-214
-235
-135
-177
-260
-129
-172
-228
-97
-331
-104
-206
-260
-203
-187
-198
-155
-76
-209
-250
-282
-187
-177
-182
-119
-365
-271
-145
-169
-155
-229
-179
-228
-276
74
-197
-225
-227
-255
9
-202
-42
-142
-243
-281
-269
-191
-235
-248
-200
-306
-251
-109
-80
-290
-204
-145
-49
-199
-286
-170
-180
-181
-283
-319
-196
-234
-294
-144
-226
-242
-156
-181
-327
-320
-203
-199
-140
-91
-12
-255
-219
-188
-99
-145
-150
-239
-310
179
-300
-281
-136
-243
-240
-247
-333
-133
-167
-135
-126
-181
-158
-336
-213
-358
-26
-308
-187
-323
-190
-182
-196
-214
-113
-277
-209
-251
-181
-268
-158
-162
-87
-157
-248
-168
-115
-181
-116
-263
-325
-291
-258
-90
-199
-273
-120
-236
-192
-209
-174
-298
-323
-298
8
-280
-150
-118
-230
-198
-256
-224
-190
-165
-216
-251
-60
-213
218
-243
-257
-212
-293
-160
-289
-218
-150
-220
-288
-146
-271
-180
-242
-231
-107
-223
-277
-70
-104
-337
-216
-146
-199
-162
-251
-320
-200
-265
-179
-342
-185
-246
-277
-110
-260
-236
-252
-227
-245
-168
-163
-205
0
-281
-225
-264
-184
-237
-279
-76
-229
-186
-289
11
-54
-265
-298
-275
-290
-159
41
-187
-101
-215
-283
-137
-387
-230
-160
-47
-245
-191
-181
-195
-242
-292
-166
-215
-310
-192
-249
-131
-206
-237
-87
-135
-31
-125
-208
-268
-159
-216
-244
-230
-233
-66
-174
-172
-359
-234
-255
-305
-246
-148
-167
-397
-192
-284
-281
-97
-160
-155
-214
-176
-177
-184
-204
-166
-253
-392
-261
-22
-251
-220
-495
-291
-224
-251
-210
-200
-197
-192
-215
-167
-265
-232
-272
-249
-196
-381
-179
-263
-235
-304
-167
-113
-251
-226
-93
-278
-283
-201
-189
-131
-210
-196
-203
-357
-262
-240
-238
-295
-184
-154
-159
-217
-150
-161
-181
-216
-284
-252
-3
-153
-217
-253
-171
-221
-274
-253
-162
-100
-252
-246
-383
-289
-179
-219
-189
-168
-274
-119
-180
-197
-172
-225
-219
-174
-188
-222
-224
-148
22
-226
-327
-44
-288
-248
-164
-192
-150
-249
-204
-149
-220
-182
-206
-113
-181
-308
-245
-247
-243
-294
-220
-227
-302
-183
-233
-60
-67
-145
-100
-298
-166
-151
-259
-285
-187
-301
-155
-183
-241
-198
-273
-159
-216
-387
-274
-296
-54
-246
-190
-279
-175
-175
-342
196
-191
-301
-200
-259
-177
-74
-217
-322
-21
-6
-320
-219
-270
-194
-162
141
-242
-219
-323
-327
-274
-269
-222
-202
-155
-303
-221
-234
-225
-36
-202
-226
-235
-60
-308
-143
-190
-225
-212
-294
-268
-152
-53
-382
-213
-164
-223
-145
-20
-186
21
-236
-216
-69
-236
-210
-149
-113
-200
-247
-286
-86
-221
-318
-194
-37
-296
-217
-270
-170
-160
-159
-208
-205
-229
-254
-327
-220
-197
-259
-187
-268
-519
-186
-207
-208
-235
-243
-242
-256
-200
-318
-287
25
-267
-227
-253
-197
-182
-92
423
-167
-144
-204
-300
-299
-276
-271
-174
-272
-330
-74
-272
-348
-242
-184
-253
-313
-255
-182
-177
-200
-54
-256
-252
-194
-204
-207
-249
-267
-278
-178
-325
100
-70
-189
-235
-224
-281
-363
-99
-232
-408
-245
-258
-312
-306
-242
-168
-48
-210
-133
-148
-309
-145
53
-248
-165
-150
-182
-145
-273
-344
-221
-249
-162
-146
-254
-110
-263
-187
-159
-187
-257
-287
-271
-242
-192
-699
-241
-91
-248
-253
-251
-123
-314
-334
-125
-89
-192
-328
-292
-284
-289
-278
-248
-328
-209
-264
-105
-238
-198
-53
-207
-225
-166
-212
-247
-261
-219
-110
-213
-131
-249
-95
-82
-122
-193
-167
-367
-161
-190
-263
-211
-244
-158
-326
-221
-158
-14
-249
48
-282
-252
-183
-182
-91
-233
-243
-127
-219
-61
-210
-127
-305
-174
-333
-327
-199
-177
-294
-280
-367
-380
-125
47
-157
-200
-89
-115
-304
-60
-146
-124
-295
-114
-231
-254
-279
-336
-323
-182
-238
-293
-245
-214
-99
-196
-237
-198
-133
-221
-217
-156
-125
-261
-156
-238
-272
-246
-155
-275
-148
-289
-213
-200
-194
-265
-110
-179
-270
-245
-286
-87
-283
-307
-178
-141
-194
-220
-224
-446
-172
-182
-193
261
-127
-28
-371
-222
10
-135
-303
-120
-254
-259
-186
-175
-176
-237
-324
-190
-211
-234
-168
-227
-175
-73
-392
-200
-289
-242
-303
-185
-73
-262
-131
-249
-188
-298
-319
-211
-181
-85
-287
-267
-298
-194
-257
-192
-209
-314
-238
-258
-254
-204
-126
-179
-251
-184
534
-192
-262
-276
-265
-74
-252
-211
-377
-278
-149
-226
-147
-129
-298
-228
-334
-274
-326
-150
-306
-283
-175
-282
-139
-290
-29
-284
-290
-59
-292
-228
-87
-61
-191
-309
-266
-140
-192
-119
-122
-302
-306
-289
-268
-228
-289
-271
-322
-166
-223
-282
-114
-286
-199
-107
-321
-126
-19
-273
-157
-274
-215
-179
-175
-326
-206
-263
-34
-178
-268
-397
-190
-244
-41
-64
-270
-221
-238
-282
-217
-150
-243
69
-122
-245
-249
-214
122
-265
-137
-46
-452
-147
-331
-269
-203
-221
-224
-275
-183
-216
-247
-274
-158
-189
-89
-273
-200
-364
-326
-318
-276
-227
-133
-228
-330
-181
-493
-283
-317
-19
-171
-51
-165
-192
-237
-233
-891
-274
-72
-254
-198
-290
-160
-173
-409
-219
-217
-175
-233
-376
-207
-212
-244
-145
-47
-217
-188
-217
-268
-191
-310
-169
-219
-189
-226
-256
-183
-97
-27
-99
-245
-171
-237
-18
-243
-253
-259
-300
-293
-239
-158
-172
-187
-288
-248
-190
-138
-231
-79
-135
-136
-201
-250
-181
-293
-244
-91
-282
-163
-210
-168
-34
-114
-214
-92
-229
-216
-170
-122
-326
-191
-275
687
-280
-70
-228
-194
-215
-191
-279
-249
-45
-199
-216
-204
-268
-159
-249
-192
-172
-232
-316
-122
-237
-207
-188
24
475
-264
-164
-267
-206
-166
-169
-256
-205
-201
-170
-86
-112
-259
-256
-359
-352
