3455
3470
3386
3466
3357
3452
3289
3401
3476
3385
3435
3321
3392
3343
3442
3241
3371
3412
3392
3475
3474
3427
3495
3367
3365
3422
3366
3349
3278
3477
3442
3406
3400
3415
3527
3498
3298
3457
3390
3357
3497
3445
3414
3369
3434
3432
3552
3505
3508
3486
3419
3458
3359
3355
3306
3479
3487
3195
3500
3306
3378
3320
3339
3368
3526
3397
3430
3428
3397
3388
3464
3452
3504
3386
3452
3331
3430
3346
3442
3452
3459
3442
3248
3430
3345
3409
3363
3541
3465
3450
3377
3477
3107
3356
3363
3438
3294
3478
3473
3343
3459
3458
3404
3401
3394
3376
3468
3400
3445
3306
3421
3453
3427
3447
3554
3504
3405
3445
3415
3407
3387
3467
3486
2390
3345
3439
3367
3324
3313
3563
3490
3486
3235
3409
3440
3459
3468
3398
3375
3404
3475
3441
3358
3211
3383
3378
3440
3411
3321
3329
3260
3306
3270
3414
3462
3362
3402
3321
3467
3440
3494
3423
3494
3513
3321
3495
3371
3327
3165
3441
3452
3407
3398
3430
3361
3354
3370
3448
3434
3391
2591
3461
3420
3539
3444
3356
3389
3496
3414
3403
3434
3430
3386
3341
3350
3409
3444
3369
3458
3387
3377
3379
3482
3333
3386
3162
3504
3375
3470
3397
3394
3396
3421
3194
3536
3266
3331
3414
3187
3425
3409
3377
3463
3401
3413
2613
3380
3347
3499
3362
3251
3446
3363
3412
3456
3399
3413
3396
3403
3436
3359
3450
3431
3286
3454
3352
3516
3459
3341
3416
3388
3545
3367
3435
3403
3429
3349
3258
3452
3421
3482
3500
3504
3505
3314
3132
3494
3440
3437
3396
3350
3488
3409
3455
3445
3471
3338
3504
3452
3427
3425
3367
3466
3377
3406
3463
3312
3495
3443
3473
3319
3351
3399
3331
3301
3378
3471
3330
3326
3405
3370
3344
3426
3448
3327
3377
3332
3319
6612
3337
3393
3336
3346
3507
3464
3437
3451
3476
3542
3429
3420
3356
3449
3292
3393
3463
3467
3493
3505
3470
3372
3296
3518
3421
3344
3402
3276
3389
3407
3397
3383
3544
3413
3488
3336
3407
3456
3218
3468
3247
3450
3464
3448
3415
3439
3401
3305
3359
3407
3344
3392
3331
3346
3458
3396
3371
3362
3495
3443
3431
3453
3441
3477
3490
3176
3470
3444
3393
3378
3412
3367
1066
3392
3347
3346
3501
3524
3467
3470
3409
3461
3420
3438
3443
3499
3520
3412
3351
3458
3441
3365
3379
3326
3485
3303
3374
3453
3447
3270
3423
3354
3304
3403
3597
3366
3402
3419
3410
3471
3361
3510
3337
3402
3337
3435
3447
3500
3428
3421
3395
3428
3222
3452
3311
3525
3466
3427
3398
3473
3429
3400
3515
3322
3348
3391
3358
3329
3382
3418
3340
3520
3400
3420
3451
3445
3503
3422
3484
3337
3368
3343
3386
3551
3375
3339
3368
3329
3260
3450
3438
3523
3353
3439
3458
3396
3381
3429
3470
3381
3341
3460
3432
3408
3419
3448
3392
3497
3380
3428
3448
3363
3473
3464
3366
3518
3469
3349
3445
3470
3495
3340
3404
3331
3169
3350
3453
3428
3449
3430
3547
3320
3386
3447
3420
3395
3328
3500
3288
3396
3393
3453
3406
3296
3423
3458
3537
3096
3441
3401
3258
3458
3478
3465
3519
3412
3224
3538
3478
3278
3499
3406
3302
3586
3422
3455
3312
3406
3465
3356
3383
3501
3416
3396
3463
3404
3495
3444
3304
3423
3522
3499
3375
3480
3425
3358
3393
3363
3390
3459
3434
3460
3461
3414
3405
3372
3411
3548
3295
3296
3302
3399
3448
3409
3467
3496
3430
3204
3536
3297
3375
3480
3472
3465
3483
3434
3387
3528
3495
3502
3388
3401
3395
3416
3296
3388
3462
3415
3345
3438
3465
3457
3300
3395
3397
3299
3457
3384
3431
3545
3350
3263
3385
3514
3537
3448
3466
3393
3408
3401
3506
3421
3433
3384
3329
3522
3362
3383
3485
3399
3382
3366
3312
3429
3396
3434
3400
3389
3352
3395
3272
3340
3500
3334
3421
3475
3467
3338
3395
3469
3371
3439
3382
3418
3398
3450
3366
3458
3231
3262
3450
3096
3401
3374
3298
3460
3426
3343
3465
3472
3389
3483
3371
3359
3447
3440
3465
3379
3460
3382
3468
3473
3337
3425
3470
3454
3482
3295
3370
3379
3380
3415
3442
3380
3491
3353
3291
3312
3254
3473
3501
3352
3492
3315
3377
3505
3447
3429
3430
3507
3364
2638
3508
3442
3474
3439
3425
3476
3409
3371
3401
3445
3479
3442
3605
3223
3462
3397
3254
3475
3377
3496
3437
3504
3357
3397
3402
3424
3497
3475
3383
3483
3507
3368
3409
3399
3311
3283
3392
3496
3382
3496
3500
3471
3340
3261
3427
3368
3461
