48
-88
-346
-45
-314
-344
-209
-418
-16
-86
-109
-247
83
-418
-86
-539
-385
-242
-81
-258
-426
-156
-52
-389
-245
-323
-246
11
-60
-160
-511
-282
-163
137
-188
-132
-99
-119
-250
-105
33
64
-158
-306
-168
-119
-174
-75
29
-82
234
-258
-328
-80
-466
-441
4
5
81
31
-154
-266
-142
-39
-232
-480
-206
-300
226
-217
21
-395
-136
-58
-236
90
-117
-278
-299
-197
-162
-304
-211
-427
-185
-225
-188
-145
-60
-574
37
44
-431
-30
-288
143
-367
-61
-182
-122
-99
11
-345
-127
-99
-228
-201
-128
-55
-63
-107
-105
-50
4
-214
-219
-220
-62
-84
-293
-200
-111
-310
-1676
-172
-52
-49
-196
-91
-120
-235
-307
-164
0
1
-128
-260
31
-94
-112
-12
-25
-133
-517
-255
22
-93
282
-22
-267
-132
-287
4
36
11
-305
-145
-196
-298
-89
-108
-117
-48
-233
-557
-136
-348
-354
70
-171
-142
112
-467
-154
-155
-285
-295
-113
-323
-370
-419
-489
-124
-157
-225
-163
-423
-55
-404
-185
-138
6
-449
-121
-277
-179
-47
-128
-265
-165
-92
-251
-261
-109
-57
-768
-79
-148
-217
-236
-188
-239
-189
-409
-149
-10
29
-147
-462
0
-268
-439
-181
-344
-213
-1032
-208
274
-289
-24
-4
-49
-480
-113
-206
-143
-119
-98
-444
202
-275
-311
-72
-458
-74
-103
-257
-212
13
59
37
-447
36
-27
-247
-16
-28
211
-184
-211
-364
-39
-68
-129
-82
69
-134
-235
-285
-260
-281
-160
8
-205
-99
-96
-216
-239
-110
-22
-363
-510
-66
-106
136
-203
-423
-192
-96
-117
-253
-257
-125
-194
-399
-270
60
-230
-264
-236
65
-142
-148
-323
-445
-102
-184
37
-2733
-218
-36
7
-440
-169
-137
-212
-205
-322
-162
82
-142
-399
-317
183
-62
-24
-216
-587
-100
36
-217
-204
-233
-612
-95
-33
67
-169
-188
-49
-197
-422
-131
-246
-180
94
-159
44
-165
286
-128
-107
-637
-186
-56
-50
-120
-221
-162
-271
-141
-96
-402
-187
-315
-305
4
-145
-48
-49
271
-193
-148
-29
145
-171
-392
54
-31
-322
-110
5071
-73
-80
-507
-162
-17
-240
-47
-14
-277
-254
-274
-43
-216
-120
37
77
-312
-109
-222
-149
-385
-128
-126
-47
-197
200
-354
-147
-284
-203
-106
58
-108
-254
-256
-141
-252
-182
-192
-30
-325
-127
-228
-385
-133
48
28
-230
77
65
-65
-257
-51
-167
-119
-126
-16
-52
-241
-156
-276
61
-59
264
-153
-293
-303
-171
-363
-179
-401
-174
-430
-339
-20
-193
124
278
-111
30
-201
-499
-494
-46
-325
81
-278
-65
-73
-79
-265
-223
-32
38
-242
-307
18
-60
-89
-164
-48
-350
-61
-107
-200
-433
-17
-63
-76
-173
-241
-139
-204
49
-17
-288
-308
-467
-263
-281
-67
67
-285
-202
14
-260
-147
-32
-75
-272
-88
66
-174
-458
-64
-150
79
-152
-56
-318
-158
71
-140
-13
23
-51
-326
-78
-389
-35
-30
-249
-350
51
-260
-23
-261
396
-378
-169
-43
-106
10
72
-54
-177
-367
-283
-71
0
-279
-213
-266
-29
-116
-338
-186
28
-22
-38
-386
-27
95
-350
-169
-192
-147
-162
-67
-335
-477
-119
-51
-220
-143
90
-363
106
-35
-268
-256
-254
-63
-24
-447
13
-207
-130
-208
-208
-203
54
-239
-218
-175
-64
-322
-200
-182
-119
67
-239
-494
-256
-245
-193
29
-42
-367
-35
-168
-246
-275
247
1
-154
-89
148
-515
-191
-182
-211
-225
-238
-361
15
-286
-313
-384
-276
-456
-623
-83
-120
-331
-467
-225
-171
126
-242
155
157
-252
137
-298
-464
-252
-411
-478
-195
-447
-273
-137
-102
-561
-431
-223
-198
-306
-90
-466
-87
-369
-153
-221
-523
-379
-269
-473
21
-29
-69
-469
21
-415
-279
-283
-88
-307
-42
-321
-143
-240
-95
-208
-435
-91
-207
65
11
23
-138
-183
-249
-58
-16
-110
-116
-399
-119
30
-143
-381
-359
-644
-100
-91
-191
80
-337
-302
-368
-114
-400
111
-252
-331
-231
1549
-335
-229
-229
-276
-21
114
-36
-27
79
-189
-183
-34
-302
-363
-138
-120
-216
-150
-319
-203
-172
110
-19
-26
-366
-78
-74
-175
-320
-130
-172
-94
-268
30
74
79
-224
-70
-84
-240
-41
-204
169
-8
-137
-235
-160
