3640
3654
3327
3202
3707
3500
3673
3531
3528
3502
3109
3214
3197
3218
3533
3542
3330
3302
3779
3417
3519
3256
3492
3549
3239
3616
3101
3599
3206
3438
3637
3255
3551
3620
3483
3494
3531
3433
3571
3490
3459
3583
3644
3548
3346
3218
3737
3540
3592
3532
3526
3462
3750
3122
3422
3265
3386
3088
3221
3157
3570
3254
3060
3347
3402
3450
3374
3565
3413
3619
3613
3674
3466
3227
3520
3128
3402
3163
3143
3336
3489
3746
3643
3344
3021
3303
3391
3312
3568
3637
3321
3398
3350
3123
3294
3270
3173
3186
3365
3669
3696
3720
3546
3437
3086
2843
3178
3634
3504
3329
3475
3352
3231
3492
3414
3242
3320
3547
3488
3354
3299
3186
3284
3523
3026
3317
3444
3178
3542
3307
3442
3339
3109
3509
3323
3592
3404
3384
3444
2994
3661
3684
3674
3910
3346
3088
3551
3388
3522
3466
3235
3394
3065
3615
3507
3230
3393
3298
3496
3059
3546
3597
3290
3736
3323
3567
3467
3227
3307
3491
3508
3445
3250
3501
3776
3263
3061
3363
3191
3350
3355
3668
3421
3600
3591
3583
3682
3451
3524
3273
3537
3646
3598
3261
3485
3573
3556
3297
3438
3082
3441
3336
3030
3221
3266
3478
3352
3098
3443
3260
3208
3570
3332
3574
3317
2994
3151
3791
3275
3288
3437
3573
3504
3069
3385
3495
3348
3281
3462
3724
3418
3528
3396
3525
3478
3384
3435
3248
3503
3208
3191
3583
3499
3197
3287
2910
3236
3379
3227
3199
3425
3659
3375
3409
3657
3354
3131
3435
3220
3296
3749
3333
3575
3340
3278
3394
3360
3338
3324
3523
3394
3498
3452
3264
3544
3479
2987
3287
3248
3584
3293
3697
3609
2930
3517
3268
3616
3680
3335
3500
3282
3263
3593
3486
3499
3135
3241
3462
3567
3510
3750
3438
3527
3530
3825
3493
3333
3713
2510
3488
3381
3127
3328
3370
3510
3280
3637
3495
3449
2966
3477
3366
3302
3631
3552
3411
3181
3496
3472
3421
3200
2851
3250
3738
3765
3350
3312
3575
3634
3399
3240
3734
3161
3426
3126
3053
3589
3563
3392
3904
3429
3557
3694
2884
3518
3468
3374
3325
3263
3347
3483
3244
3204
3334
3409
3599
3286
3346
3509
3229
3539
3399
3620
3435
3814
3687
3511
3333
3392
3776
3451
13939
3522
3675
3501
3454
3478
3705
3514
3561
3291
3401
3448
3306
3506
3589
3393
3358
3507
3600
3370
3088
3234
3421
3191
3255
3527
3346
3524
3592
3380
3408
3691
3509
3318
3235
3265
3411
3375
3165
3314
3003
3530
3443
3326
3380
3282
3297
3432
3346
3378
3432
3427
3294
3545
3729
3446
3206
3483
3403
3322
3576
3269
2990
3355
3686
3832
3293
3555
3314
3419
3696
3767
3409
3796
3614
3336
3458
3430
3601
3431
3265
3514
3674
3622
3245
3310
3521
3203
3250
3765
3061
3481
3533
3113
3479
3263
3711
3365
3394
3515
3428
3094
3396
3347
3422
3381
3507
3135
3478
3617
3531
3380
3757
3557
3265
3115
3220
3702
3266
3438
3595
3180
3496
3224
3607
3305
3390
3574
3501
3156
3248
3346
3366
3392
3689
3486
2915
3603
3370
3626
3142
3664
3355
3326
3411
3291
3443
3483
3119
3253
3205
3556
3417
3617
3260
3443
3400
3227
3664
3238
3219
3437
3343
3557
3469
3425
3189
3469
3482
3680
3285
3524
3671
3600
3423
3469
3348
3588
3468
3500
3306
3327
3712
3409
3543
3177
3558
3391
3550
3242
3441
3455
3063
3378
3423
3388
3126
3720
3622
3284
3488
3590
3269
3521
3292
3908
3645
3252
3622
3668
3467
3669
3474
3224
3340
3370
3391
3440
3514
3278
3662
3641
3403
3531
3284
3728
3213
3530
3368
3370
3343
3549
3072
2886
3325
3191
3755
3446
3369
3360
3317
3632
3444
3461
3392
3530
3386
3271
3684
3425
3153
3299
3557
3371
3276
3572
3500
3155
3457
3400
3325
3379
3262
3609
3529
3447
3531
3229
3477
3717
3410
3420
3303
3045
3325
3285
3504
3482
3436
3585
3723
3697
3724
3486
3268
3594
3433
3496
3274
3131
3474
3448
3393
3583
3488
3444
3387
3584
3575
3615
3810
3395
3446
3571
3488
3260
3524
3676
3462
3424
3270
3389
3674
3403
3414
3418
3110
3224
3102
3842
3512
3251
3302
3537
3246
3322
3250
3693
3537
3130
3384
3402
3361
3187
3649
3481
3358
3554
3295
2794
3475
3679
3344
3480
3654
3404
3399
3280
3486
3458
3483
3496
3681
3371
3197
3666
3443
3626
3078
3359
3495
3592
3588
3144
3425
3423
3339
3547
3566
3697
3556
3269
3511
3437
3308
3390
3529
3403
3082
3439
3322
3378
3491
3397
3160
3313
3595
