3656
3598
3349
3299
3955
3665
3614
3574
3544
3481
3142
3099
3253
3163
3555
3463
3251
3248
3753
3631
3697
3370
3578
3775
3258
3897
3151
3659
3349
3435
3652
3191
3739
3645
3590
3535
3707
3487
3656
3905
3599
3694
3730
3613
3486
3287
3832
3565
3747
3608
3642
3519
3897
3132
3537
3175
3464
3081
3515
3163
3577
3186
2715
3363
3476
3499
3457
3614
3470
3745
3703
3766
3557
3105
3706
3107
3528
2877
3110
3300
3545
3724
3761
3506
2878
3311
3333
3427
3539
3690
3376
3620
4246
3295
3397
3226
2779
3288
3533
3662
3715
3795
3529
3376
3177
2543
3421
3655
3547
3150
3579
3447
3259
3605
3550
3253
3407
3593
3661
3433
3470
2985
3342
3256
2839
3336
3512
3210
3475
3378
3649
3376
2776
3575
3510
3678
3540
3065
3582
2741
3790
3714
3678
3761
3289
3470
3628
3446
3580
3611
3281
3515
2961
3682
3698
3329
3540
3353
3587
2680
3639
3635
3223
3747
3396
3695
3559
3249
3527
3588
3582
3468
3281
3669
3791
3319
3054
3439
3310
3461
3448
3643
3485
3685
3675
3496
3800
3541
3654
3483
3625
4011
3810
3416
3590
3600
3631
3327
3386
3098
3631
3523
2817
3236
3409
3465
3488
3246
3574
3353
3276
3695
3432
3484
3490
2522
2838
3752
3015
3414
3585
3682
3532
3184
3504
2910
3240
3340
3563
3716
3384
3617
3461
3595
3529
3432
3505
3122
3636
3179
3328
3551
3453
3175
3254
2817
3224
3421
3341
3050
3340
4064
3349
3469
3666
3504
3425
3351
3227
3345
3694
3424
3660
3444
3267
3118
3482
3331
3419
3702
3458
3497
3411
3359
3671
3621
2956
3425
3384
3564
3185
3648
3662
2925
3627
3258
3608
3779
3397
3661
3367
2952
3585
3394
3629
2951
2865
3787
3520
3587
3705
3536
3552
3526
4190
3394
3339
3702
5449
3461
3229
2739
3276
3530
3574
3282
3657
3598
3565
2579
3550
3331
3422
3619
3593
3552
3223
3632
3598
3520
3136
2672
3435
3789
3730
3436
3435
3693
3618
3456
3162
3778
3142
3502
3181
2659
3712
3566
3447
3730
3520
3682
3613
2606
3609
3535
3414
3283
3365
3441
3664
3295
3332
3294
3496
3554
3181
3568
3621
3318
3536
3418
3763
3540
3685
3722
3591
3429
3396
3789
3558
13911
3556
3809
3424
3522
3548
3695
3530
3626
3283
3506
3570
3291
3626
3616
3538
3368
3523
3702
3330
3039
3153
3461
3058
3412
3655
3413
3615
3599
3402
3488
3670
3574
3450
3244
3379
3449
3547
3081
3406
3190
3593
3257
3474
3524
3446
3497
3596
3214
3553
3356
3586
3256
3592
3807
3564
3329
3582
3557
3393
3684
3355
2581
3540
3558
3876
3312
3637
3330
3643
3643
3787
3543
3787
3640
3403
3535
3242
3625
3500
3085
3641
3677
3609
3143
2992
3326
3214
3286
3787
3155
3447
3580
3181
3415
3349
3615
3494
3383
3554
3581
2794
3463
3368
3512
3330
3461
3321
3577
3630
3489
3325
3714
3557
3379
2679
3268
3646
3336
3219
3544
3230
3354
3246
3617
3363
3446
3651
3546
3160
3179
3406
3470
3477
3615
3624
2604
3790
3483
3618
3230
3745
3473
3388
3511
3347
3550
3557
2909
3433
3229
3683
3524
3669
3252
3561
3493
3264
3760
3234
2883
3541
3326
3656
3757
3553
3385
3466
3570
3676
3144
3491
3671
3659
3478
3510
3223
3689
3571
3598
3360
3444
3728
3356
3528
3273
3570
3483
3591
3424
3516
3489
2827
3461
3478
3581
2595
3775
3573
3366
3580
3660
3369
3573
3469
4080
3610
3218
3531
3642
3479
3788
3433
3244
3407
3567
3520
3497
3430
3347
3652
3631
3462
3642
3439
3773
3267
3591
3572
3429
3241
3634
3160
2551
3441
3264
3734
3583
3275
3255
3526
3685
3524
3526
3608
3741
3417
3319
3769
3410
3183
3360
3633
3502
3377
3593
3623
3187
3648
3531
3336
3525
3012
3673
3387
3416
3470
3301
3422
3694
3573
3429
3334
2781
3389
3167
3451
3564
3280
3565
3693
3683
3752
3543
3364
3666
3390
3496
3251
2574
3492
3398
3275
3619
3565
3644
3649
3713
3591
3673
3681
3509
3492
3638
3493
3218
3513
3661
3549
3484
3477
3443
3666
3554
3629
3472
2973
3375
2646
3767
3613
3372
3453
3680
3247
3332
3464
3637
3549
3202
3514
3293
3382
3292
3680
3405
3426
3658
3377
3107
3520
3634
3481
3502
3634
3375
3387
3471
3643
3546
3686
3664
3746
3481
3357
3635
3374
3669
3087
3527
3548
3710
3459
3233
3561
3323
3400
3543
3586
3747
3636
3283
3474
3532
3226
3398
3652
3471
3063
3581
3448
3345
3592
3564
3077
3331
3703
