-219
-7
-181
-214
-289
-239
-249
-257
-118
-229
-315
-234
-216
-138
-267
-179
-115
-157
-290
-200
-131
-148
-253
-182
-207
-286
-293
-108
-166
-236
-271
-128
-292
-207
-247
-451
-126
-206
-210
-264
-112
-292
-184
-176
-245
-190
-148
-281
161
-267
-234
-210
-227
-228
-184
-191
-237
-267
-166
-210
-247
-284
168
-254
-121
-209
-85
-283
-224
-209
-295
-362
-233
-281
-224
-157
-359
-232
-227
-336
-321
-280
-220
-263
-147
-220
-136
-267
-243
-262
-88
-189
-277
-325
-276
-308
-340
-216
-213
41
-154
-290
-347
-237
-208
-244
-70
-212
-220
-57
-246
-194
-273
-196
-290
-315
-174
-222
-267
-219
-262
-288
-116
-77
-167
-149
-154
-302
-252
-288
-279
-191
-290
-246
-39
-243
-142
-298
-317
-202
-288
-248
-227
-234
-170
-320
-244
-135
711
-182
-250
284
-220
-276
-295
-254
-184
-205
-147
-285
-295
-306
-216
-199
-298
-182
-105
-201
-225
-248
-172
-252
-95
-40
-343
-355
-7
62
-284
-194
-267
-207
-37
-222
-269
-348
-258
-346
-233
-321
-234
-209
-288
-244
-206
-270
-300
-312
-280
-247
-290
-279
-223
-261
-175
-191
-301
-207
-178
-217
-236
-388
-271
-252
-294
-234
-106
-170
-180
-198
-236
-257
-246
-243
-253
-128
-245
-374
-372
-219
-216
-224
-167
-163
-48
-317
-224
-159
-204
-209
-298
-149
-180
-293
-234
-237
-250
-163
-100
-82
-282
-259
-334
-227
-265
-248
-218
-259
-236
-138
-219
-310
-221
-272
-214
-372
-222
-195
-166
-161
-240
-279
-11
-290
-270
-257
-347
-245
-193
-306
-218
-210
-204
-296
-185
-283
-186
-219
-216
-294
-66
-227
-178
-277
-136
-177
-234
-265
-340
-180
-282
-355
-188
-194
-148
-286
-286
-307
-365
-95
-218
-163
-16
-179
-119
-262
-273
-226
-121
-296
-215
-149
-318
-243
-2
-290
-296
-270
-323
-246
-139
-194
-211
-308
-231
-206
-224
-194
-139
-205
-219
-131
49
-97
-174
-281
-94
-184
-221
-50
-290
-166
-168
-241
-251
-217
-222
-243
-196
-254
-145
-208
-80
-295
71
-123
-93
-222
-188
-224
-293
-283
-194
-194
-208
-202
-133
-199
-245
-306
-221
-219
-238
-233
-248
-280
-274
-48
-315
-192
-231
-203
-304
-221
-287
-210
-284
-324
-255
-241
-313
-251
-218
-251
-245
-72
-320
-153
-265
-352
42
-348
-4
-220
-29
-353
-75
-210
-117
-258
-317
-242
-306
-182
-294
-295
-192
-195
-253
-194
-312
-53
-236
-217
-192
-306
-294
-250
-242
-206
-239
-461
-322
-250
-149
-307
-173
-139
-238
-248
-198
-259
-270
-251
-301
-175
-62
-66
-256
-254
-350
-291
-320
-26
-113
-39
-266
-267
-248
-189
-205
-325
-287
-303
-181
-209
-304
-25
-208
-213
-256
-274
-218
-110
-295
-235
-73
-252
-162
-232
-3
-192
-38
-59
-274
-227
-273
-204
-201
-280
-230
-202
-290
-149
-156
-287
-261
-271
-203
-181
-146
-296
-218
-232
-227
-197
-201
-209
-367
-382
-193
-241
-209
-256
-198
-250
-256
-183
-189
-235
-141
-240
-134
-75
-318
-311
-166
-208
-211
-224
-292
-189
-211
-210
-190
-138
-337
-242
-111
-287
-240
-226
-229
-219
-235
-70
-203
-181
-263
-211
-243
-285
-366
-43
-347
-171
-205
-469
-38
-197
-120
-253
-280
-231
-185
-305
-219
-225
-282
-180
-170
-322
-110
-193
-228
-198
-200
-216
-256
-224
-187
-183
-172
-239
-150
-211
-196
-159
-197
-300
-247
31
-97
-242
-388
-284
-272
-148
-192
-232
-347
-310
-216
-256
-238
-263
-224
-329
-217
-257
-54
-190
-245
-201
-119
-300
-128
-137
-245
-74
-219
-222
-224
-251
-310
-153
-229
-297
-184
-299
-476
-224
-188
-98
-260
-261
-262
-276
-148
-273
-281
-250
-167
-255
-268
-238
-310
-289
-246
-172
-230
-256
10
-223
-184
-291
-331
-247
-100
-184
-279
-97
-308
-240
-302
-232
-189
-172
-227
-386
-253
-254
-277
-62
-89
-231
-201
-95
-226
-236
-153
-270
-249
-215
-246
-167
-155
-224
-182
-226
-183
-253
-225
-387
-104
-234
-157
-224
-115
-353
-109
-250
-202
-306
-309
-200
-243
-121
-40
-252
-202
-253
-139
-276
-208
-190
-196
-232
-102
-199
-309
-246
-163
-187
-249
-189
-185
-268
-218
-189
-108
26
-323
-202
-241
-274
-225
-114
-388
-263
-75
-272
-297
-273
-73
-238
-227
-205
-190
-192
-267
-109
-318
-221
-7
-262
395
-155
-171
-269
-252
-199
-186
-72
-279
-227
-234
-178
-170
-316
-277
-235
-207
-240
-131
-198
-244
-198
-308
-208
-180
-214
-294
-261
-211
-195
-64
-397
-225
-134
-250
-380
-209
-204
-127
-293
-270
-284
-168
-145
-294
-256
-236
-90
-240
-203
-309
-141
-298
-232
-219
-483
-372
-271
-239
-40
-133
-203
-345
-171
-329
-258
-198
-194
-161
-105
-232
-49
-112
-287
-214
-298
-113
-282
-209
-125
-232
-197
-270
-241
-244
-287
-218
-164
-267
-11
-70
-275
-207
-196
-333
-242
119
-305
-185
-99
-165
-250
-381
-220
-229
-134
-178
-266
-224
-284
-211
-302
-249
-125
-65
-268
-205
-310
-256
-204
-154
-266
-260
-289
-151
-100
-237
-254
-296
-143
-217
-201
-224
-258
-96
-291
-263
-278
-83
-255
-240
-201
-230
-32
-343
-235
-157
-323
-144
-181
-105
-261
-241
-195
-258
-355
-266
-218
-192
-237
-220
-290
-292
-236
-186
-160
-229
-141
-205
-119
-196
-252
-298
-93
-262
-225
-104
-239
-244
-217
-186
-214
-251
-230
-178
-370
-230
-272
-195
-237
17
-207
-189
-228
-106
-537
-185
-203
-311
-228
-274
-238
-224
-261
-178
-258
-170
-269
-238
-248
-296
-65
-249
-269
-220
-293
-407
-215
-85
-294
-232
-291
-288
-231
-271
-224
-192
-225
-188
-149
-208
1037
-271
-200
-166
-263
-367
-209
-303
-126
-234
-198
-208
-258
-342
-293
-300
68
-162
-213
-176
-142
-111
-270
-303
-195
-266
-69
-245
-181
-271
-215
-203
-203
-102
-256
-244
-301
-279
-106
-215
-225
-146
-249
-178
-215
-298
-320
-118
-202
-238
-326
-141
-61
-162
-168
-184
-306
-259
-210
-157
-222
-253
-240
-114
-287
-232
-275
-275
-297
-100
-165
-153
-278
-88
-162
-189
-255
-129
-219
-247
-127
-276
-243
-229
-188
-206
-288
-229
-247
-156
-194
-162
-169
-290
-193
-199
-225
-221
345
-249
-273
-116
-222
-217
50
-357
-186
-229
-50
-259
-290
-169
-162
-199
-196
-250
-226
-272
-106
-193
-223
-183
-230
-177
72
-252
-256
-36
-163
-396
-229
-265
-209
-285
-228
-274
-295
-257
-286
-187
-222
-253
-208
-268
-188
-94
-283
-252
-358
-51
-142
-81
-301
-262
73
-9
-157
-224
-100
-257
-189
-260
-218
-292
-195
106
-251
-88
-261
-199
-173
-260
-185
-197
-279
-148
-327
-239
-152
-233
-202
-246
-212
-206
-119
-284
-283
-144
-186
-207
-220
-204
-270
-340
-335
-212
-100
32
-202
-220
-318
-171
-241
15
-203
-224
-182
11
-202
-279
-187
-187
-211
-271
-238
-300
-109
-175
-219
-177
-293
-204
-297
-236
-313
-258
-173
-176
-195
-181
-205
-185
-151
-250
-253
-205
85
-222
-281
-238
-203
-203
-164
-319
-254
-216
-288
-222
-254
-204
-108
-288
-166
-200
-215
-236
-75
-205
-176
-266
-295
-201
-245
-226
-246
160
-258
-242
-187
-369
-284
-180
-347
-116
-200
-249
-220
-156
-255
-198
-338
-256
-187
-287
-262
-171
-271
-248
-183
647
-261
-277
-249
-234
-290
-277
-356
-221
-268
-301
-91
-201
-228
-192
-205
-250
-267
-211
-135
-241
-204
-121
-190
-171
-254
-241
-166
-189
-244
-225
-266
-289
-184
-338
-139
-279
-295
-272
-212
-288
-202
-286
-213
-258
-217
-187
-251
-297
-149
-201
-266
-218
-122
-158
-176
-413
-235
-286
-239
-256
-6
-166
-89
-262
-267
-205
-250
-152
-177
-241
-500
-225
-136
-120
-252
-130
-244
-274
-370
-318
-225
-228
-295
-212
-191
-219
-181
-212
-184
-323
-414
-332
-225
-250
-272
-304
-288
-334
-336
-288
-207
-284
-172
-238
-211
-225
-188
-165
-182
-285
-522
-271
-222
-121
-210
-216
-239
-125
-218
-240
-311
-243
-302
-268
-41
-225
-253
-238
-303
-289
-157
-240
-294
-274
-194
-274
-302
-274
-205
-404
-186
-213
-251
-288
-335
-179
-240
-198
616
-210
-281
-272
-210
-250
-260
-300
-268
-277
-223
-265
-254
-247
-278
-280
-265
-164
-279
-338
-318
-342
-341
-248
-236
-113
-167
13
-281
-281
-292
-189
-172
-272
-122
-168
75
-200
-353
-44
-324
-246
-215
-269
-208
125
-283
-130
-248
-55
-236
-213
-276
-222
-156
-299
-193
-283
-252
-162
-278
-113
-163
-267
-92
-185
-284
-219
-272
-122
-162
-323
-230
-179
-58
-261
-328
-150
-177
-240
-244
-258
-167
-205
-295
-178
-365
-149
-82
-268
-141
-307
-281
-253
-278
-236
-195
-104
-207
-162
-143
-229
-166
-371
-216
-209
-6
-190
-176
-191
-178
-49
-55
-121
-227
-254
-174
-208
-193
124
-230
-225
-286
-333
-151
-150
-193
-181
-244
-222
-175
-108
-131
-257
-207
-283
-305
-260
-280
-342
-194
-247
-178
-176
-177
-161
-278
-237
-273
-269
-76
353
-251
-239
-270
-212
-202
-293
-220
-205
-172
-207
-293
-128
-203
-259
-196
-223
-237
-293
-116
-271
-237
-242
-257
-220
-289
-144
-106
-150
28
-345
-198
-248
-171
-136
-250
-319
-341
-221
-134
-163
-234
-292
-264
-215
96
-107
-291
-118
-157
-129
-129
-241
-109
-232
-41
-132
-323
-25
-368
-61
-212
-210
-164
-116
-187
-221
-202
-259
-241
-134
-127
-239
-245
-214
-379
-363
-331
-292
-202
-259
-237
-276
-232
-260
-255
-233
-201
-157
-215
-196
-174
-223
-305
-272
-244
-231
-245
-267
-309
-260
-171
-144
-341
-324
-218
-235
-176
-222
-153
23
-266
-231
-294
-183
-232
-270
-216
-263
-215
-223
-40
657
-180
-259
-348
-206
-276
-235
-258
-243
-173
-151
-240
-170
-293
-150
-263
-212
-276
-274
-147
-300
-168
-255
-176
-195
-309
-173
-115
-201
-233
-200
-262
-231
-290
-241
-186
-285
-254
-107
-146
-270
-191
-309
-198
-145
-168
-263
-89
-308
-250
-257
-165
-279
-139
-298
-288
-169
-166
-202
-289
-104
-148
-172
-264
-116
-283
-331
-287
-124
-243
29
-180
-255
-180
-275
-140
-146
-271
-256
-290
-348
-217
-217
-244
-177
-157
-165
-260
-237
-255
-360
-222
-250
-170
-304
-267
-201
-214
-271
-105
-292
-175
-240
-324
23
-204
-137
-222
-186
-199
-248
-227
-243
-253
-227
-228
-220
-434
-251
-206
-192
-224
-205
-324
-221
-255
-233
-401
-243
-274
-270
-298
-137
-244
-201
-321
-245
-65
-259
-352
-191
-276
-267
-252
-182
-258
-253
-136
-86
-234
-273
-195
-233
-151
-213
-261
-112
-190
-100
-287
-315
-293
-139
-99
-167
-233
-263
-303
-272
-224
-157
-283
-77
-225
-76
-190
-186
-264
-285
-111
-247
-221
-212
-225
-323
-95
-202
-167
-220
-240
-267
-276
-192
-157
-285
-191
-268
-194
-258
-267
-356
-108
-228
-121
-276
-140
-203
-249
-242
-181
-218
-218
-278
-241
-180
-171
-226
-219
-339
-262
-293
-238
-188
-274
-221
-96
-203
-138
-253
-211
-231
-205
-203
-234
-186
-219
-297
-328
-106
-153
-323
-266
-244
-201
-325
-178
-168
-212
-212
-217
-207
38
-294
-257
-194
-223
-160
-236
-235
-340
-241
-56
-310
-201
-220
-199
-177
-172
-227
-195
-177
-245
-252
-249
-174
-114
-190
-146
-202
-273
-181
-123
-405
-129
-174
-147
-221
-216
-246
-255
-259
-301
-255
-138
-176
-199
-272
-292
-197
-203
-185
-146
-245
-247
-131
-26
-348
-207
17
-198
-48
-186
-175
-216
-263
-268
-164
-174
-174
-304
-263
-107
-268
-168
-241
-134
-245
-248
-139
-229
-207
-253
-218
-104
-201
-255
-186
-193
-144
-166
-194
-247
-172
-127
-244
-259
-193
-245
-220
-411
-266
-264
-97
-217
-283
-201
-226
-292
-243
-248
-203
-326
-244
-228
-279
-253
-175
-258
-297
-196
-187
-245
27
-91
-279
-279
-121
-55
-144
-285
-163
-259
-193
-383
-241
-292
-226
-225
-307
-246
-193
-231
-144
-274
-359
-190
-180
-201
-149
-374
-169
-337
-208
-266
-80
-196
-210
-175
-147
-297
-384
-114
-241
-105
-215
-218
-170
-179
-261
-167
-130
-239
-129
371
-263
-171
-143
-262
-228
-369
-289
-363
-257
-247
-32
-55
-286
-179
-220
-154
-45
-203
-204
-286
-124
-114
-229
-317
-270
-245
-236
-215
-268
-306
-261
-196
-214
-185
-377
-198
-158
-207
-285
-222
-320
-111
-104
-243
-217
-275
-196
-174
-176
-99
-171
-193
-662
-122
-296
-232
-235
-242
-204
-219
-240
-164
-169
-269
-71
-221
-238
-301
-400
-161
-244
-222
-262
-236
-415
-257
-181
-231
-235
-289
-68
-240
-210
-242
-215
-180
-261
-168
-345
-179
-244
-309
-200
-87
-8
-257
-178
-102
-219
-193
-256
-174
-350
-324
-316
65
-172
-208
-340
-283
-68
-278
-269
-221
-261
-287
-346
-156
-70
-133
-294
-255
-243
-225
-264
-111
-224
-280
-222
-227
-355
-165
-260
-225
-57
-205
-235
-239
-189
-249
-148
-270
-265
-290
-259
-192
-194
-154
-273
-151
-104
-265
-161
-241
-216
-251
-229
38
-208
-262
-205
-202
-186
-195
-124
-221
-252
-296
-407
-348
-294
-233
-207
-220
-200
-268
-125
-269
-398
-175
-226
-249
-298
-187
-221
-151
-118
-297
-190
-267
-259
-230
-184
-304
-240
-279
-11
-157
-246
-268
-250
-82
-278
-291
-174
-127
-167
-185
-139
-192
-278
-210
-218
-207
-244
-247
-201
-217
-264
-168
-319
-293
-229
-237
-250
-324
-189
-222
-187
-93
-228
-194
-281
54
-262
-190
-183
-233
-234
-244
-200
-291
-273
-219
-275
-218
-163
-237
-173
-13
-247
-218
71
-194
-205
-199
-147
-252
-251
-107
-168
23
-163
-210
-216
-142
-277
-247
-197
-218
-260
-248
-273
-165
-211
-223
-308
-289
-160
-252
-283
-299
-185
-280
-388
74
-121
-256
-117
-141
-266
-220
-218
-108
-293
-145
-229
-195
-96
-292
-182
-242
-173
-252
-286
33
-340
-202
-248
-185
-151
-201
-333
-347
-342
-82
-326
-296
360
-337
-172
-292
-240
-158
-291
-200
-279
-210
-276
-136
-281
-190
-187
-223
-173
-270
-172
-237
-316
-201
-294
-176
-300
-333
-261
-116
-208
-320
-315
-75
-267
-217
-272
-166
-222
-210
-235
-259
-156
-283
-135
-243
-211
-221
-257
-350
-289
-730
-185
-320
-75
-199
-263
-102
-261
-191
-165
-219
-314
-318
-85
-283
143
-203
-222
-277
-342
-180
-242
-290
-216
-189
-225
-744
-240
-197
-261
-287
-231
-210
137
-252
-250
-345
-99
-103
-264
-108
-153
-159
-261
-75
-255
-194
-293
-220
-157
-188
-225
-230
-257
-246
-238
-273
-175
-105
-342
-182
-184
-222
-181
-270
-221
-292
-282
-121
-335
-259
-279
-181
-193
-233
-252
-266
-291
26
-144
-190
-282
-31
-316
-194
-308
-192
-277
-355
-287
-68
-325
-188
-258
-220
-318
-368
-202
-251
-176
-212
-172
-190
-238
-198
-259
-146
-339
-184
-319
-244
-160
-348
-104
-240
-297
-298
-139
-241
-208
-206
-286
-170
-178
-186
-240
-340
-259
-222
-311
-167
-242
-137
-127
-227
-72
-393
-215
-410
-133
-201
22
-291
-312
-220
-297
-257
-227
-264
-193
-219
-166
-91
-243
-188
59
-308
-204
-341
-275
-259
-224
-178
-306
-299
-256
-335
-281
1169
-183
-250
-351
-187
-230
-226
-224
-279
-267
-282
-251
-230
-363
-67
-196
-240
-176
-219
14
-143
-190
-221
-302
-236
-268
-183
-231
-336
-303
-172
-274
-189
-197
-240
-218
-197
-275
-174
-268
-264
-266
-128
-229
-146
-174
-236
-293
-205
-253
-245
-212
-78
-130
-156
-377
-42
-227
-134
-296
-101
-213
-211
-339
-332
-209
-304
-141
-204
-253
-246
-199
-141
-254
-334
-198
-259
-224
-322
-207
-222
-221
-264
-168
-261
-317
-240
-279
-274
-344
-258
-222
-13
-179
-254
-249
-297
-233
-281
-222
-232
-287
-221
-260
-289
-162
-362
-238
-240
-332
-186
-271
-249
-255
-270
-146
-295
-212
-225
-304
-272
-237
-75
-283
-148
-230
-136
-253
-221
-30
-232
50
-247
-214
-197
-178
-216
-260
-233
-273
-192
-293
-285
-151
-210
-316
-122
-196
-282
-254
-267
-246
-227
-254
-253
-218
-228
-246
-167
-278
-175
-317
-228
-201
-146
-227
-205
-228
-153
-249
-178
-263
-215
-41
-250
-72
-214
-160
-275
-125
-318
-211
-314
-248
-319
-216
-262
-62
-312
-285
-233
-231
-170
-320
-409
-263
-293
-247
-224
-156
-335
-331
-230
-280
-181
-152
-243
-180
-193
-186
-141
-185
-125
-242
-184
-291
-240
69
-216
-257
-368
-200
-113
-180
-314
-250
-229
-344
-152
-308
-150
-195
-230
-248
-52
-338
-157
-105
-169
-264
-74
-345
-153
-254
-285
-234
-235
-193
-216
-256
-126
-219
-281
-282
-190
-265
-123
-228
-238
-173
-170
-282
-211
-312
-180
-212
-76
-66
-176
-198
-282
-360
-220
-270
-252
-253
-296
-186
-275
-287
-199
-180
-151
-187
-346
-220
-177
-360
-244
-227
-240
-420
-103
-35
-180
-103
-155
-265
-185
-297
-220
-296
-235
-159
-167
-231
-148
-233
-201
-37
-277
-307
-395
-248
-359
-251
-225
-272
-3
-154
-257
-8
-151
-282
-119
-299
-136
-271
-232
-152
-261
-288
-187
-234
-145
-170
-70
-235
-248
-208
-153
-328
-213
-309
-200
-316
-205
-361
-117
-175
-288
-277
-240
-219
-109
-200
-230
-206
-209
-70
-227
-236
-229
-164
-222
-251
-329
-238
-13
-195
-296
31
-242
114
-249
-243
-209
-284
-341
-449
-71
-278
-252
-246
-212
-276
138
-214
-200
-143
-233
-141
-193
-231
-97
-205
-167
-109
-226
-200
-222
-304
-52
-139
-202
