3644
3575
3297
3166
3785
3527
3539
3505
3455
3388
3161
2941
3199
3145
3413
3420
3096
3224
3788
3450
3589
3290
3523
3714
3138
3748
3147
3637
3213
3431
3576
3109
3618
3580
3559
3410
3522
3337
3598
3731
3477
3641
3639
3470
3381
3213
3691
3548
3653
3527
3610
3439
3883
3032
3499
3150
3380
2909
3430
3071
3543
3122
2789
3224
3437
3378
3479
3542
3313
3702
3567
3723
3531
2985
3615
3047
3379
2899
3118
3256
3481
3625
3684
3357
2740
3144
3303
3366
3457
3606
3310
3428
4255
3183
3277
3149
2857
3138
3429
3586
3681
3684
3539
3345
3116
2573
3255
3603
3444
3223
3444
3363
3263
3535
3445
3204
3366
3520
3469
3343
3446
2989
3208
3210
2881
3242
3454
3205
3389
3236
3548
3280
2887
3499
3416
3590
3374
3142
3487
2785
3672
3597
3621
3742
3229
3188
3488
3351
3531
3417
3193
3354
2929
3614
3578
3187
3391
3202
3495
2825
3518
3607
3134
3687
3209
3650
3413
3058
3366
3517
3513
3392
3138
3520
3682
3210
3145
3202
3240
3336
3268
3675
3401
3618
3588
3414
3804
3410
3612
3318
3486
3965
3783
3223
3469
3491
3522
3270
3366
3017
3543
3314
2707
3126
3226
3391
3365
3183
3529
3293
3137
3469
3365
3443
3272
2622
2853
3664
2915
3298
3483
3625
3480
3090
3459
2856
3270
3195
3496
3621
3295
3475
3383
3547
3379
3322
3387
3147
3548
3163
3174
3384
3367
3076
3214
2698
3121
3365
3217
3063
3235
3940
3315
3383
3589
3424
3262
3268
3072
3242
3643
3339
3527
3310
3192
3198
3344
3363
3199
3655
3334
3476
3424
3285
3613
3539
2875
3423
3278
3531
3033
3578
3594
2908
3488
3162
3619
3734
3317
3586
3272
3000
3585
3366
3501
2960
2938
3681
3532
3487
3753
3514
3407
3505
4140
3346
3230
3701
4983
3455
3191
2801
3154
3372
3488
3257
3616
3520
3476
2631
3438
3364
3360
3550
3453
3495
3052
3409
3505
3437
3058
2668
3357
3770
3754
3348
3379
3648
3555
3425
3090
3750
2983
3410
3050
2765
3566
3515
3371
3657
3471
3549
3533
2754
3500
3480
3304
3196
3321
3373
3482
3202
3202
3279
3401
3505
3133
3506
3484
3201
3441
3423
3632
3437
3708
3591
3479
3361
3316
3704
3479
13696
3471
3709
3343
3427
3549
3624
3461
3526
3191
3360
3482
3166
3564
3585
3536
3238
3452
3602
3241
2974
3013
3380
3055
3286
3575
3232
3491
3545
3408
3456
3606
3534
3269
3186
3341
3324
3418
3003
3359
2999
3500
3248
3373
3417
3381
3438
3481
3250
3343
3280
3532
3187
3550
3713
3454
3221
3605
3448
3293
3560
3250
2743
3380
3512
3826
3200
3461
3291
3560
3612
3728
3370
3752
3656
3337
3479
3238
3573
3323
3084
3528
3629
3503
3078
3080
3207
3139
3147
3821
2968
3330
3371
3078
3351
3257
3538
3371
3357
3468
3500
2788
3251
3410
3406
3374
3431
3202
3511
3600
3446
3260
3610
3488
3275
2747
3156
3594
3270
3102
3510
3078
3209
3134
3584
3260
3321
3541
3454
2981
3081
3272
3395
3413
3686
3525
2564
3724
3308
3623
3166
3633
3397
3327
3400
3265
3516
3442
2887
3325
3306
3531
3362
3568
3217
3414
3335
3215
3697
3166
2888
3474
3305
3559
3760
3501
3283
3498
3426
3641
3190
3494
3671
3637
3451
3384
3144
3548
3452
3497
3336
3430
3652
3392
3411
3046
3549
3474
3597
3281
3601
3412
2844
3351
3402
3516
2687
3631
3493
3227
3548
3547
3187
3469
3406
4002
3602
3112
3553
3591
3469
3684
3267
3220
3267
3452
3456
3484
3471
3235
3658
3632
3361
3585
3315
3688
3046
3463
3474
3351
3145
3539
2987
2645
3359
3234
3693
3465
3168
3211
3369
3591
3349
3455
3466
3547
3329
3215
3616
3348
3148
3267
3559
3448
3228
3492
3534
3124
3513
3428
3228
3410
2941
3644
3389
3390
3453
3317
3352
3653
3496
3372
3209
2700
3295
3225
3398
3520
3268
3483
3657
3649
3687
3435
3179
3659
3341
3406
3216
2602
3495
3324
3208
3556
3418
3475
3496
3678
3540
3587
3647
3435
3345
3568
3508
3035
3414
3587
3452
3365
3374
3262
3559
3507
3539
3346
2920
3259
2715
3744
3580
3233
3294
3581
3114
3228
3316
3582
3505
2970
3422
3288
3273
3224
3659
3357
3338
3616
3234
2865
3466
3558
3354
3501
3558
3314
3318
3354
3503
3380
3652
3538
3621
3363
3191
3569
3280
3613
2981
3439
3505
3600
3417
3174
3471
3300
3339
3443
3518
3703
3571
3130
3397
3485
3160
3437
3615
3331
2905
3547
3354
3368
3515
3292
3078
3267
3619
