-197
-322
-213
-199
-356
-255
-207
-107
-171
-505
-223
-278
-271
-267
-106
-59
-13
-108
-95
-41
-343
-461
-232
-217
34
-78
1338
-267
-136
-146
-216
-131
-65
-127
-264
-174
-250
-152
-235
-212
-57
-238
-163
-254
-138
-44
-84
14
-73
-72
-216
-213
-404
-198
-283
-176
-173
-181
-578
-33
-309
-511
-261
-277
-359
-485
-198
-22
-295
-332
-93
-265
-338
-211
99
38
-803
-353
-255
-58
-173
-178
-122
-190
-360
-396
-125
-77
-258
-358
-195
-225
-294
-546
-171
-108
-234
-609
-136
-272
-42
-92
-241
-459
-279
-224
-158
-54
-293
-554
-117
-245
-395
-63
-308
-177
41
-221
-172
-63
-140
-278
-56
-134
-120
25
-246
-303
-294
-73
-418
-266
-90
-306
-439
-117
-184
-35
-303
-157
-205
-357
-171
-239
-376
-217
-67
45
-291
-231
-48
-396
-417
-29
-41
58
-26
-203
-249
-305
-563
-379
-281
-329
-111
-52
-122
-283
-119
-434
341
-177
-149
134
-149
-272
-411
-200
-327
-125
-399
88
-425
-401
-133
-113
-161
-155
-17
-474
-481
-120
-151
-285
-280
-161
-131
-269
-229
-217
-433
-330
8
48
-118
-62
-184
-163
-247
-203
-264
-60
-95
-196
94
-121
-205
-169
-386
-236
-237
-94
-161
-110
-198
-389
-178
-163
-147
-205
-448
-123
-7
-308
-229
-267
139
-231
-146
-22
-46
-158
-69
-407
-145
-250
-354
-401
81
-460
-347
-431
-110
-118
-364
-172
-307
93
-238
-400
-112
-119
-11
-135
-34
-279
-69
-114
-143
-27
-109
-368
-207
-350
-549
-330
-19
-285
-288
-171
-300
-190
-212
-52
-162
-74
-155
-548
-347
-375
-211
-621
-457
-298
-229
-246
-254
-158
-97
-168
-172
-231
-235
-131
-346
-216
-355
-133
1
-110
-501
19
-162
-415
-346
-76
-207
-175
-166
-90
-133
-232
-314
-165
-213
-197
-80
-290
-241
-482
-172
-34
-321
-270
-386
-412
-221
-354
-97
-301
-335
-208
-177
-157
-116
-436
-192
-214
-380
-288
-415
-401
-182
-185
-254
-22
-197
-126
-288
-184
-175
-90
-152
-152
-59
44
-112
-299
-124
-249
-254
-157
-139
-212
-53
-304
-344
-156
0
-201
-86
-269
-129
-112
-227
-4
-182
-264
-118
-275
-45
-167
-369
-20
-143
-144
-124
-337
-359
-161
-272
-15
-273
-115
-266
-459
-341
-318
-236
-77
-478
562
-157
-209
-360
-259
-122
-199
-229
-19
-263
131
-374
-110
-153
-202
-164
-157
-15
-271
-52
-163
-141
-28
-105
-167
-95
-395
-256
-235
-140
-36
-169
-215
-150
-158
-163
-131
-301
-285
-126
-215
33
-396
-295
-153
-290
-410
-122
-98
-59
-319
-37
-76
-387
-168
-313
-181
-262
-390
-583
-324
-131
-198
-149
-201
-151
-13
-311
-376
-78
-201
-196
-128
-258
-291
-161
-39
93
-260
35
-48
-425
-153
-133
-246
-290
-372
-39
-35
-411
-258
-137
-202
-157
-183
-274
-367
-262
-422
-214
-261
-127
-250
-299
-173
-244
-275
-213
-90
-436
-189
-247
-247
-178
-193
-166
-56
-138
-166
-195
-139
-375
-173
-343
-215
-246
-23
-373
-454
-269
-204
-288
-434
-98
-140
-254
-69
-94
-97
-254
-277
-90
-245
-203
-198
-615
-176
-182
-208
-301
-147
-175
-279
-217
-232
-215
-341
-27
-377
-112
-162
-251
-139
-296
-72
-168
-166
-133
-211
-154
-274
-308
-213
-317
-459
-146
-61
-152
-204
-126
-97
32
-193
67
-333
-259
-233
-190
-203
-294
-173
-57
27
-142
-109
-169
-138
-279
-400
-341
-94
-34
-46
2
-150
-140
-192
-284
-205
-99
-92
-230
-171
-213
-167
-306
76
-367
-151
63
-280
9
-169
-321
74
37
-240
-247
104
-336
-102
-44
-206
-88
190
-207
-111
-69
-157
-205
-149
-81
-156
-339
-167
-175
-100
-285
-82
-340
-21
24
-31
-255
-420
-77
-338
-130
74
-348
36
-274
-262
-239
-268
-272
-213
-243
-133
-69
-41
-207
-149
-418
-230
-120
-147
-143
-412
-255
-349
-39
-193
-93
-17
-225
-203
-102
-85
-128
-127
-26
-138
-56
-12
-202
-447
-272
-88
-168
-308
-268
-213
0
-265
-221
-97
-241
-126
-193
-182
-206
-158
51
-214
-195
-210
-359
-165
-254
-329
-157
-336
-371
-311
-439
-181
-111
-180
-357
-76
-17
-257
-226
-103
-236
-316
-138
-193
-172
-240
88
-179
-371
-176
-176
-432
0
-213
-348
-120
-281
-242
-318
-324
-419
-276
-171
-166
-37
-157
-234
-129
-65
-307
-296
-334
-262
-327
-321
-116
-202
-145
-373
-133
-218
-154
-216
-198
-30
-285
-130
-56
-322
-386
93
-189
-141
-226
-345
-122
-272
-290
-58
-85
121
-190
-287
91
-454
-89
-309
-508
-146
193
16
-242
-92
-261
-361
-156
-231
-156
-82
-189
-223
-202
-86
-171
-136
-359
-206
-220
-358
-248
-2
-260
-347
-17
-106
-340
-191
-78
21
-131
-198
-291
-105
-241
-313
-160
-58
-315
-130
-150
-175
-55
108
-91
-139
-212
-100
27
-101
-7
36
-247
-196
-72
-396
-155
-252
-277
-9
-273
-345
-191
-406
-81
-36
-339
-174
70
-54
-200
-138
-63
-320
-171
-273
-383
-240
-90
-272
-113
-195
-165
-338
-132
-236
-127
-388
-318
-246
-358
-220
-190
-95
-213
-61
121
-246
-330
-102
-340
-156
-225
-273
-452
-80
-154
-139
-62
-184
1132
-187
-186
-185
-296
-259
-485
-432
-132
-160
361
-99
-231
123
-88
-210
-88
-186
-216
-139
-100
-23
-336
-385
-117
-205
-177
-87
-371
-306
68
-37
-263
79
-19
-190
-134
224
-124
-120
-166
-87
-141
-356
-263
-104
-264
-360
-129
-233
-365
-155
-227
43
-112
-147
-149
-244
55
-191
-161
-337
-225
-216
-116
-294
-141
-271
-294
-95
-452
-56
1
-133
-307
83
-198
-259
-188
-281
-159
-70
-132
-94
-221
-306
-289
-92
-245
-195
-103
-245
-155
-111
-360
-141
-169
-232
-52
-172
-294
-600
-321
-165
-323
-159
-275
-144
-212
-121
-164
-282
-269
-301
-347
-406
-60
19
-87
-486
-271
-75
-104
-333
-141
-88
-199
-277
-305
-135
-97
-64
-39
-589
-218
-298
-273
-298
-93
-412
-203
-133
-61
-410
115
-113
-388
-161
-142
-316
-205
-225
-97
-247
-259
-527
-237
-246
-570
-288
-129
-118
-290
-173
-344
-75
-183
-97
-131
-236
-182
-305
-195
-135
343
-34
-141
46
-111
-133
-98
-196
-376
-87
-335
-231
-251
-358
-42
-325
-175
-288
-225
-217
-424
-359
-223
-214
-182
-179
-144
-322
-176
-104
-202
-146
-399
-200
-179
-111
-365
-89
-101
-267
-134
-435
-292
-95
-182
-150
-20
-287
-105
-195
-100
-307
-233
-502
-204
-343
-85
-100
-232
-422
-244
-313
-426
-98
-472
-338
-452
-153
-260
-226
-111
-242
-143
-246
-299
-240
-254
-203
-217
-233
-438
-302
-206
-160
-294
15
-33
-273
-137
-105
-125
-748
-216
-274
-471
-490
-221
-42
-315
-93
-86
-12
46
-46
-138
-131
-447
-328
-181
-121
-205
-282
-112
-209
-263
-405
-378
-336
-216
-105
-124
-286
-212
-187
-629
-189
-408
-341
-187
-488
-126
-292
-333
-161
-209
-168
-111
-345
-105
-81
1470
-78
-144
-321
-42
-378
-167
-177
-195
-110
-143
-133
-136
-132
-365
-319
2
-110
96
-220
-70
-333
-275
-111
-9
-186
-92
-127
-178
-178
-236
-222
-257
-143
24
-211
-86
-197
-43
-160
-276
-168
-53
-104
-378
-210
-474
-288
-75
-274
-400
-265
-168
-87
-284
-272
-88
88
-236
-66
-173
-362
-273
-162
-166
-187
-214
-110
-172
-161
-135
-164
-55
72
-218
-155
-252
-151
-333
-203
-286
200
-387
-97
-253
-100
-154
-269
18
-119
-151
-45
-590
-329
-79
-136
-200
-286
-61
-169
-106
-107
-135
-93
-302
-543
-200
-235
-334
-347
-176
-156
-38
-6
-234
-366
78
-135
-122
-259
-436
-385
-204
-280
98
-16
-233
-106
-68
65
-97
-142
-343
-326
-195
-146
-215
-226
-180
-277
-205
-287
-373
-94
14
-235
-216
-297
-174
18
6
-112
-257
139
-142
-68
-47
-88
-485
-154
-190
-119
-56
-171
45
-280
-90
-135
-273
-265
-85
-149
-191
-72
-187
-22
-163
-32
-175
-234
-122
-228
-128
-232
-256
46
-218
68
-118
-187
-47
-108
-355
-31
-131
-163
-175
-61
-272
-139
-47
-274
-265
-97
-457
-947
-149
-197
75
-221
-162
-207
-437
-298
-248
-189
-163
-373
-43
-345
-286
113
-106
-171
190
-129
-119
-144
-139
-387
-94
-398
-125
-276
-189
-65
-171
-118
-230
-10
-290
-101
-83
-68
-470
-94
-532
-421
-88
-266
-48
1252
-336
-116
-337
-148
-173
-73
-283
-182
-377
-53
-278
-146
-271
-105
-393
-454
18
-248
-390
-169
-384
-40
-17
-229
-150
64
-281
-295
-202
-276
-184
-213
-64
-335
-250
-180
-439
-173
-147
-319
77
-124
-44
-86
-217
-121
-133
-120
-53
-108
-223
-264
-231
-391
-114
-70
-286
-336
-435
-238
-242
-377
-310
-104
-579
-114
-87
-262
-538
-205
-473
-179
-349
306
-258
-62
-307
-108
-177
-303
-66
-360
-241
-428
-126
-238
-337
8
-34
-129
-276
-294
-33
-56
4
-246
-132
-202
-327
-132
-196
-146
-103
-314
-291
-143
-189
-286
-395
-55
-261
-215
-252
-304
-110
-209
-193
-178
-218
-102
-264
-295
-73
-517
69
-215
-179
-316
-284
-229
-223
-32
-58
-361
-274
-205
-269
-209
-221
-260
-357
-192
-321
-117
-300
-128
56
-255
-196
-148
-292
-374
-75
-113
-336
-59
-22
-175
-479
-189
-30
-165
-165
-222
-314
-217
-103
-5
-308
-207
-357
188
-44
-362
-200
-76
-203
-67
117
-62
-598
-14
-451
-202
-28
-75
-184
-394
-348
-169
-110
-98
-176
-289
-255
-168
-280
-366
-322
-225
-58
-116
-217
-221
-63
-265
-437
-109
-176
9
-153
-94
-293
-240
-274
-128
-105
-112
-257
-166
-264
-35
-266
-331
-514
-92
-86
-223
-377
25
-125
-294
285
-164
-293
-244
-386
-64
-425
-389
-191
-206
-305
-123
-107
-94
-456
-53
-56
-148
-161
-98
-306
-176
-172
-66
-176
-152
-165
-289
-328
-236
-201
-178
-113
-6
-131
-159
-85
-308
-188
-230
-53
-159
-106
-120
-75
-142
-104
78
-97
-329
-168
-236
-183
-223
-245
-166
-205
-55
-306
-44
-57
-55
-142
-146
-279
-69
-219
-147
-96
-558
-204
-287
-142
39
-347
-159
-523
-1
-35
92
-88
-21
-244
24
-228
-313
-119
-440
-536
-288
-257
-204
-27
-274
-197
-222
-126
-16
179
-256
-394
-349
-143
-151
-216
-437
-133
-268
-249
-404
-164
-191
-482
-22
-457
-179
-87
-341
-328
-203
-42
-74
-242
-53
-344
-274
-150
30
-311
-537
-133
-226
-294
-238
-228
-225
-209
-216
-202
-301
-166
-32
-109
-219
-94
-221
-164
-282
26
-404
-126
-239
-211
-48
-489
-5
-219
-13
-304
-57
-178
-137
-269
-157
-217
-203
-167
-192
-38
-9
-121
-26
-219
-292
-30
-57
-163
-382
-152
-127
-156
-170
-236
-288
-330
-205
-173
-137
-154
-187
-133
-832
-105
-83
-372
-135
-350
-102
-160
-416
-27
-222
-129
-133
-423
-42
-67
-56
-134
-194
-97
-151
-261
-366
-22
-145
-96
-345
-112
-362
-215
-255
-218
-139
-118
-184
-285
-481
-138
-216
-245
-334
-286
-216
-99
-22
-110
-278
-168
-368
-319
-401
-437
-150
-271
-268
-167
-110
-45
-177
-231
-80
-248
-324
-230
-206
-107
-406
-524
-47
-138
-293
-125
-161
-234
-205
-296
-62
-148
-232
-70
-5
-130
-116
-50
-261
-40
-374
-207
-328
-348
-347
-36
-328
-29
-163
-140
-178
55
-115
-244
-537
-220
-221
-183
-479
-298
-199
-167
-150
-141
-244
60
-402
-180
-368
-290
-215
-164
-247
-127
-365
-2
-284
-170
-90
-88
-388
-391
-135
-83
-275
-58
-99
-397
-99
-187
-79
12
-113
-116
-121
-179
-299
-301
-222
-246
-70
-10
-226
-119
-338
127
-161
-404
-58
-183
-42
-276
-121
-342
75
-19
-24
-211
-132
-93
-139
-640
-290
-45
-27
-248
-190
-413
-135
813
-127
-92
-358
-372
57
-72
-172
-109
-188
-56
-93
-169
-539
-358
-139
-340
-277
-149
-76
-38
-260
-328
-64
-280
89
-283
-203
-133
-66
-197
-90
-174
-528
-435
-300
-58
-399
-210
-200
64
-99
-320
-33
-316
-316
69
-352
-44
-250
-147
-235
-159
-164
-170
-255
-99
-266
-161
-140
-179
-172
-146
-282
-116
9
-213
-321
-354
-61
-182
-148
-333
-221
-171
-85
-143
-30
-87
-28
-406
-137
-303
-182
-116
-143
-230
-145
42
-259
-120
-135
-71
-126
-260
-186
-405
-177
-245
-156
-120
-157
-47
-301
-43
-42
-459
-119
-358
-289
-226
-64
-144
-130
-236
-385
-254
-286
-180
-244
-26
-298
56
-97
-297
-252
-193
-228
-153
-369
29
-144
-66
-323
-244
-185
-395
-300
-243
-211
-153
-240
-216
-109
-477
-427
20
-442
-150
-176
-284
-41
-192
-149
-260
-242
-332
-117
-209
-121
-373
36
-62
-98
-167
-329
35
-59
-167
-403
-199
-235
-253
-331
-337
-227
-160
-206
-170
-108
-244
-223
-249
-164
-134
-357
84
-129
-130
-296
-75
-221
-377
-305
-314
-141
-135
-310
-293
-125
-102
-415
-200
-265
-231
-284
-118
-397
-254
81
-464
-173
-336
-361
-647
-233
-159
-390
-207
-204
-105
-90
-482
-228
-11
-123
-67
-159
-176
-267
-308
-236
-43
-155
-190
-100
-87
45
-84
-269
-388
-472
-23
-237
-139
-103
-155
-48
-144
-301
-298
-492
-226
280
175
-155
-372
-279
-234
-250
-117
-74
-192
-463
-89
-889
-312
-91
-236
-188
-38
-199
-196
-186
-345
-204
-444
-172
-268
-63
-254
-139
-109
-257
-442
-270
-375
-296
-122
-122
-266
-300
-457
-410
-363
-54
-293
-300
-345
-378
-376
-450
-218
-171
-195
-235
-125
-145
-155
-175
-170
-271
-591
-251
-132
-377
-225
-360
-226
-456
-511
-242
-206
-385
-529
-14
-283
-169
-303
-271
-282
-173
-425
-213
-440
-69
-196
-153
-160
-225
-415
-292
-181
-313
-77
-37
-234
-222
-45
-161
-186
-114
-205
-174
-251
-113
-215
-258
-267
-192
-295
-124
-427
-325
-250
-129
-235
-145
-313
-75
-183
-137
-350
1
-304
-292
-35
-263
-191
-236
-150
-199
-255
-12
-289
-333
-19
-153
-349
-547
-469
-266
-114
-227
-132
-236
-67
-425
-273
-98
-85
-460
-249
-87
-121
-205
-260
-209
-370
-504
-290
-316
-55
-221
-61
-87
-199
-206
-360
-182
-42
-127
158
-199
-168
-176
-267
-237
-69
-146
-53
-118
-199
1
21
-79
-122
-406
-141
-88
-55
-244
-396
-180
-262
-529
-97
-21
-340
87
-330
-112
-35
-167
-187
-113
-32
-311
-180
-101
1
-160
-26
-118
-273
-376
-82
-110
-230
-340
-185
-366
-149
-185
-52
-297
-126
-36
-288
-258
-104
-119
-149
-12
-79
-369
-91
201
-181
-231
-131
-262
-18
-295
-331
-226
-778
-60
-158
-319
-317
-145
-102
-135
-161
-483
-278
-262
-90
-9
-204
-107
-237
-147
-146
-130
-34
-299
-82
-275
-297
-297
-74
-217
-80
-31
-203
-218
-343
-191
-344
-187
-336
-172
-179
-94
-279
-212
-162
16
-524
-82
-116
-143
-313
-107
-268
-139
-109
-102
-15
77
-255
-196
-85
-226
-147
-183
-168
-249
-441
-167
-17
-282
-288
-228
-205
-16
-244
-504
-251
-165
-139
-199
-282
-326
-90
-136
-372
-497
-271
-93
-52
19
-128
-245
-35
-320
-202
-192
-94
-282
-43
-111
-411
-197
-200
-253
-267
-66
-539
-101
-181
-347
-444
-131
-98
-170
-201
-234
-121
-146
-10
-401
-404
-217
-54
-139
-234
15
-143
-374
-45
-228
-289
-36
-116
-313
-79
-197
-562
-322
-102
-35
-216
-311
-111
-187
35
-100
-174
-313
-176
-324
-134
-168
-329
53
-245
-666
-251
-213
50
9
-780
-206
-239
-253
-166
-234
-494
-165
-57
-53
-122
-375
-235
-1
36
-267
-40
-38
-135
-232
-512
-259
-241
-369
6
-177
-221
-284
-266
-29
-186
-386
-190
-380
-382
-118
-227
-124
-72
-185
-231
-354
-35
-367
-319
-293
-72
-302
-225
-196
-98
-93
-304
-191
-225
-343
-385
-394
-369
-421
-14
-237
-300
-810
-81
-78
-230
-265
-360
-329
-255
-162
-169
-168
-314
-85
-322
-102
-214
-285
-173
-289
-133
-146
17
-133
-284
-361
-248
-266
-272
-10
-192
-242
-126
-424
-118
-502
-413
-240
223
-471
-300
-8
-105
-223
-326
-252
-52
-198
-178
70
-128
-105
-136
-289
-230
-84
-221
-98
-193
11
-207
-419
227
-218
-167
263
-246
-110
-252
-26
-275
-173
-250
-189
-92
-147
-204
-117
-179
-314
-95
-130
-307
-444
-294
-561
-152
-335
-466
8
-348
-178
-218
-124
-56
-146
-462
-164
-82
-22
-127
-254
-69
13
-407
-378
-202
-237
-416
-91
-140
-87
-156
-340
-64
-319
-154
-156
-361
-208
-47
-297
-127
-175
-267
-71
-88
-143
-63
-231
-313
-215
-67
-417
-446
-165
-197
-121
-68
-229
-238
-116
-94
-233
-534
-284
-334
1
-412
-254
-45
-195
-473
-26
-156
-306
-456
-300
4
-402
-148
-250
-663
-275
-25
-197
-159
-162
-44
-135
-169
-286
-177
-406
-379
-122
-300
-155
-117
-403
-268
-325
-208
-222
-163
-184
-212
-154
-187
-161
-418
-63
-245
-19
-309
-263
-102
-84
-239
-322
-293
-154
-325
-220
-434
-257
-356
-518
-200
-281
-212
-257
-130
-176
-45
-262
-465
-168
-75
-100
-219
-28
-92
-253
-349
-162
-3
-100
-81
-177
-67
-234
-278
-254
-245
-304
-57
-302
127
-144
-246
-144
-177
-198
-137
-212
-239
-171
-177
186
-136
-101
-152
-221
-225
-396
-192
-151
-100
-491
-167
-165
-226
-155
-289
-342
-373
