3743
3625
3424
3456
3898
3706
3750
3670
3619
3519
3213
3465
3507
3406
3634
3536
3234
3337
3699
3925
3876
3522
3689
3683
3444
3892
3387
3640
3340
3521
3646
3411
3762
3680
3701
3639
3696
3631
3726
3879
3574
3803
3674
3616
3537
3447
4040
3592
3786
3640
3798
3624
3918
3142
3657
3217
3482
3431
3604
3313
3674
3301
2546
3600
3581
3613
3560
3622
3512
3780
3687
3727
3605
3003
3782
3170
3548
2580
3341
3331
3621
3743
3739
3518
3019
3295
3515
3618
3529
3716
3436
3610
4187
3529
3453
3268
2721
3389
3643
3680
3682
3732
3720
3460
3311
2328
3529
3623
3650
3275
3590
3550
3386
3666
3658
3549
3528
3675
3677
3501
3627
3201
3454
3424
2974
3313
3442
3200
3587
3457
3650
3452
2425
3580
3595
3790
3570
3223
3623
2915
3729
3746
3756
3778
3343
3244
3589
3532
3573
3625
3304
3574
3144
3687
3638
3468
3699
3570
3734
2607
3662
3635
3397
3743
3490
3714
3565
3396
3619
3618
3632
3577
3389
3812
3746
3528
3220
3529
3393
3497
3540
3651
3542
3800
3798
3562
3837
3651
3719
3512
3656
3971
3771
3403
3629
3672
3650
3526
3430
3348
3612
3625
2641
3431
3484
3576
3564
3289
3595
3505
3433
3634
3639
3521
3490
2272
2628
3716
2984
3488
3599
3651
3575
3400
3518
2724
3459
3265
3673
3667
3465
3638
3486
3697
3661
3520
3517
3197
3667
3328
3427
3674
3559
3231
3335
2686
3440
3401
3457
2921
3425
3968
3501
3533
3616
3478
3391
3447
3227
3541
3720
3584
3833
3575
3395
3288
3566
3665
3574
3722
3484
3591
3527
3425
3722
3643
3163
3589
3499
3613
3231
3754
3695
2978
3662
3227
3587
3844
3539
3614
3378
2798
3757
3535
3714
3121
2822
3986
3617
3755
3762
3570
3642
3614
3946
3768
3569
3677
7300
3576
3334
2641
3239
3537
3624
3500
3672
3661
3651
2305
3563
3439
3442
3532
3628
3647
3365
3628
3626
3485
3295
2510
3557
3836
3773
3429
3563
3770
3693
3517
3282
3769
3332
3520
3333
2632
3665
3605
3452
3802
3489
3746
3612
2657
3674
3558
3567
3438
3509
3535
3686
3291
3453
3353
3634
3790
3341
3606
3690
3394
3607
3596
3728
3469
3797
3673
3623
3533
3544
3733
3594
14337
3625
3869
3433
3563
3651
3783
3547
3763
3274
3494
3636
3272
3702
3607
3608
3516
3436
3659
3464
3074
3263
3651
3257
3612
3686
3410
3584
3632
3418
3526
3732
3652
3516
3436
3413
3582
3623
2846
3438
3436
3752
3387
3604
3557
3538
3546
3673
3284
3644
3351
3708
3352
3646
3806
3655
3427
3650
3676
3588
3681
3422
2480
3624
3545
3912
3459
3591
3432
3565
3690
3863
3650
3763
3661
3482
3692
3358
3706
3584
2913
3680
3748
3656
3356
3204
3347
3396
3377
3891
3364
3594
3612
3366
3470
3405
3611
3588
3488
3585
3735
2433
3561
3397
3566
3396
3601
3527
3631
3674
3615
3584
3739
3603
3534
2629
3442
3567
3382
3342
3554
3419
3441
3408
3631
3454
3508
3633
3638
3125
3131
3501
3538
3639
3639
3765
2806
3854
3501
3711
3190
3746
3569
3527
3538
3425
3586
3540
2781
3623
3478
3622
3551
3669
3498
3664
3530
3243
3756
3260
2677
3728
3501
3643
4007
3556
3483
3514
3604
3650
3327
3603
3726
3674
3487
3603
3332
3713
3599
3660
3525
3549
3712
3351
3535
3449
3610
3476
3627
3514
3548
3531
2911
3623
3537
3631
2430
3737
3557
3424
3561
3692
3473
3563
3594
4030
3705
3396
3656
3678
3553
3718
3515
3227
3462
3660
3567
3621
3558
3501
3661
3711
3522
3709
3416
3738
3465
3599
3633
3547
3223
3618
3253
2506
3518
3518
3770
3682
3356
3359
3633
3668
3528
3620
3622
3833
3564
3477
3746
3275
3381
3581
3625
3596
3529
3645
3628
3268
3733
3603
3368
3630
3215
3639
3361
3574
3544
3351
3578
3676
3606
3437
3474
2598
3324
3262
3585
3603
3359
3627
3709
3678
3726
3596
3289
3716
3436
3566
3497
2298
3611
3432
3466
3624
3604
3572
3725
3694
3653
3710
3669
3527
3557
3588
3627
3429
3589
3686
3617
3565
3616
3444
3717
3669
3772
3554
3113
3496
2575
3718
3700
3437
3478
3641
3440
3397
3606
3653
3662
3238
3699
3324
3498
3500
3603
3504
3598
3617
3437
3334
3592
3646
3543
3626
3664
3630
3398
3654
3698
3634
3733
3670
3751
3588
3502
3741
3499
3753
3107
3587
3577
3761
3572
3454
3691
3431
3495
3644
3605
3767
3682
3458
3540
3614
3276
3745
3739
3536
3059
3676
3576
3472
3652
3573
3258
3340
3721
