3673
3645
3534
3511
3925
3757
3692
3672
3630
3520
3349
3519
3520
3608
3626
3549
3243
3446
3648
3961
3819
3688
3647
3665
3388
3745
3457
3684
3322
3527
3666
3577
3678
3642
3690
3556
3626
3721
3725
3867
3662
3812
3701
3647
3584
3477
4067
3606
3839
3630
3780
3603
3857
3179
3648
3254
3498
3521
3635
3359
3688
3382
2983
3681
3641
3621
3497
3608
3554
3729
3580
3719
3732
3234
3811
3299
3516
2987
3385
3366
3580
3737
3707
3639
3085
3311
3593
3609
3624
3602
3423
3609
4309
3595
3489
3275
2929
3525
3636
3710
3712
3750
3650
3537
3519
3218
3585
3690
3581
3447
3651
3592
3509
3767
3667
3521
3631
3617
3650
3505
3621
3279
3521
3588
3094
3349
3567
3122
3610
3609
3669
3558
2564
3567
3506
3752
3535
3203
3631
3163
3611
3702
3713
3697
3484
3474
3617
3488
3587
3545
3431
3543
3253
3686
3655
3572
3660
3639
3782
2771
3601
3639
3609
3691
3534
3722
3577
3444
3693
3653
3629
3617
3431
3827
3732
4040
3364
3453
3489
3547
3555
3666
3467
3865
3659
3541
3870
3636
3752
3541
3714
4069
3800
3517
3534
3732
3709
3638
3499
3374
3651
3718
2820
3555
3546
3614
3610
3471
3663
3580
3480
3624
3617
3632
3439
2765
2662
3761
3138
3407
3678
3653
3632
3361
3591
2769
3479
3287
3642
3660
3478
3651
3480
3744
3587
3489
3618
3351
3619
3341
3521
3598
3588
3381
3500
2698
3513
3465
3409
3095
3498
3987
3550
3541
3685
3560
3491
3473
3365
3505
3721
3570
3761
3521
3485
3439
3591
3539
3576
3645
3489
3498
3517
3560
3675
3654
3261
3601
3503
3660
3341
3753
3685
2984
3640
3380
3584
3823
3526
3609
3484
2994
3645
3652
3714
3182
2948
3986
3512
3622
3732
3598
3677
3626
4185
3782
3479
3660
9347
3741
3414
2487
3386
3541
3700
3572
3734
3673
3601
2764
3546
3487
3434
3484
3565
3690
3436
3599
3674
3503
3346
2979
3597
3761
3716
3496
3542
3645
3653
3554
3392
3918
3385
3665
3385
2643
3684
3613
3555
3702
3552
3788
3635
2608
3605
3555
3569
3325
3525
3619
3744
3365
3454
3424
3596
3697
3527
3502
3674
3429
3646
3582
3749
3538
3743
3667
3623
3551
3546
3746
3558
2273
3660
3784
3555
3620
3665
3716
3679
3731
3298
3526
3615
3347
3686
3617
3603
3460
3474
3735
3500
3198
3371
3543
3296
3628
3730
3458
3518
3608
3601
3528
3698
3611
3452
3397
3493
3601
3680
2913
3476
3347
3692
3405
3611
3564
3585
3544
3629
3172
3564
3348
3607
3520
3563
3829
3659
3455
3684
3666
3532
3710
3369
2653
3590
3509
3911
3534
3639
3392
3576
3717
3884
3749
3683
3631
3482
3681
3295
3677
3557
3162
3742
3757
3673
3478
3377
3378
3476
3445
3893
3388
3661
3562
3376
3560
3411
3652
3571
3465
3558
3717
2996
3537
3470
3574
3491
3647
3597
3606
3668
3605
3653
3624
3766
3577
3016
3486
3517
3323
3341
3605
3441
3513
3475
3676
3587
3537
3598
3712
3274
3328
3572
3594
3559
3631
3688
2701
3792
3542
3707
3230
3781
3744
3653
3626
3517
3589
3636
2797
3572
3477
3657
3616
3707
3441
3657
3616
3300
3848
3411
2867
3596
3497
3628
3883
3664
3597
3483
3674
3667
3510
3655
3638
3756
3477
3639
3375
3746
3623
3608
3525
3544
3734
3383
3520
3407
3624
3533
3566
3581
3582
3576
3358
3476
3583
3615
2410
3686
3646
3435
3564
3710
3540
3586
3603
4005
3715
3460
3607
3692
3587
3685
3533
3439
3513
3646
3592
3591
3592
3574
3703
3706
3627
3692
3482
3742
3566
3643
3580
3620
3297
3648
3379
2637
3504
3456
3707
3729
3500
3453
3670
3694
3431
3634
3650
3733
3577
3505
3698
3389
3469
3618
3671
3771
3558
3685
3679
3358
3781
3618
3403
3550
3178
3650
3463
3613
3607
3459
3604
3668
3572
3471
3546
2599
3423
3208
3654
3641
3378
3650
3665
3625
3729
3593
3375
3689
3570
3554
3487
2360
3647
3587
3452
3602
3615
3642
3607
3726
3641
3670
3689
3619
3604
3581
3623
3481
3679
3684
3665
3586
3701
3441
3662
3680
3723
3608
3304
3468
2967
3743
3681
3502
3507
3695
3433
3502
3553
3584
3598
3392
3649
3306
3551
3594
3710
3522
3577
3711
3478
3424
3695
3704
3526
3630
3690
3537
3573
3735
3701
3698
3748
3632
3998
3626
3486
3752
3447
3746
3315
3573
3658
3717
3519
3418
3676
3367
3519
3579
3616
3712
3718
3555
3510
3613
3407
3656
3618
3486
3253
3589
3520
3425
3668
3587
3429
3390
3685
