3604
3518
3492
3496
3414
3525
3467
3694
3711
3510
3379
3136
3342
3182
3591
3476
3577
3402
3703
3286
3401
3296
3578
3590
3400
3538
3347
3561
3370
3523
3670
3408
3520
3572
3637
3585
3609
3400
3463
3277
3645
3521
3679
3469
3724
3448
3436
3661
3597
3636
3402
3563
3456
3048
3422
3439
3654
3191
3643
3376
3596
3464
2860
3330
3661
3534
3595
3635
3487
3562
3622
3690
3526
3444
3586
3357
3577
3219
3324
3421
3633
3705
3613
3436
3187
3469
3367
3477
3631
3645
3562
3594
2567
3510
3394
3428
2943
3278
3563
3660
3748
3721
3526
3342
3353
2480
3521
3736
3401
3414
3528
3549
3322
3524
3633
3481
3542
3664
3637
3407
3489
2675
3404
3441
3094
3492
3545
3397
3556
3344
3655
3514
2923
3453
3618
3606
3464
3431
3556
2786
3642
3583
3630
3644
3598
1709
3649
3580
3572
3329
3527
3527
3266
3659
3708
3397
3537
3258
3503
2716
3630
3705
3412
3656
3516
3532
3510
3351
2377
3608
3648
3539
3371
3509
3644
2627
3508
3551
3475
3575
3594
3775
3538
3490
3567
3573
3522
3525
3670
3534
3584
3365
3462
3628
3509
3441
3650
3310
3495
3370
3536
3442
2785
3403
3592
3372
3576
3400
3668
3404
3403
3614
3389
3445
3552
2855
2999
3666
3070
3458
3589
3521
3551
3472
3547
2805
3424
3364
3550
3645
3503
3522
3448
3668
3567
3455
3503
3356
3689
3346
3534
3636
3596
3435
3547
2904
3324
3567
3449
3186
3499
3428
3517
3646
3685
3516
3424
3446
3585
3532
3663
3510
3543
3545
3221
3363
3606
3503
3555
3649
3573
3616
3498
3529
3714
3667
3414
3595
3523
3504
3270
3537
3716
2867
3622
3613
3613
3527
3383
3763
3369
3167
3487
3586
3421
3359
2981
3219
3570
3544
3665
3626
3626
3679
3523
3384
3243
3642
1646
3585
3504
2881
3514
3421
3665
3492
3660
3607
3538
3213
3553
3504
3431
3574
3647
3596
3352
3583
3627
3586
3376
3061
3531
3594
3582
3613
3512
3734
3676
3588
3360
3761
3433
3608
3466
2610
3636
3460
3615
3584
3557
3618
3634
2936
3688
3648
3515
3462
3376
3598
3597
3541
3387
3527
3511
3616
3380
3564
3586
3440
3595
3587
3616
3564
3511
3632
3655
3596
3391
3714
3572
2243
3589
3489
3448
3706
3444
3592
3562
3463
3304
3490
3510
3582
3679
3743
3477
3438
3586
3648
3507
3296
3485
3625
3294
3463
3657
3516
3601
3687
3514
3520
3670
3705
3495
3412
3552
3505
3574
2956
3487
3135
3532
3430
3456
3527
3624
3488
3595
3368
3630
3502
3569
3456
3611
3738
3409
3567
3529
3462
3417
3653
3487
2736
3646
3418
3545
3450
3561
3363
3728
3713
3551
3348
3685
3719
3632
3594
3456
3486
3498
2953
3657
3561
3560
3250
3321
3493
3376
3595
3582
3417
3508
3650
3456
3547
3530
3598
3401
3506
3593
3463
3204
3527
3480
3543
3440
3541
3303
3686
3663
3474
3297
3575
3553
3503
2731
3411
3629
3433
3423
3645
3515
3455
3375
3679
3465
3534
3591
3615
3450
3408
3462
3660
3468
3365
3488
2826
3504
3508
3669
3285
3537
3432
3570
3707
3550
3667
3537
2976
3343
3309
3709
3541
3671
3549
3529
3587
3473
3829
3365
2894
3585
3408
3633
3102
3595
3510
3457
3434
3667
3233
3617
3666
3592
3614
3499
3321
3581
3559
3671
3397
3526
3654
3489
3548
3452
3632
3659
3662
3455
3686
3625
3146
3513
3599
3742
2872
3642
3630
3497
3578
3593
3427
3577
3577
3271
3670
3374
3663
3676
3541
3735
3518
3369
3495
3534
3646
3613
3551
3536
3782
3655
3482
3645
3457
3661
3313
3516
3534
3640
3425
3690
3408
3040
3607
3372
3721
3583
3376
3425
3627
3645
3586
3569
3591
3535
3497
3517
3642
3574
3285
3436
3448
3504
3506
3637
3650
3413
3556
3542
3525
3637
3312
3706
3614
3515
3662
3670
3379
3707
3563
3488
3475
2872
3428
3273
3578
3661
3454
3616
3712
3673
3674
3620
3470
3718
3462
3612
3470
2971
3582
3476
3346
3698
3548
3536
3521
3737
3502
3667
3668
3458
3633
3674
3494
3383
3727
3630
3691
3643
3621
3519
3694
3570
3430
3399
3382
3478
2974
3744
3571
3428
3585
3614
3461
3216
3464
3668
3611
3312
3515
3344
3612
3472
3738
3484
3574
3725
3379
3354
3603
3669
3506
3550
3621
3514
3509
3498
3557
3459
3574
3634
3857
3266
3421
3541
3327
3618
3286
3528
3582
3668
3460
3466
3523
3501
3522
3532
3700
3719
3628
3373
3513
3527
3395
3065
3614
3537
3254
3530
3485
3523
3451
3544
3312
3473
3751
