3529
3487
3383
3342
3267
3475
3449
3523
3578
3446
3328
3195
3350
3347
3514
3470
3202
3447
3541
3394
3412
3308
3491
3270
3377
3333
3286
3430
3249
3516
3562
3400
3354
3494
3596
3483
3388
3396
3423
3172
3501
3483
3568
3433
3543
3304
3389
3520
3524
3538
3425
3517
3401
3009
3348
3343
3529
3242
3546
3357
3458
3224
3020
3338
3514
3406
3488
3453
3429
3493
3414
3523
3470
3337
3523
3145
3499
3035
3377
3350
3511
3533
3472
3384
3327
3209
3413
3521
3573
3437
3356
3420
2592
3404
3456
3308
2936
3374
3541
3533
3590
3529
3503
3384
3349
3247
3480
3531
3352
3423
3435
3532
3222
3450
3526
3408
3439
3633
3465
3241
3429
3112
3329
3385
3221
3232
3336
3282
3462
3304
3547
3356
3041
3384
3445
3543
3415
3209
3454
3011
3465
3557
3525
3561
3477
2654
3519
3447
3562
3187
3330
3362
3308
3515
3527
3349
3499
3224
3543
3226
3517
3580
3441
3546
3416
3442
3474
3275
2726
3439
3581
3474
3289
3358
3584
3100
3411
3413
3410
3368
3478
3559
3494
3519
3489
3535
3483
3375
3581
3396
3556
3314
3312
3483
3460
3436
3580
3199
3372
3308
3415
3346
2960
3465
3461
3251
3490
3340
3460
3365
3405
3517
3444
3254
3472
3096
3042
3536
3025
3383
3484
3417
3518
3372
3524
2867
3343
3304
3491
3456
3365
3479
3405
3552
3556
3409
3380
3253
3557
3268
3349
3492
3533
3395
3484
3189
3288
3358
3278
2999
3354
3366
3545
3564
3568
3412
3187
3318
3449
3513
3536
3373
3594
3568
3367
3385
3431
3506
3440
3536
3536
3476
3540
3523
3618
3491
3260
3540
3432
3429
3261
3547
3569
3157
3413
3432
3398
3463
3327
3575
3323
3262
3457
3478
3373
3190
3161
3225
3445
3472
3504
3437
3490
3582
3273
3511
3329
3476
2829
3481
3340
3065
3301
3387
3588
3477
3548
3535
3453
3030
3438
3407
3398
3417
3512
3442
3363
3467
3544
3408
3338
2980
3557
3536
3482
3389
3470
3483
3557
3491
3363
3726
3399
3520
3417
3146
3520
3438
3411
3348
3504
3534
3513
3152
3549
3552
3469
3309
3410
3406
3465
3375
3418
3307
3454
3564
3341
3386
3484
3345
3475
3404
3515
3420
3392
3508
3545
3461
3360
3531
3419
1678
3515
3370
3331
3505
3275
3541
3510
3451
3282
3344
3344
3368
3610
3597
3420
3243
3438
3511
3455
3200
3332
3506
3184
3310
3540
3429
3380
3551
3350
3440
3487
3609
3398
3336
3379
3417
3488
3094
3341
3069
3526
3398
3355
3310
3514
3367
3516
3188
3477
3323
3433
3193
3522
3503
3359
3414
3466
3438
3363
3513
3259
2964
3490
3434
3419
3367
3406
3188
3475
3514
3484
3375
3550
3549
3500
3496
3440
3352
3406
3232
3564
3605
3400
3275
3271
3309
3404
3438
3457
3349
3518
3503
3480
3463
3389
3484
3305
3514
3468
3415
3065
3466
3346
3482
3383
3515
3295
3452
3471
3507
3397
3518
3505
3481
3094
3368
3444
3333
3299
3474
3432
3262
3338
3582
3338
3489
3439
3503
3330
3334
3481
3632
3420
3180
3440
3185
3410
3412
3507
3159
3520
3443
3473
3528
3453
3517
3493
3079
3382
3299
3534
3481
3552
3325
3459
3440
3304
3780
3323
3201
3576
3388
3473
3056
3406
3499
3319
3378
3496
3255
3449
3495
3528
3573
3529
3389
3459
3505
3585
3349
3497
3519
3313
3511
3373
3562
3430
3487
3476
3588
3510
3220
3374
3442
3618
3078
3431
3524
3348
3542
3492
3356
3428
3545
3116
3580
3350
3601
3589
3553
3524
3460
3279
3335
3410
3483
3560
3450
3518
3612
3577
3441
3472
3398
3503
3313
3406
3431
3625
3272
3561
3254
3019
3507
3333
3628
3502
3334
3305
3464
3524
3533
3493
3432
3380
3363
3351
3499
3436
3206
3427
3241
3510
3379
3597
3484
3337
3464
3520
3293
3460
3260
3521
3393
3507
3539
3448
3403
3557
3416
3327
3272
2987
3277
3277
3530
3445
3356
3502
3557
3444
3557
3476
3353
3491
3360
3365
3458
3010
3518
3426
3355
3426
3344
3302
3371
3534
3466
3551
3458
3272
3530
3525
3479
3311
3577
3489
3543
3526
3523
3409
3618
3458
3476
3375
3346
3409
3176
3540
3458
3428
3490
3484
3377
3242
3434
3514
3600
3336
3532
3253
3455
3409
3403
3437
3526
3582
3368
3256
3519
3559
3517
3388
3530
3410
3440
3418
3461
3464
3451
3487
3847
3076
3338
3519
3265
3594
3217
3430
3493
3584
3390
3338
3451
3420
3433
3444
3525
3474
3479
3392
3447
3373
3348
3256
3475
3475
3246
3515
3442
3423
3380
3436
3347
3368
3583
