3742
3624
3414
3455
3895
3703
3750
3664
3627
3506
3205
3460
3489
3409
3635
3536
3229
3337
3709
3923
3870
3523
3697
3679
3446
3883
3393
3635
3342
3523
3663
3418
3758
3673
3704
3646
3685
3620
3709
3883
3578
3812
3664
3610
3536
3444
4034
3596
3781
3646
3803
3611
3911
3138
3657
3206
3488
3434
3608
3314
3681
3310
2554
3605
3585
3608
3573
3614
3515
3773
3674
3725
3615
3002
3771
3166
3550
2577
3334
3343
3618
3729
3740
3509
3021
3289
3520
3603
3533
3715
3433
3615
4198
3530
3467
3265
2721
3388
3636
3669
3694
3735
3726
3443
3323
2329
3533
3623
3650
3258
3595
3549
3386
3664
3657
3544
3521
3675
3661
3492
3628
3202
3447
3423
2979
3300
3437
3198
3590
3468
3638
3450
2434
3585
3590
3786
3558
3210
3620
2927
3731
3749
3748
3772
3329
3255
3609
3542
3569
3622
3301
3571
3136
3682
3651
3460
3690
3566
3725
2601
3657
3627
3403
3746
3479
3703
3576
3397
3627
3614
3638
3576
3376
3802
3741
3536
3223
3518
3394
3494
3554
3642
3546
3801
3807
3565
3844
3652
3709
3515
3660
3960
3774
3405
3643
3689
3649
3528
3417
3345
3616
3625
2643
3429
3473
3561
3566
3290
3581
3497
3439
3632
3648
3513
3492
2276
2638
3714
2978
3496
3586
3657
3567
3404
3520
2741
3457
3268
3684
3659
3467
3633
3499
3706
3649
3523
3511
3191
3660
3316
3424
3676
3554
3231
3322
2689
3429
3392
3458
2921
3423
3955
3509
3533
3623
3465
3397
3444
3232
3547
3708
3579
3831
3585
3396
3295
3555
3660
3574
3723
3493
3574
3519
3420
3722
3643
3146
3591
3502
3612
3248
3756
3699
2981
3659
3222
3582
3842
3535
3612
3389
2796
3757
3552
3706
3118
2824
3980
3612
3748
3760
3564
3644
3608
3945
3785
3573
3675
7314
3574
3332
2639
3244
3549
3604
3500
3665
3658
3640
2307
3565
3451
3437
3541
3628
3636
3374
3618
3631
3482
3290
2513
3546
3825
3770
3435
3550
3759
3697
3518
3279
3769
3337
3531
3329
2622
3657
3599
3446
3801
3493
3743
3618
2647
3659
3559
3581
3445
3511
3527
3668
3302
3461
3330
3629
3801
3347
3606
3690
3400
3608
3591
3729
3474
3792
3673
3618
3525
3536
3727
3592
14325
3618
3878
3440
3547
3647
3783
3550
3753
3278
3490
3646
3279
3691
3615
3619
3508
3441
3645
3463
3076
3266
3651
3250
3608
3692
3406
3575
3636
3411
3531
3733
3650
3512
3430
3408
3575
3622
2828
3445
3432
3737
3384
3598
3561
3536
3528
3681
3284
3644
3349
3700
3364
3651
3799
3647
3429
3652
3689
3582
3677
3417
2482
3621
3541
3905
3462
3596
3434
3555
3682
3858
3631
3776
3669
3496
3700
3357
3708
3572
2917
3680
3740
3651
3356
3197
3347
3391
3369
3882
3370
3590
3605
3364
3471
3399
3608
3582
3480
3581
3738
2434
3572
3394
3572
3399
3617
3522
3619
3657
3617
3586
3737
3599
3534
2630
3455
3565
3385
3332
3567
3414
3438
3418
3636
3441
3507
3639
3634
3124
3139
3499
3541
3642
3630
3756
2801
3847
3491
3717
3192
3756
3573
3516
3537
3418
3585
3549
2792
3626
3485
3627
3542
3669
3478
3662
3517
3241
3764
3274
2688
3723
3501
3651
4007
3543
3485
3515
3610
3652
3329
3597
3725
3676
3491
3614
3331
3706
3588
3672
3514
3552
3709
3350
3548
3443
3616
3481
3616
3519
3559
3523
2924
3629
3543
3618
2438
3730
3556
3419
3574
3681
3453
3563
3607
4037
3703
3390
3649
3678
3554
3711
3504
3236
3472
3642
3572
3617
3552
3499
3662
3715
3527
3699
3419
3726
3460
3589
3640
3543
3224
3624
3251
2515
3534
3519
3775
3677
3346
3358
3618
3665
3537
3611
3615
3831
3566
3472
3754
3286
3385
3561
3622
3604
3522
3640
3631
3273
3716
3604
3364
3625
3214
3632
3373
3575
3543
3360
3580
3686
3599
3433
3464
2588
3318
3261
3579
3586
3364
3629
3698
3681
3725
3590
3304
3710
3438
3553
3493
2298
3613
3440
3469
3632
3612
3571
3728
3690
3657
3713
3667
3528
3555
3596
3614
3421
3575
3685
3619
3573
3606
3445
3696
3665
3774
3551
3120
3499
2577
3706
3694
3425
3471
3627
3433
3404
3609
3649
3656
3235
3688
3323
3502
3499
3604
3498
3593
3604
3433
3334
3600
3647
3538
3614
3660
3618
3397
3635
3682
3639
3734
3671
3758
3595
3488
3740
3509
3752
3099
3597
3588
3762
3576
3457
3682
3417
3492
3650
3609
3747
3692
3454
3544
3618
3283
3751
3732
3535
3064
3676
3567
3472
3650
3582
3266
3336
3722
