3648
3649
3322
3199
3707
3502
3661
3536
3526
3509
3108
3208
3196
3213
3524
3524
3321
3290
3783
3423
3514
3259
3486
3536
3217
3606
3105
3589
3206
3443
3638
3259
3554
3610
3479
3490
3535
3428
3566
3490
3462
3585
3651
3541
3344
3212
3742
3524
3588
3528
3520
3458
3764
3121
3408
3255
3373
3090
3228
3158
3577
3251
3066
3341
3403
3444
3368
3560
3411
3620
3616
3665
3472
3223
3521
3125
3401
3165
3144
3340
3480
3738
3636
3332
3018
3305
3395
3306
3574
3638
3317
3403
3360
3121
3300
3266
3170
3181
3363
3674
3699
3729
3542
3434
3071
2840
3181
3631
3496
3322
3462
3340
3235
3489
3403
3235
3330
3545
3492
3343
3306
3196
3287
3520
3040
3307
3442
3178
3549
3295
3430
3338
3102
3508
3317
3599
3400
3366
3448
2989
3656
3689
3669
3907
3342
3093
3555
3392
3528
3472
3226
3393
3065
3608
3503
3225
3387
3300
3498
3061
3534
3592
3286
3730
3313
3564
3453
3231
3316
3490
3494
3448
3254
3511
3786
3244
3066
3362
3194
3340
3354
3676
3413
3605
3594
3583
3687
3441
3536
3274
3533
3653
3583
3260
3481
3586
3556
3296
3442
3081
3443
3347
3026
3226
3268
3475
3352
3087
3443
3250
3208
3556
3319
3570
3312
2993
3158
3774
3260
3304
3441
3562
3500
3059
3377
3495
3346
3281
3458
3721
3409
3527
3399
3517
3484
3377
3435
3238
3491
3205
3197
3591
3493
3213
3299
2917
3229
3376
3221
3195
3418
3656
3374
3414
3661
3356
3126
3425
3216
3283
3736
3332
3573
3357
3280
3388
3342
3350
3312
3514
3390
3504
3454
3255
3540
3483
2994
3298
3251
3588
3290
3692
3612
2933
3518
3260
3613
3676
3331
3505
3279
3252
3587
3477
3502
3143
3230
3453
3562
3508
3755
3438
3534
3530
3834
3485
3328
3707
2512
3505
3380
3102
3330
3360
3505
3279
3632
3502
3459
2968
3462
3353
3300
3630
3566
3405
3173
3497
3464
3419
3199
2844
3251
3737
3757
3336
3316
3576
3646
3401
3235
3742
3161
3418
3126
3045
3583
3566
3371
3909
3425
3563
3690
2881
3521
3463
3360
3322
3253
3345
3483
3232
3202
3322
3394
3600
3285
3336
3521
3227
3522
3389
3616
3438
3809
3681
3514
3337
3394
3788
3455
13933
3536
3678
3494
3450
3476
3707
3521
3543
3294
3404
3449
3303
3503
3580
3382
3357
3500
3599
3368
3078
3232
3406
3181
3244
3524
3349
3506
3581
3368
3411
3702
3515
3320
3226
3264
3418
3367
3167
3302
2993
3540
3437
3332
3380
3287
3304
3433
3346
3387
3430
3422
3286
3540
3711
3442
3205
3477
3400
3315
3578
3262
2986
3358
3688
3828
3293
3554
3307
3420
3695
3770
3404
3806
3615
3338
3462
3424
3600
3440
3266
3510
3673
3617
3239
3311
3526
3198
3239
3769
3057
3490
3539
3117
3477
3268
3712
3351
3398
3508
3426
3099
3396
3353
3418
3375
3503
3133
3469
3610
3528
3386
3761
3541
3259
3126
3223
3707
3263
3437
3596
3171
3507
3227
3621
3311
3391
3580
3499
3142
3237
3339
3362
3396
3676
3471
2918
3609
3362
3615
3149
3673
3354
3331
3415
3288
3441
3477
3117
3268
3205
3552
3422
3617
3264
3445
3381
3227
3673
3241
3218
3445
3325
3551
3464
3425
3191
3468
3479
3676
3285
3516
3666
3588
3407
3458
3343
3586
3463
3496
3306
3330
3715
3407
3560
3175
3556
3393
3545
3253
3431
3455
3062
3365
3418
3383
3120
3728
3609
3282
3498
3588
3274
3514
3305
3902
3633
3238
3626
3667
3480
3672
3469
3232
3338
3370
3388
3433
3503
3266
3678
3644
3388
3533
3280
3742
3223
3521
3367
3363
3336
3557
3071
2886
3335
3196
3744
3451
3381
3376
3317
3630
3449
3446
3386
3520
3376
3264
3679
3432
3168
3291
3530
3370
3271
3568
3503
3151
3462
3402
3321
3369
3249
3605
3531
3436
3530
3237
3482
3723
3412
3413
3302
3052
3326
3293
3510
3467
3439
3590
3725
3696
3721
3475
3270
3603
3416
3494
3291
3137
3476
3455
3388
3576
3499
3429
3395
3571
3584
3617
3811
3388
3443
3568
3488
3251
3524
3674
3465
3420
3270
3386
3663
3394
3417
3413
3107
3222
3099
3836
3511
3245
3308
3519
3252
3319
3256
3692
3521
3132
3366
3399
3362
3182
3645
3472
3367
3554
3289
2797
3471
3666
3342
3479
3647
3411
3394
3270
3478
3451
3480
3495
3685
3364
3197
3671
3438
3627
3078
3363
3494
3615
3586
3128
3422
3417
3347
3535
3548
3689
3550
3261
3510
3443
3306
3385
3529
3396
3086
3439
3308
3380
3479
3414
3158
3306
3596
