3484
3380
3248
3134
3652
3394
3458
3520
3412
3411
3120
3109
3195
3273
3340
3411
3336
3147
3672
3307
3480
3206
3314
3446
3143
3396
3159
3452
3258
3240
3571
3158
3395
3456
3430
3300
3481
3302
3569
3282
3347
3519
3522
3503
3224
3129
3382
3398
3436
3457
3456
3373
3453
3177
3272
3281
3232
3204
3240
3177
3377
3212
3036
3320
3351
3334
3342
3424
3405
3418
3396
3494
3320
3213
3450
3139
3284
3232
3156
3212
3272
3492
3535
3244
3034
3214
3368
3280
3362
3486
3294
3260
3194
3227
3385
3223
3251
3187
3314
3607
3563
3567
3413
3338
3171
3036
3223
3533
3289
3296
3326
3237
3207
3305
3251
3136
3267
3346
3352
3271
3269
3031
3234
6445
3047
3320
3347
3169
3379
3185
3352
3156
3118
3247
3193
3444
3301
3231
3318
2963
3460
3500
3417
3788
3254
3078
3359
3366
3354
3303
3220
3351
3160
3414
3340
3222
3242
3235
3406
3158
3368
3463
3218
3547
3406
3449
3441
3351
3275
3398
3209
3370
3203
3269
3560
3168
3103
3246
3132
3267
4689
3534
3280
3447
3577
3358
3683
3316
3427
3282
3391
3447
3530
3259
3474
3500
3415
3186
3385
3121
3355
3291
3064
3100
3193
3608
3218
3125
3345
3162
3141
3357
3259
3466
3270
3113
3208
3580
3263
3240
3357
3427
3428
3099
3265
4960
3344
3258
3411
3612
3373
3434
3418
3334
3398
3274
3348
3265
3327
3228
3086
3408
3371
3312
3195
3062
3275
3350
3198
3116
3420
3638
3240
3270
3479
3254
3060
3388
3127
3248
3552
3261
3375
3247
3288
3339
3330
3245
3267
3469
3289
3317
3262
3163
3374
3441
3010
3224
3160
3381
3177
3534
3438
3091
3415
3114
3532
3606
3215
3344
3219
3412
3445
3455
3419
3148
3130
3250
3411
3302
3578
3426
3401
3255
3717
3350
3223
3450
2477
3233
3307
3180
3401
3188
3403
3081
3409
3222
3302
2981
3235
3464
3214
3514
3316
3310
3088
3423
3220
3271
3139
3010
3196
3622
3497
3248
3309
3433
3502
3228
3174
3858
3140
3235
3114
3111
3509
3541
3277
3775
3284
3414
3567
3015
3347
3399
3293
3182
3242
3237
3352
3243
3230
3184
3299
3576
3191
3266
3475
3074
3414
3206
3556
3331
3799
3504
3396
3324
3283
3561
3407
10340
3362
3540
3494
3361
3354
3424
3320
3330
3273
3256
3291
3241
3347
3365
3313
3267
3493
3343
3218
3144
3232
3228
3081
3162
3287
3290
3412
3424
3272
3331
3463
3315
3235
3191
3209
3311
3277
3276
3334
3024
3426
3378
3232
3248
3169
3166
3255
3268
3391
3394
3240
3153
3341
3631
3259
3179
3270
3389
3357
3436
3310
3034
3280
3735
3681
3348
3335
3218
3309
3426
3682
3263
3598
3388
3115
3326
3488
3430
3336
3199
3279
3481
3581
3174
3331
3553
3072
3161
3716
3083
3462
3410
3130
3293
3148
3662
3348
3334
3361
3220
3053
3333
3361
3292
3330
3606
3134
3235
3417
3370
3312
3702
3356
3205
3225
3083
3692
3323
3475
3437
3238
3335
3171
3494
3244
3294
3402
3404
3221
3125
3258
3342
3263
3465
3390
2999
3492
3218
3476
3162
3485
3247
3235
3323
4206
3213
3481
3063
3254
3165
3387
3273
3512
3295
3275
3261
3090
3792
3276
3224
3417
3373
3454
3423
3262
3147
3361
3277
3410
3242
3413
3445
3407
3334
3285
3333
3452
3246
3382
3163
3221
3577
3314
3459
3163
3517
3173
3479
3166
3305
3342
3050
3314
3220
3261
3173
3652
3393
3247
3457
3456
3211
3390
3396
3719
3496
3347
3475
3470
3302
3552
3228
3120
3317
3285
3288
3370
3365
3111
3540
3461
3365
3477
3217
3635
3176
3392
3230
3223
3224
3383
3091
3052
3237
3248
3550
3281
3442
3372
3332
3418
3244
3366
3321
3395
3303
3144
3473
3360
3109
3359
3430
3222
3241
3470
3394
3106
3370
3315
3338
3237
3233
3386
3580
3271
3501
3204
3406
3606
3289
3348
3232
3086
3222
3375
3341
3292
3298
3457
3510
3523
3611
3299
3212
3479
3408
3340
3253
3352
3354
3332
3299
3401
3413
3297
3279
3361
3625
3430
3621
3290
3369
3390
3406
3214
3351
3607
3362
3213
3231
3198
3475
3326
3315
3375
3145
3172
3200
3733
3355
3101
3196
3435
3230
3332
3297
3443
3384
3119
3229
3433
3252
3079
3528
3446
3223
3366
3291
5094
3346
3490
3239
3386
3501
3224
3370
3302
3358
3259
3296
3368
3888
3330
3197
3488
3296
3439
3160
3234
3377
3469
3373
3196
3382
3269
3389
3389
3383
3530
3367
3249
3346
3333
3272
3593
3407
3396
3157
3342
3173
3253
3359
3329
3124
3249
3509
