3458
3459
3381
3464
3365
3457
3282
3407
3484
3397
3429
3326
3382
3349
3448
3231
3359
3408
3398
3479
3469
3434
3496
3360
3362
3412
3353
3342
3281
3475
3443
3404
3391
3412
3529
3495
3303
3443
3386
3353
3498
3442
3418
3369
3432
3419
3564
3490
3497
3491
3423
3453
3364
3342
3306
3466
3493
3207
3510
3310
3391
3312
3340
3364
3527
3391
3426
3428
3399
3401
3472
3450
3509
3383
3461
3326
3428
3348
3439
3459
3450
3433
3237
3426
3335
3409
3379
3542
3468
3449
3379
3478
3109
3358
3367
3444
3290
3477
3466
3347
3465
3457
3398
3392
3390
3365
3461
3396
3442
3303
3411
3434
3421
3448
3552
3498
3416
3448
3415
3401
3395
3482
3475
2386
3351
3434
3362
3317
3317
3557
3490
3489
3232
3395
3445
3459
3470
3390
3383
3412
3478
3442
3351
3217
3375
3378
3433
3420
3335
3335
3255
3310
3267
3418
3463
3356
3404
3337
3470
3439
3493
3421
3493
3510
3308
3492
3366
3322
3164
3435
3445
3414
3391
3441
3388
3337
3362
3448
3436
3383
2585
3466
3425
3532
3448
3361
3396
3489
3426
3412
3429
3433
3382
3335
3350
3411
3443
3363
3464
3381
3387
3379
3480
3330
3399
3158
3506
3360
3467
3392
3396
3398
3416
3187
3533
3262
3341
3405
3183
3430
3409
3369
3463
3402
3410
2608
3374
3341
3493
3364
3257
3454
3364
3401
3454
3396
3414
3382
3397
3422
3363
3451
3420
3288
3461
3360
3511
3453
3337
3411
3380
3540
3364
3433
3403
3436
3337
3257
3443
3411
3477
3503
3505
3517
3323
3127
3480
3452
3441
3391
3353
3499
3407
3446
3442
3475
3340
3515
3451
3433
3429
3369
3462
3379
3401
3458
3311
3496
3442
3479
3315
3346
3398
3328
3305
3381
3462
3321
3325
3410
3375
3349
3432
3443
3337
3375
3332
3317
6621
3349
3394
3333
3351
3502
3456
3429
3455
3481
3542
3434
3419
3355
3451
3294
3404
3464
3465
3490
3509
3477
3379
3294
3511
3427
3344
3390
3280
3388
3408
3393
3380
3544
3404
3491
3342
3399
3450
3224
3463
3267
3455
3456
3446
3422
3432
3402
3300
3360
3401
3336
3398
3336
3349
3450
3390
3362
3368
3484
3450
3433
3438
3437
3476
3496
3179
3463
3450
3386
3379
3425
3373
1071
3404
3351
3337
3502
3518
3474
3474
3398
3462
3433
3435
3441
3492
3523
3402
3344
3453
3448
3366
3363
3310
3476
3290
3365
3459
3445
3265
3424
3352
3311
3415
3601
3362
3390
3418
3418
3459
3345
3510
3334
3411
3332
3442
3454
3516
3430
3427
3398
3444
3220
3449
3314
3525
3454
3425
3401
3473
3431
3393
3528
3336
3351
3396
3359
3334
3381
3415
3327
3521
3405
3424
3452
3451
3497
3425
3488
3345
3360
3343
3378
3551
3373
3341
3361
3333
3263
3443
3428
3533
3356
3437
3465
3399
3384
3427
3466
3376
3349
3450
3430
3413
3415
3460
3394
3495
3382
3424
3439
3364
3465
3462
3368
3506
3464
3356
3445
3472
3494
3342
3408
3324
3173
3353
3462
3429
3450
3437
3552
3301
3376
3447
3420
3406
3324
3489
3292
3403
3384
3452
3406
3309
3431
3458
3542
3089
3443
3401
3258
3459
3471
3470
3519
3424
3228
3538
3461
3281
3507
3405
3306
3589
3406
3460
3313
3406
3468
3362
3384
3508
3411
3401
3461
3394
3487
3439
3295
3415
3520
3504
3379
3475
3438
3361
3405
3364
3385
3459
3435
3465
3455
3408
3397
3362
3407
3545
3293
3286
3297
3402
3449
3425
3480
3503
3451
3191
3528
3284
3371
3484
3484
3464
3484
3439
3392
3530
3488
3495
3383
3402
3402
3427
3290
3396
3459
3422
3347
3427
3462
3441
3294
3411
3394
3305
3462
3398
3418
3557
3366
3272
3371
3511
3546
3446
3468
3383
3398
3393
3499
3428
3431
3385
3312
3516
3358
3379
3489
3390
3389
3377
3307
3432
3386
3425
3400
3385
3351
3400
3266
3345
3504
3352
3416
3467
3461
3345
3406
3463
3366
3447
3390
3421
3396
3442
3362
3465
3224
3264
3463
3097
3404
3374
3302
3460
3428
3334
3474
3465
3398
3485
3377
3354
3441
3440
3458
3379
3465
3388
3464
3470
3344
3421
3466
3442
3482
3307
3367
3383
3374
3407
3440
3364
3509
3357
3296
3309
3254
3469
3484
3358
3474
3321
3378
3497
3447
3430
3435
3515
3366
2646
3502
3448
3474
3440
3423
3472
3404
3369
3406
3450
3472
3461
3606
3217
3464
3394
3248
3465
3379
3496
3430
3520
3361
3385
3404
3429
3509
3470
3368
3470
3498
3370
3410
3409
3307
3276
3396
3492
3388
3501
3495
3463
3327
3278
3427
3363
3464
