3673
3570
3491
3566
3882
3795
3678
3655
3645
3551
3384
3524
3539
3713
3606
3550
3304
3626
3709
3977
3605
3651
3697
3588
3516
3740
3502
3632
3420
3576
3686
3508
3748
3671
3618
3621
3620
3597
3626
3787
3647
3694
3544
3572
3555
3600
4087
3565
3742
3554
3800
3622
3974
3409
3630
3398
3551
3651
3518
3547
3615
3415
3354
3825
3624
3616
3598
3630
3606
3655
3595
3708
3739
3458
3710
3416
3580
3293
3472
3475
3564
3636
3696
3588
3342
3391
3557
3622
3578
3613
3534
3554
4418
3521
3513
3499
3333
3544
3555
3618
3707
3668
3632
3438
3437
2980
3601
3539
3646
3457
3601
3624
3806
3655
3616
3582
3578
3610
3634
3490
3691
3687
3498
3520
3274
3384
3515
3235
3574
3546
3669
3551
3008
3626
3521
3621
3670
3410
3599
3446
3645
3633
3663
3720
3453
4471
3574
3507
3548
3578
3541
3496
3373
3652
3613
3566
3722
3634
3709
3093
3542
3614
3564
3664
3536
3646
3660
3549
3610
3583
3625
3582
3578
3784
3746
4334
3482
3513
3478
3538
3560
3602
3570
3769
3728
3561
3854
3730
3636
3577
3725
3998
3985
3613
3553
3620
3685
3584
3556
3500
3612
3764
3219
3664
3640
3652
3677
3486
3627
3552
3481
3579
3585
3500
3527
3030
2887
3715
3428
3558
3586
3704
3673
3479
3573
3090
3466
3225
3620
3603
3581
3693
3611
3645
3584
3519
3579
3431
3623
3424
3672
3653
3522
3469
3434
2891
3571
3471
3411
3421
3501
4066
3516
3558
3599
3540
3546
3568
3468
3508
3681
3600
3711
3635
3676
3600
3484
3587
3575
3654
3546
3542
3481
3586
3694
3581
3393
3558
3522
3577
3468
3697
3627
3040
3646
3473
3567
3721
3684
3620
3478
3081
3644
3565
3676
3317
3188
3920
3595
3722
3796
3642
3578
3581
4065
3735
3408
3645
12442
3667
3450
2691
3464
3583
3617
3578
3628
3645
3575
3340
3630
3517
3481
3549
3604
3572
3570
3538
3631
3511
3466
3125
3588
3717
3754
3474
3571
3652
3607
3659
3416
3767
3439
3583
3565
3082
3601
3620
3501
3680
3669
3745
3652
2896
3680
3596
3591
3440
3528
3517
3700
3540
3515
3491
3630
3672
3458
3622
3611
3582
3640
3578
3688
3480
3658
3616
3589
3557
3600
3696
3571
4244
3572
3808
3566
3542
3743
3699
3616
3793
3361
3499
3664
3467
3694
3623
3623
3477
3497
3657
3505
3399
3468
3614
3406
3555
3675
3544
3604
3633
3524
3488
3583
3556
3588
3509
3512
3618
3613
2953
3526
3435
3684
3445
3531
3551
3551
3628
3597
3393
3551
3481
3599
3556
3671
3690
3556
3508
3637
3736
3654
3652
3473
3071
3671
3508
3868
3551
3596
3422
3606
3640
3895
3606
3706
3606
3552
3606
3387
3670
3604
2902
3664
3715
3597
3717
3527
3367
3456
3430
3866
3439
3680
3598
3408
3514
3586
3576
3595
3536
3590
3732
3106
3556
3501
3659
3452
3688
3543
3592
3658
3586
3770
3618
3731
3613
3371
3622
3570
3386
3447
3656
3442
3634
3447
3721
3616
3571
3617
3663
3347
3394
3703
3571
3625
3623
3632
3067
3722
3504
3640
3530
3726
3555
3702
3554
3522
3593
3595
2685
3509
3607
3607
3497
3707
3562
3698
3535
3455
3831
3479
3187
3622
3571
3583
3590
3622
3609
3597
3563
3643
3565
3599
3714
3688
3491
3527
3586
3642
3663
3546
3581
3626
3677
3543
3559
3530
3653
3446
3583
3611
3621
3559
3366
3691
3587
3579
3013
3647
3597
3506
3564
3666
3552
3556
3554
3954
3716
3588
3541
3656
3460
3647
3606
3582
3528
3640
3590
3589
3611
3596
3680
3668
3536
3587
3639
3733
3611
3631
3611
3622
3507
3602
3515
2709
3551
3466
3634
3650
3616
3515
3525
3574
3594
3639
3549
3732
3480
3585
3674
3363
3433
3674
3612
3693
3570
3623
3572
3477
3704
3612
3508
3578
3413
3592
3451
3639
3559
3392
3675
3664
3457
3592
3601
3395
3438
3474
3605
3624
3391
3630
3677
3659
3746
3591
3514
3679
3554
3553
3633
2930
3641
3500
3554
3628
3598
3741
3731
3682
3625
3654
3698
3630
3561
3666
3700
3479
3686
3723
3688
3681
3602
3569
3633
3674
3743
3609
3450
3486
3021
3704
3744
3688
3596
3723
3465
3561
3626
3623
3638
3373
3681
3388
3548
3615
3755
3511
3535
3634
3564
3603
3641
3617
3440
3630
3640
3605
3481
3618
3618
3714
3770
3533
3702
3750
3614
3644
3630
3717
3444
3563
3634
3760
3598
3472
3647
3472
3523
3617
3604
3648
3701
3557
3736
3557
3431
3879
3557
3474
3405
3521
3602
3482
3596
3580
3536
3529
3660
