-174
-264
-239
-197
-49
-264
-279
-46
-133
-243
-286
-63
-262
-199
-189
-213
-285
-201
-294
-135
-225
-319
-533
-215
-270
-163
-117
-205
-193
-239
-299
-228
-231
-243
-223
-72
-193
-49
-134
311
-165
-140
-244
-182
-141
-244
-237
-83
-117
-249
-186
-188
-326
-174
-305
-151
-238
-248
-166
-249
131
-238
-220
-122
-190
-152
-321
-115
-114
-323
-126
-123
-245
-242
-141
-420
-244
108
-217
-172
-194
-259
-101
-116
-304
-193
-170
-249
-44
-251
-209
-232
-233
-190
-280
105
-208
-251
-226
-226
-204
-295
-222
-102
-264
-230
83
-232
-159
-110
-95
-194
-179
-220
-205
-154
-215
-178
-184
-309
-266
-236
-259
-127
-219
10
-206
-227
-186
-237
-286
-256
-197
-267
-72
-208
-242
-123
-266
-155
-117
-94
-162
-646
-245
-216
-146
-316
-43
-89
-219
-201
-152
-82
-146
-269
-269
221
-346
-171
-389
-207
-223
-207
-202
-190
-241
-221
-191
-198
-248
-310
-251
-241
180
-22
-156
141
-274
-190
-243
-313
-246
-176
-218
-206
-149
-295
-90
-180
-235
-84
-392
-177
-273
-213
-157
-309
-164
-210
-282
-62
-260
-252
-286
-277
-219
-208
-224
-230
-119
-197
-277
-143
-325
-236
-149
-262
-115
-252
-218
-222
-267
-244
-195
-256
-218
-115
-245
-249
-155
-229
-228
-203
-117
-77
-288
-95
-219
-270
-205
1219
-168
-255
-246
-138
-264
-369
25
-216
-15
-249
-197
-197
-290
-244
473
-227
-364
-175
-202
-193
-5
-321
-207
-248
-248
-165
-235
-203
-125
-367
-247
-201
-283
-154
-315
-177
-278
-249
-214
-191
-67
-215
-268
-165
-273
-242
-190
-264
-293
-315
-210
-266
-164
-304
-250
-245
-192
-245
-252
-152
-224
-211
459
-246
-189
-197
-212
-219
-274
-277
-385
156
-215
-240
-91
-204
-210
-301
-330
-208
-267
-260
-242
-205
-219
-214
-123
-208
-208
-429
-260
-245
-194
-262
-168
-162
-217
-244
-208
-252
-186
-3
-221
-272
-245
-161
-249
-203
-210
-210
-226
-259
-194
-296
-343
-284
-69
-228
-239
-263
38
-261
-299
-234
-273
-291
-341
-222
-103
-196
-79
-183
-262
-237
-78
-62
-256
-181
-156
-236
-135
-218
-153
-32
-186
-215
-196
-208
-123
-212
-145
-189
-246
-132
-251
-233
-81
-148
27
-269
-278
-254
-155
-223
-19
-178
-207
-50
-242
-193
-226
-117
-307
-168
-175
-205
-194
-227
-262
-201
-203
-288
-193
-270
-73
-268
-219
-119
-209
-252
-290
-193
-261
-203
-272
-152
-189
-196
-233
-219
-211
-204
-583
-243
-274
-322
-215
-203
-219
-351
-187
-229
-261
-249
-281
-72
-171
-207
-251
-267
-105
-230
-236
-382
-290
-60
493
-160
-288
251
-210
-159
-330
-124
-171
-304
-258
-145
-172
-223
-308
-355
-211
-169
-311
-145
-230
-89
-79
-368
-223
-283
-211
-325
-156
-148
36
-201
-212
-212
-155
44
-306
-227
-197
-197
-170
-305
-225
-200
-249
-187
-10
-244
-212
-217
102
-173
-268
-223
-149
-185
-205
-229
-174
-333
-236
-263
1
-152
-228
-198
-150
-243
-290
-204
-284
-220
-270
-253
-308
-235
-126
-282
-73
-365
-244
-286
-443
-269
-216
-252
-92
-212
-201
-235
-121
-292
-263
-216
-251
-126
-194
-234
-125
-204
-162
-174
-217
-216
-4
-231
-208
-257
-255
-155
-135
-198
-288
-288
-95
-253
-197
-255
-148
-215
-201
-249
-115
-174
-199
-61
-281
-284
-229
-298
-104
-254
-287
-598
-357
-157
-240
-195
-360
-288
-132
5
-242
-211
-223
-70
-252
-247
-232
-238
-377
-247
-23
158
-117
-94
-122
-5
-252
-243
-208
-214
-131
-165
-227
-218
-297
-216
-150
-250
-177
-161
-252
-263
-261
-260
12
54
-274
-285
-84
127
-204
-201
-105
-212
-141
-245
-106
49
-122
-26
-246
-220
-275
-276
-232
-258
-258
-376
-73
-242
-377
-182
-281
-185
-251
-207
-175
-231
-183
-328
-222
-167
-205
-218
-218
-178
-165
-278
-240
-177
-293
-150
-198
-431
-172
-34
-174
-204
-116
-189
-152
-212
-266
-239
-268
-273
-176
-308
-204
-98
-294
571
-285
-140
-293
-185
-85
-85
-509
-127
-242
-203
-297
-268
-259
-192
-248
-142
-186
-147
-75
381
-254
-347
-224
-331
-108
-269
-246
-143
-203
-288
-193
-128
-238
-354
-216
-280
-270
-268
-114
-189
-175
-242
-210
-115
-145
-126
-215
-153
-215
-131
-163
-232
-235
-195
-202
-245
-77
-230
-171
-156
-177
-359
-212
18
-175
-59
-257
-170
-186
-186
-208
-265
-157
-93
-29
-156
-56
-280
-313
-133
-143
-394
-260
-249
-156
-203
-265
-229
-112
-177
-194
-248
-225
-57
-151
-156
-232
-229
0
-169
-258
-273
-238
-42
-347
-358
-259
-188
-205
-304
-269
-489
-237
-193
-236
-228
-150
-288
-329
-663
-252
-292
-149
-237
-259
-404
-163
-234
-450
-214
-107
-205
470
-234
-233
-359
-242
-271
-246
-270
-234
-309
-170
-172
-185
-163
-210
-241
-200
346
-338
-161
-147
-159
-339
-285
-221
-293
-89
-272
-260
-146
-280
-88
-356
-307
-187
-239
-100
-214
-45
-286
-245
-212
-266
-87
-341
-165
-219
-161
-226
-173
-248
-307
-201
-239
-280
-326
-366
-182
-176
-142
-297
-198
-159
-214
-162
-267
-177
-187
-128
-111
-260
-184
-258
-212
-199
-239
-224
-232
-192
-54
-176
-216
-163
-175
-250
-193
-240
-232
-210
-216
-225
-291
-238
-151
-198
-256
-242
-733
-185
-240
-254
-289
-238
-186
-235
-102
-292
-278
-207
-220
65
-265
-225
-298
-187
-251
-493
-304
-385
-192
-149
-157
-185
-207
-165
-164
-191
-216
-199
14
-119
-198
-70
-199
-59
-317
-347
-139
-290
-251
-121
-167
-82
-251
-236
-199
-195
-237
-220
-215
-231
-305
-326
-298
-48
-284
-231
-217
-120
-139
-234
-220
-278
-112
-247
-215
-164
-147
-228
-246
-248
-290
-195
-243
-274
-282
-281
-154
-265
-35
-194
-143
-202
-120
-304
-293
-220
-223
-80
-233
-247
-232
-177
-344
-254
-316
-194
-209
-88
86
-208
-286
-196
-294
-309
-229
-269
-154
-193
179
-214
-250
-222
-273
-302
-188
-178
-251
-162
-330
-247
-184
-203
-200
123
-214
-229
-98
-572
-160
59
-78
-84
-196
-281
-186
-235
-261
-131
-208
-298
-132
-256
-185
-274
-88
-170
215
-168
-208
-255
-112
78
19
-281
-239
-292
-195
-245
-297
-189
-306
-144
-208
-281
-192
-235
-214
-151
-289
-338
136
-258
-6
176
-152
-16
-219
-253
-130
-311
-362
-260
-276
-195
47
-122
-208
-184
-245
-215
-112
-266
-279
-291
-184
-105
-260
79
-256
-188
-220
-190
-201
-130
-262
-8
-313
-320
-202
-163
-157
-153
-210
-256
-230
-214
-310
-101
-218
-225
-239
-179
-286
-402
-123
1060
-262
-284
-349
-174
-171
-282
-104
-159
-207
-301
38
-196
-265
-212
-188
-383
-115
-42
-169
-334
-182
-87
-296
-265
-198
-186
-532
-214
-209
-357
-206
-271
-246
-184
-299
-189
-208
-167
-160
-48
-261
-282
180
-227
-224
-273
-315
-162
-253
-296
45
-282
-255
-292
83
-208
-246
-339
-160
-227
-138
-321
-103
-456
-165
-181
-190
-242
-303
-191
-247
-224
-168
-207
-320
-173
-171
-249
-232
-269
791
-187
-203
512
-311
-188
-272
-142
-256
-222
-201
-231
-290
20
-167
-140
-182
-258
-117
-274
-90
-246
-80
-279
-205
-256
-110
-291
-302
-340
-231
394
-282
-6
-150
129
-142
-200
-269
-174
-151
-285
-183
39
-226
-143
-273
-151
-254
-285
-180
-300
-178
-222
-27
-200
-244
-237
-48
-184
-241
-274
-160
-244
-181
-269
-228
-120
-165
-332
-226
-227
-214
-213
-261
-188
-166
-229
-215
-254
-356
-246
-262
-208
-267
-216
-293
-226
-233
-317
-242
68
-248
-233
-219
-129
-258
-103
-368
-211
-215
-224
-236
-140
-175
-226
-62
-152
-224
-212
-109
-300
-153
-291
-185
-194
-297
-229
-229
-260
-227
-226
-224
-124
-114
-200
-246
-313
-216
-220
-292
-296
-290
-243
-235
-252
-250
-150
-160
-222
-75
-205
-233
-223
-37
-137
-184
-254
-155
-245
-277
-317
-318
-191
-282
-281
-320
-91
-175
-240
-196
-300
-236
-276
-250
-230
-323
-253
-215
-342
-178
-225
-237
-220
-209
-67
-246
-40
-275
-197
-221
-261
-154
-480
-221
-393
-278
-221
-252
-160
-225
-39
-219
-314
-321
30
-346
-84
-261
-98
-247
-250
-295
-230
-239
-344
-99
-358
-202
-211
-239
-317
-268
-157
-213
-274
-44
-80
-236
471
24
-270
-260
-286
-176
-227
-295
-305
-191
-242
-109
-146
-162
-213
-213
-214
-275
-190
-157
-37
-180
-313
-324
-102
-157
-292
-5
-151
-218
-213
-292
-199
-179
-195
-77
-298
-132
-279
-194
-229
-225
-296
-251
-175
-256
-128
-91
-175
-195
-167
-231
-247
-205
-324
-186
-187
-253
-327
-290
-124
-223
-107
-175
-216
-199
-240
-276
-175
-223
-485
-191
-218
-209
-286
-148
-165
-232
-189
-164
-175
-255
-286
-272
-234
-256
-15
-244
-298
-172
-288
-224
-142
-166
-270
-222
-275
-192
-271
-188
-193
-301
-115
-197
-278
-293
-71
-32
-340
-280
-319
0
-180
-262
-495
-252
-169
-215
-299
-232
-44
-246
-288
-296
-132
-80
-286
-114
-266
-218
-264
-127
-195
-220
-145
-247
-342
-276
-269
-230
-126
-196
1033
-223
-180
-241
-146
-334
-136
1012
-167
-198
-211
-164
-108
-199
-627
-240
-207
-128
-215
-259
277
-219
65
-291
-85
-349
-146
-161
-229
-253
-333
-466
-309
-149
-422
-31
59
-139
-277
-305
-262
-268
-243
-224
-216
-314
-142
-178
-291
-146
-23
-179
-249
-278
-80
-250
-202
-225
-256
-209
-195
-227
-475
-156
-228
-293
-125
-194
-183
-218
-105
-250
-266
-258
-327
-247
-247
8
-230
-216
33
-297
-237
-204
-171
-300
-198
-279
-46
-258
-304
-203
99
-164
-209
-238
42
-216
-259
-322
-220
-223
-117
-128
-196
-248
-275
-303
-213
-216
-207
156
-307
-332
-183
71
51
-322
-239
-207
-203
-352
-284
-278
-172
-175
-173
-272
-180
-115
-179
-308
-223
-62
-253
-189
-245
-244
-186
-203
-139
-282
-233
-298
-150
-231
-180
-157
-31
-167
-61
-275
-311
-72
-214
-34
-218
-81
-182
-218
-68
-139
-264
-159
-269
-281
-174
-240
-233
-162
-219
-283
-230
-265
-166
-165
-310
-411
-160
-254
-227
-185
-256
-257
-204
-196
-100
-280
-82
-132
-156
-91
-255
-167
-246
-397
-9
-162
-202
-229
-102
-360
-262
-286
-289
-257
-557
-212
-183
-224
-145
-227
-243
-243
-299
-224
-264
-188
-174
-196
-206
-343
-224
-349
-199
-198
-210
-147
-264
-226
-206
-115
-177
-305
-221
-215
-195
-286
-185
-209
-125
-128
-179
-240
-107
-229
-239
-236
-178
-225
-267
-180
-187
-357
-221
-220
-298
-231
-91
-246
-172
-110
-266
-306
-259
-263
-226
-195
-245
-279
-238
-197
-205
-247
-242
167
-223
-144
-340
-192
-243
-205
-233
-283
-245
-243
-235
-208
-214
-177
-109
-172
-241
-155
-21
-252
-312
-25
-138
-234
-245
-144
-222
-255
-177
-192
287
-230
-206
-184
-165
-141
-181
-260
-160
-296
-187
-211
-190
-276
-111
-239
-263
-238
-278
-111
-161
-216
-251
-151
-326
-178
-118
-225
-195
-234
-120
-227
-148
-285
-245
-306
-266
-302
-187
-134
-281
-133
-242
-167
-193
740
33
-169
-289
-172
-199
-295
-161
-298
-272
-151
-220
-152
-141
-274
-210
-55
-232
-208
-230
-248
-173
-143
-258
-495
-211
-249
-148
-223
-305
-227
-182
-208
-162
-355
-299
-212
-203
-284
-402
-272
10
-206
-168
-543
-222
-239
-24
-261
-170
-200
-206
-261
1253
-22
-196
-151
-206
-255
-209
-192
74
-219
-164
-177
3
-79
-236
-101
-291
-243
-210
-213
-84
-182
-292
-104
-228
-213
-108
-26
-225
-71
-241
-107
-217
-164
-251
-2
-281
-139
-249
-200
-328
-197
64
620
-64
48
-225
-35
-232
-150
-241
-207
-235
-183
-227
-161
-281
-194
-232
-275
-169
-285
-249
-238
-296
-259
-322
-179
-208
-112
-229
-215
-252
-109
-240
-220
-238
-178
-171
-265
46
-183
-49
-278
-130
-268
-169
-178
-252
-142
-58
-221
-161
-150
-103
-203
-235
-304
-221
-222
-186
926
-448
71
880
-319
-194
-163
-229
-162
-267
-222
-224
-174
-202
-149
-240
-290
-365
29
-242
-138
-259
-269
-234
-223
-251
-162
-113
-340
-347
-247
-282
-265
-206
-164
-252
-253
-208
-221
-300
-167
-160
-312
-210
-287
-56
-231
-239
-253
-201
-309
-189
-168
-223
-125
-287
-105
-363
-222
-222
-312
-167
-289
-240
-172
-327
-247
-249
-282
-343
-276
-123
-293
-285
-241
-138
-147
-264
-306
-340
-245
-112
-145
-203
-218
-238
-119
-219
-74
-98
-134
-310
-187
-269
-178
-200
-268
-321
-272
-291
-239
-1
-205
140
-157
-255
-429
-213
-114
-233
-250
-73
-284
-60
-187
126
-205
-323
-230
-272
-313
-189
-314
-12
-296
-198
-183
-240
-328
-190
-216
-286
-201
-117
-264
-240
-202
-292
565
-169
-463
-229
-108
-201
-317
-191
-186
-326
-145
-352
-352
-285
-266
-113
-180
-180
-141
-389
-250
-265
-127
-283
-178
-209
-151
-201
-171
71
-202
-187
-142
-214
-201
-215
-357
-231
-192
-170
-286
-183
-199
-185
-222
-264
61
-337
7
-105
-231
546
-210
-149
-221
-12
-178
-260
-141
-123
-84
-207
-202
-210
26
-231
-240
-158
121
-203
-235
-224
-133
-274
-342
-285
-306
-152
-280
-259
-23
-170
-318
-174
50
15
-245
-251
-181
-269
229
-225
-233
-267
-155
-134
-226
-200
-63
-344
-232
-68
-237
-237
-229
-236
-248
-174
-155
-252
-241
-239
-121
-268
-228
-236
-154
-217
-267
-163
-205
-255
21
-252
-127
-133
-133
-168
-231
-174
-175
-201
-185
2
-254
-275
-198
-120
-214
-215
-227
-116
-247
-150
-190
-305
-93
-328
-223
-211
-9
-243
-258
-190
-219
-204
-281
-344
-182
-267
-215
343
-312
-186
-186
-128
-131
-282
-156
-120
-223
-160
-261
-223
-265
-218
-208
-171
-198
-115
-327
-258
-229
-54
-180
-348
-196
-266
-241
-229
-204
-255
-60
-308
-255
-272
-267
-234
-162
-304
-217
-35
-162
-192
-209
-185
-201
-287
-314
-168
-164
-226
-254
-176
-41
385
-277
-262
-281
-102
-268
-203
-221
-277
-86
-158
-291
-114
-288
-129
-134
-306
-167
-243
-247
-272
-176
-290
-134
-26
-117
-273
-225
-171
-61
-230
-339
-114
-247
-144
-411
-231
-298
-224
-156
-230
-241
-25
-188
-306
-257
-117
-205
-198
-288
-205
-289
-266
-198
-239
-255
-201
-81
-292
-206
-209
-265
-177
-181
-92
-213
-247
-23
-175
-209
-219
-166
-179
-188
-622
-231
-175
-185
-198
-236
-200
-189
-334
-280
-275
-172
-202
-162
-214
-100
-216
-183
-243
-225
-251
127
-304
-196
-116
-173
-270
-231
-14
-223
-359
-129
-265
-195
-211
-97
-77
-215
-258
-15
-254
-235
-183
-187
-194
-212
-268
-203
-231
-320
-333
332
-142
6
-218
-215
-257
-256
-220
-229
-264
-518
-130
-230
-214
-177
-195
-156
-618
-426
-103
-31
-238
-306
-211
-219
-190
-206
-97
-279
-250
-85
-223
-295
-186
-216
-228
286
-284
-166
323
-35
-220
-226
-270
-245
-324
-225
-205
-239
-236
-197
-193
-201
-238
-293
-209
-251
-319
-244
-283
-286
-226
-271
-223
-225
-218
-266
-157
-212
-161
-247
-201
-316
-237
-236
-189
-184
-166
-280
518
-177
-116
-267
-163
-362
-197
-65
-252
352
-101
-176
-205
-182
-301
-304
26
-327
-161
-181
-233
-223
-242
-260
-310
-178
-184
-199
-226
16
-146
-279
-88
-202
-192
-241
-209
-189
-308
-198
-299
519
-223
-270
-83
-68
-194
-163
62
-148
-131
-241
-232
-187
-187
-250
-91
-228
-132
-33
-197
-39
-227
-213
-228
-376
-241
-193
-196
-87
-181
-193
-204
-188
-242
-191
-217
-146
-477
-219
-29
-194
-242
-36
-79
-289
-220
-264
-353
-196
93
-202
-301
-349
176
-241
-161
-256
-462
-255
-298
-297
-236
-219
-154
-177
-215
-328
-245
8
100
-38
-236
-342
-211
-236
-189
-207
-243
-235
-169
-113
-237
-132
-271
-249
-259
-246
561
-44
-271
-231
-254
-290
-132
-666
-222
-288
43
-297
-200
-145
-146
-272
-239
-328
-180
-168
-250
-239
-230
-342
-292
-257
-261
-227
-203
-191
-240
-204
-194
-255
73
-187
-286
-190
-159
-194
-227
-355
-239
-117
-225
-140
-262
-166
-234
-290
-302
-295
-188
-295
-276
-143
-256
-99
-245
-213
-113
-192
-331
-116
-165
-117
-264
-194
-220
-216
-208
-263
-266
-147
-271
-167
-192
142
-38
-186
-208
-338
-156
-158
-142
-201
-200
-8
-229
-244
-181
-259
-267
-205
-191
-261
-265
938
-253
-227
-178
-164
-198
-299
-313
-216
-195
-228
-256
-171
-257
-11
-225
-224
-339
-222
-309
-500
-184
-263
-231
-216
221
-176
-411
-218
-278
-286
-71
-240
-180
-174
-188
-205
-242
-173
-210
-253
-251
-264
-188
-196
-214
-261
-253
-125
810
-175
-208
-247
209
-231
-65
-68
-272
-193
-49
-219
-224
-199
-230
-220
-24
-190
-264
-260
-261
-191
-274
-223
-304
-250
-253
-207
-205
-184
-89
-270
-280
-207
-205
-98
-172
-101
-316
-310
-202
-223
-288
-259
-270
-253
-214
-129
-97
-411
-99
-276
-134
-192
-274
-127
-126
-265
-118
-169
-266
-273
-99
-216
-293
-146
-257
-251
-204
-138
-200
-198
359
-258
-299
-153
-146
-195
-199
-540
-236
-291
-185
-235
-278
-209
-258
-257
-228
187
-169
-277
-122
-274
-148
-323
-268
-184
-328
-153
-183
-137
-137
-352
-211
-169
-317
-235
-267
-223
-243
-340
-146
-202
-326
-127
-355
-339
-299
-172
-242
-244
-216
-209
