-201
-124
-109
-176
-200
-150
-155
-157
-135
-114
-315
-172
-143
-187
-373
-90
-62
-132
-105
-146
-133
-134
-195
-178
-174
-108
-240
-75
-120
-117
-192
-230
-194
-233
-160
-95
-229
-182
-157
-177
-174
-54
-115
-254
-258
-102
-162
-47
-120
-223
-207
-164
-207
-138
-121
-201
-232
-152
-166
-210
-104
-212
-255
-143
-161
-135
-87
-30
-110
-121
-147
-134
-101
-187
-273
-228
-51
-220
-90
-191
-204
-135
-81
-465
-36
-134
-292
-206
-215
-258
-56
-8
-193
347
-148
-149
-166
-271
29
-202
-159
33
-182
-149
-144
-220
-206
-184
-108
-196
-199
-183
-41
-331
-177
-181
-190
177
-148
-235
-152
-151
-187
-130
-175
-228
-223
-92
-189
-370
-164
-165
-228
-212
-169
-130
-163
2
-267
-286
-115
-162
269
-216
141
-47
-113
-254
-244
-136
-85
-69
-210
-288
-186
-112
-159
-84
-216
-131
-138
-172
-147
12
-111
-90
-215
-158
-150
-15
-284
-271
-106
-164
-140
-57
-148
-213
-215
-281
-152
-105
-15
-210
-113
-85
-177
-151
-136
-39
-117
-563
-134
-159
-222
-74
-89
-207
-89
-122
-89
-158
21
-178
-118
-572
652
-125
-184
-149
-122
-206
-278
-195
-181
-160
-166
-875
108
-213
-192
-106
-138
-117
-192
-182
-198
-234
-151
-133
-225
-129
-77
-109
-99
-414
145
-174
-156
-117
-733
-244
-131
-21
-83
-193
-192
-281
-220
-165
-115
-189
-128
-148
25
-170
-143
-221
16
-139
-407
-163
-151
-192
-203
-109
-289
-87
-229
-79
-281
-227
-133
-205
-130
-124
-189
-255
-174
-127
-152
-26
-218
82
-249
-192
-145
-175
-222
-204
-157
-139
-153
-160
-250
-76
-224
-84
-224
-170
-175
-258
-114
-123
-174
-114
-163
-222
-164
-165
-167
-209
-174
-164
-124
-187
-191
-71
-169
-259
-157
-140
-84
-188
-188
-118
-156
-266
-149
-233
-155
-140
-291
-178
-158
-213
-62
-208
-145
-176
-146
-102
-432
-171
1049
-118
-108
43
-201
-165
-176
-112
-151
-237
-146
-114
-136
-241
-193
574
-149
-242
-213
97
-176
-102
-119
-140
-200
-222
-130
-156
-51
-205
-184
-161
-93
-32
-65
-149
-256
-164
-150
-31
-235
-177
159
-102
-130
-141
-179
-20
-97
-183
-126
-166
-213
-124
-173
-156
-189
-109
-162
-163
-133
-133
-151
-235
-213
149
-201
-247
-185
-148
-198
-220
-84
-169
-144
-63
-178
-171
-79
-138
-14
-278
-234
182
-92
-142
-81
-109
-139
-240
-191
-132
-187
-200
-198
-207
-166
-172
-176
-172
-176
-114
-284
-197
-197
-69
-174
-141
-95
-202
-147
-340
-138
-126
-171
-145
-223
-201
-191
-50
-155
-117
-110
-156
-785
-115
-143
-202
-112
-19
-108
-106
-159
-245
-233
-111
-219
-151
-208
-164
-132
-115
-191
-155
-168
-196
-91
-115
-146
-179
-72
-161
-109
-117
-149
548
-269
-142
-235
-170
-118
-137
-262
-218
-119
-150
-446
-77
-207
-82
-145
-185
-154
-189
-133
-98
-313
-122
-131
-217
-120
-101
-188
-84
-162
-172
-175
-159
-69
-194
-196
-35
-219
-193
-174
-171
-203
-368
-226
147
-232
-160
-154
-44
-178
-42
-185
-219
-147
-102
-176
-193
-179
-110
-551
-31
-168
-126
16
-232
-170
-168
-233
-138
-149
-113
-124
-185
-66
-167
-173
-150
-185
-126
-144
-109
-234
-196
-54
-142
-176
-97
-105
-116
-190
-178
317
-166
-191
-480
-105
-117
-156
-127
-152
169
-160
-211
-328
-180
-272
-166
-248
-185
-183
-190
-102
-232
-157
-138
-150
-148
-132
-120
-213
-262
-127
-157
-145
-179
-278
-42
-127
-279
-196
-59
-148
-127
-188
-172
-144
-150
-160
-116
184
-175
-183
-226
-115
-149
-244
-198
-61
-243
-179
-178
-141
-130
-148
-106
-390
-135
-56
-212
-154
-341
-171
-74
-196
-245
-149
-93
-214
-223
-164
-229
-155
-222
-171
-244
-124
24
-273
-187
-112
-190
-138
-98
-108
-191
-174
-161
-125
-192
-238
-181
-182
-117
-87
-117
-125
-187
-160
-219
-133
-171
-130
-230
34
-264
-180
-166
-150
1138
8
-182
-52
-84
-202
-92
-273
-181
-183
-156
-204
-196
-217
-165
-177
-256
-5
-54
-95
-107
-170
-164
-140
-132
-121
-171
-198
-133
-275
-160
-170
-132
-145
-118
-73
-211
-195
-249
-202
-191
-127
-32
-114
-193
-75
-54
-162
-147
311
-161
-141
-279
-260
-195
-248
-217
-11
-53
-86
-163
-294
-110
-171
-153
-210
-184
-156
-260
-527
-61
-153
-2
-130
-131
-11
-249
-249
-212
-135
-123
-128
-96
-131
-200
307
-196
-179
-183
-246
-136
-184
-108
-166
-187
-91
-189
-178
-178
-64
-223
-234
-160
-130
-138
-172
246
-34
-199
-474
-227
-175
-824
-212
-176
-148
-56
54
-234
-174
-190
-20
-112
-94
-266
-191
-181
-204
-136
-92
-204
-510
-160
-141
-204
-105
-102
-215
68
-145
-103
-194
-112
-215
-180
-20
-250
-197
-152
-208
-201
-759
-169
-138
-447
289
-200
-110
-169
-170
-188
-285
-175
-10
-181
-197
-144
-125
-131
-199
-273
-125
-196
-21
-223
-233
-217
-185
-111
-264
-126
-138
-241
-86
-336
-212
-192
-172
-117
-110
-181
-227
-163
-153
-193
-167
-89
-135
-211
-212
-210
-214
-191
-90
-197
-192
-201
-213
-217
-179
-96
-105
-228
-232
-29
-236
-166
-198
-222
-95
-162
-188
-245
-167
-206
-92
-286
-115
-200
-175
-69
-166
-138
209
-140
-152
-80
-189
-157
-382
-176
-103
-71
-473
-200
-199
-163
-126
-191
-45
-190
-214
-82
-130
-124
-192
-241
-125
-30
-179
-231
-232
-156
-120
-170
-219
-123
-102
-210
-136
-150
-799
-172
-221
-150
-70
-191
-183
-200
-125
-181
-190
-126
-184
-228
-180
-212
-145
-160
-164
-126
-176
-164
-87
-113
-166
-273
-239
-180
-121
-83
-65
-250
-48
-181
-159
-136
-261
-257
-190
-146
-136
-108
-140
-252
-220
-78
-132
-141
-91
-76
-164
-144
-237
-192
-130
-207
-189
-84
-242
-167
242
-103
-190
-225
-146
-156
-323
-173
-118
-101
-165
-220
-220
-205
-211
-281
-133
-164
-154
-125
-244
-119
-138
-151
-188
-33
-176
-124
-191
-194
-457
-104
-132
-186
-180
-257
-103
-202
-115
-175
-173
-236
-258
-197
-250
-47
-255
-104
-27
-134
-146
-212
-216
-148
-168
-154
-192
-162
-148
-160
-190
-20
-131
-191
-193
-79
-143
-223
-125
-303
-187
-174
-261
-216
-45
-188
-65
-66
-441
-141
-163
-130
-172
-44
-211
-82
-141
-110
-224
-120
-192
-133
-123
-164
-243
-256
-199
-100
-12
-510
-107
-67
-401
-156
-223
-115
-145
-147
-255
-11
-118
-198
-275
-237
-128
-197
-224
-185
-157
-71
-134
-213
-153
-35
-163
-175
-185
-84
-154
-244
-169
-145
-229
-121
-120
-226
-224
-202
0
-191
-111
-146
157
-170
-183
-152
-82
-52
-173
-173
-150
-203
-191
-299
-200
-172
592
-121
-210
-424
-153
-57
-207
-228
-182
-133
-129
436
-13
-125
-247
-162
-131
-122
-109
-157
-175
-116
-123
-181
-315
-136
-228
-317
-116
-110
-125
-37
-185
-198
-100
-124
-211
-59
-300
-131
-359
-197
-176
-133
-102
-147
-142
-118
-170
-130
-215
-124
-170
-141
-197
-187
82
-206
-264
-162
-181
-165
-127
-98
-123
-160
-159
-257
-487
-197
-73
-111
-176
-201
-198
-73
-68
-264
-156
-115
-83
447
-183
-200
-142
-116
-43
-158
-209
-94
-341
-85
-102
-166
-159
-281
-256
-196
-167
-328
-136
-159
-230
-98
-193
-220
-272
-151
-132
-69
-149
-170
-209
-221
-189
-125
-225
-229
-136
-116
-138
386
-151
-111
-217
-80
123
-157
-255
-159
-129
-165
-110
-187
27
-106
177
-159
-193
-153
-153
-138
-234
-130
-338
78
-145
-191
-310
-160
-142
-147
-166
-235
-239
-187
-250
-183
-138
-93
-209
-223
-182
-155
111
-206
-177
-103
-149
-229
-336
-153
-90
-253
-221
-126
-171
-208
-162
-135
-77
-178
-182
-203
-167
-165
-123
-92
-193
-294
-115
-166
-281
137
-155
-173
-150
-195
-130
-101
-205
-209
-268
-184
-20
-205
-149
-92
-217
-78
-54
-140
-164
-154
-208
-29
-172
-181
538
-170
-160
-81
-108
-79
-107
-180
-491
-216
-131
-132
-177
-182
-178
-104
-363
-178
-134
-197
-220
-215
-256
-173
-157
-174
-183
-118
-231
-197
-341
-234
-105
-157
-190
-126
-215
-12
-302
-31
-211
-206
-208
-80
-199
-158
-104
-157
-388
-56
-165
-187
-58
-159
-135
-396
-200
-120
-190
-106
-68
-131
-137
-120
-88
-236
-253
-204
-253
-189
-177
-240
-249
-137
-154
-134
-86
-239
-101
-494
-249
-222
-214
-173
-76
-115
-240
-100
-82
-189
-58
-244
-169
-118
-262
-127
-294
-228
-265
-104
-110
-214
-187
-192
-153
-79
-97
-111
-202
-171
-250
-189
-213
-152
-165
-144
-237
-101
-159
-152
-209
-83
-67
-117
-102
-103
-185
-90
-141
-253
-198
-195
-110
-226
-159
-86
-135
5
-285
-142
-124
-205
-133
-200
-181
-124
39
-142
-145
-158
-162
-143
-157
-127
-168
-170
-138
-200
-38
-50
-117
-221
-167
-172
-190
-142
-211
-216
-202
-158
-170
-204
-172
-199
-167
-140
-158
-192
-142
-6
-180
-103
-257
-147
-163
-129
-24
-147
-228
-278
-218
-185
-216
-153
-195
-256
-132
-142
-47
-166
-165
-190
-76
-181
-194
-155
-206
-232
-149
-133
-100
-219
-266
-217
-71
-179
-222
-255
61
-155
-208
-37
-90
-73
-181
-258
-115
-198
-90
-146
-151
-214
-163
-129
-254
-149
-63
-187
-150
-183
-123
-145
-189
-143
-170
-99
-151
-187
-116
-48
-166
-172
-188
-325
-400
-163
-241
-92
-91
-231
-77
-178
-189
-190
-220
-444
-96
-172
-228
-228
-73
152
-220
-137
-129
-90
-192
-81
-157
-52
-138
-149
-248
-269
-176
57
-198
-61
202
392
-148
-169
-94
-143
-198
-142
-117
-143
-202
-73
-159
-180
-93
-166
-239
-133
-237
-190
-395
-72
225
-138
-224
-135
-252
-119
-46
-159
-151
122
-107
-85
-98
-163
-299
-202
-162
-232
-225
-127
-153
-219
-134
-124
-138
-112
-121
472
-104
-202
-168
-59
-143
-426
-142
-205
-157
-172
-253
-234
-128
-178
-125
-209
-119
-268
-159
-164
-174
26
-194
-210
-82
-159
-253
-171
-290
-274
-107
-118
-202
-150
-121
-194
-146
-207
-80
-190
-199
-197
-113
-192
-174
-197
-203
20
-15
-24
-223
-132
-207
-118
-160
-169
-150
-261
-295
-172
-156
-150
-195
-55
-201
-237
-108
-138
-177
-139
-146
-154
-189
-233
3
-203
-169
-90
-171
-119
-186
-195
-121
-163
-160
-180
348
-215
-86
-129
-248
78
-144
-185
-192
-165
-223
-25
-212
-272
-180
-161
-41
-154
-141
-319
-102
-200
-151
-36
-179
-250
-117
-221
-5
-143
-128
-164
-149
-171
-207
-141
-126
-157
-119
-172
-174
-143
-214
-200
-72
-163
-184
-172
-129
-111
-178
-231
-116
-159
-115
-123
-145
-146
-376
-259
-199
-146
-77
-143
-191
-115
-180
-156
-162
-75
-144
-133
-214
-180
-212
-182
-150
-208
-101
-172
-95
-204
-130
-229
-123
-173
46
-186
-244
-195
-123
99
-207
-185
-101
-182
-61
-168
-118
-125
-161
-115
-164
-151
-199
-88
-277
-173
-103
-79
-148
-192
-181
-149
-141
-218
-115
-160
-163
-226
-184
-25
-81
-103
-11
-332
-109
-81
-262
-118
-107
-227
-230
-170
-76
-152
-54
-127
-234
-104
-115
-418
-139
28
-115
-53
-41
-172
-277
-185
-170
-210
-112
-179
-103
-204
-61
-130
-112
150
-152
-146
-129
-259
-235
-177
-111
-234
-202
-253
-118
-179
-224
-94
-145
-129
-111
-224
-123
-188
-149
-188
-51
-165
-716
-121
-390
-120
-75
-128
-183
-259
-204
-82
-226
-238
-200
-134
-161
-104
-53
-154
-322
-199
-243
-169
-163
-211
-73
-127
43
-212
-62
-85
-45
-204
-215
-96
-84
-169
-192
-119
-194
-242
-163
-121
-236
-228
-218
-194
-161
-239
-210
-128
-166
-131
-127
-150
-142
-367
-194
38
-219
-193
-121
-221
-41
-197
-60
-196
-136
-132
-184
-202
-145
-274
-39
-172
-108
-278
-141
-100
-139
-180
-155
-374
-31
-130
-161
-106
-99
-146
-152
-223
-212
-125
-141
-175
-255
-249
-164
-96
-284
-322
-573
-245
-136
-208
-221
-136
-52
-141
-48
-279
-88
-132
-96
-193
-164
-78
-162
-152
238
-156
-11
-129
-113
-194
298
154
-177
-167
-176
-176
256
-109
-163
-77
-158
-128
-91
-133
-82
-153
-41
-227
-217
-149
-151
-184
-132
20
-149
-159
-168
-66
-245
-211
-161
-135
-225
-93
-68
-261
-188
-212
-142
-80
-116
-152
-171
-88
2
-164
-152
-99
-131
-165
-259
-159
-213
-175
-24
-199
-275
-232
15
-188
-146
-68
-406
-127
-129
-101
-225
1155
-151
-190
-252
-218
-80
-169
-182
-132
-35
119
-172
-175
-123
-117
-118
-333
-98
-154
-201
-249
-154
-99
-119
-204
-218
-229
-256
-201
-232
-188
-117
-209
-248
-172
-279
-54
-223
-101
-99
-230
-146
-121
-203
-156
-297
-185
-208
-233
-271
-130
-211
-194
-98
-27
-110
-78
-141
-101
-199
-121
-58
-188
-211
-125
-741
-190
-151
-167
-211
-66
-180
-139
-205
-171
-168
-176
-213
-194
-104
-465
34
-143
-229
-76
-251
-238
-196
-155
-224
-125
-99
-241
-194
-216
-191
-165
-161
-169
-154
-115
-35
-187
-188
-188
-179
-115
-39
-170
-142
-155
-204
-85
66
-115
-238
-231
-133
-328
-199
-86
-182
-132
83
-155
-330
-114
-78
-85
-233
-142
-122
-166
-164
-253
-198
-145
-225
-220
-243
-65
-170
-211
46
-151
-146
-612
-180
-224
-219
-162
-111
-206
-130
-178
-314
-172
-196
-284
-114
-225
-147
-192
-161
-77
-153
-51
-174
-156
-198
-224
-44
-281
-179
-158
-102
-300
-199
-72
-32
-174
-212
-170
-281
-48
-137
-76
-139
65
-160
-146
-168
-146
-130
-130
-227
-205
-196
-241
-151
-209
-170
-177
-171
-214
-146
-162
-80
-203
-617
-153
-150
-164
-69
-74
11
-133
-106
-256
-231
-163
-97
-273
-291
-72
-149
-155
-199
-138
-154
-64
-121
-201
-147
-146
-33
-93
-45
-161
-235
-120
-202
-164
-226
-140
-220
-159
-182
-233
-217
-161
-52
32
1
-187
-105
-153
-105
-214
-168
-115
-48
-67
-195
-111
-175
-161
-135
-190
-491
-156
-91
-230
-238
-220
-119
-221
222
-190
-151
-148
-169
-226
-151
-191
-77
-158
-105
-138
-231
-197
-182
-189
-203
-126
-105
-178
-190
-143
-200
-184
-205
-82
-206
28
-154
-183
-210
-161
-201
-162
-227
-12
-186
-98
-160
-167
-161
-204
-148
-227
-236
-142
-241
-256
-219
-199
-120
-167
-179
-208
-206
-222
-183
-182
-550
-170
-286
-117
-134
-163
-23
-96
2
-224
-200
-241
-84
-162
-191
-208
-6
-163
-193
-194
-140
-93
-166
108
-159
-213
-232
-256
-165
-169
21
-151
161
-187
-101
-136
-135
-147
-183
-204
-174
-176
-88
-96
-73
-158
-261
-138
-110
-132
-100
-160
-521
-127
-127
-215
-154
-145
-147
-213
-153
-153
-143
-218
-164
-247
-183
-151
-169
-183
19
-209
-91
-116
-147
-92
-91
-182
-195
-92
-221
-238
-181
-196
-119
-239
-121
-196
-212
-135
-231
-153
-19
-707
-188
-109
-103
-99
-124
-103
-223
-155
-213
-159
-152
-101
-75
138
-126
-103
-106
-339
-204
-186
-206
101
-179
-238
-124
-203
-220
-159
-184
-134
-102
-181
-161
-202
-219
-165
-138
-155
-10
-199
-178
-153
107
-390
-596
-267
-158
-181
-171
-231
-142
-107
-157
-87
-281
-22
-160
-385
-176
-204
-44
-135
-172
-272
-144
-213
-132
-176
-11
-189
-220
-228
-214
-53
-182
-164
-209
-217
-178
-174
-218
-182
-201
-245
-167
-117
-193
-206
-122
-178
18
-244
-143
-147
-49
-170
-270
-170
283
-214
-5
-141
-193
-336
256
-274
-223
-217
-126
-161
-210
-149
-177
-232
-204
-225
-171
-195
-201
-90
-222
-192
-145
-137
-213
-68
-100
-163
-143
-123
-209
-78
-179
-161
-132
-103
-101
-106
-56
-167
-225
-182
-195
-92
-169
-318
-597
-212
-184
-153
-232
-198
-118
-176
-55
-153
-128
-253
-210
-21
-185
-183
-165
-77
-152
-156
-180
-109
-230
-158
-110
56
-155
-196
-139
-99
-191
-128
-167
-120
-184
-221
-129
-201
-107
-209
-164
-146
-199
-134
64
-157
-102
-116
-184
-147
-46
-136
-176
-131
-119
-527
-125
-95
-148
-54
-204
-182
-178
-151
-181
-189
-172
-117
-113
-220
-145
-19
-54
-43
-52
-83
-94
146
-169
-118
-161
-211
-104
-188
-142
-42
-180
-23
-146
-480
-179
-120
-178
-155
-89
-263
-278
-175
-168
-132
-160
-161
-195
-173
-72
-108
-170
-148
-173
-214
227
-249
-174
69
-199
-189
-228
-180
-131
-224
-92
-87
-156
-190
-214
-212
-220
-160
-117
-230
-125
-142
-127
-93
-145
-153
-129
-149
-168
-196
-188
-138
-153
107
-170
-198
-61
-72
23
-33
-102
-156
-191
-61
-218
-57
-138
-260
-179
-200
-105
-88
-208
-164
-195
-251
-212
-186
-216
-209
-117
-132
-128
-202
-94
-155
-146
-187
-126
-128
-147
-115
-139
-210
-156
-182
-167
-136
-90
-166
-232
-193
-203
-209
-121
-155
-89
-206
-349
-203
285
-219
-128
-190
-127
-157
-321
-187
-26
-210
-176
-211
-96
-99
-213
-192
-273
-138
-187
-152
-583
-261
-155
-167
-203
-685
-115
-206
-147
-85
-337
-216
-254
-140
-240
-177
-199
208
10
-80
-222
-174
-183
-168
-205
-182
-128
-142
-131
-158
-162
-72
-151
-270
-52
-61
-204
-98
-204
-120
-175
-215
32
-125
-211
-209
-225
-151
-283
-188
-154
-195
87
-153
-203
-152
-165
-109
-105
-134
-108
-42
-463
-237
-94
-250
