3486
3282
3507
3322
3467
3375
3501
3483
3468
3540
3379
3522
3449
3326
3389
3716
3546
3432
3369
3523
3438
3446
3380
3406
3384
3468
3499
3297
3470
3424
3615
3283
3446
3508
3482
3422
3558
3394
3376
3411
3433
3423
3360
3583
3431
3445
4605
3479
3324
3392
3658
3454
3521
3505
3476
3522
3347
3466
3306
3408
3446
3542
3410
3522
3553
3607
3439
3334
3657
3645
3355
3405
3462
3473
3393
3607
3522
3548
3399
3456
3423
3395
3539
3448
3345
3369
3431
3353
3322
3688
3590
3424
3520
3460
3470
3497
3500
3552
3541
3571
3409
3564
3394
3476
3539
3381
3347
3426
3445
3949
3576
3442
3355
3335
3377
3360
3485
3381
3463
3337
3520
3679
3370
5288
3386
3401
3555
3480
3445
3462
3466
3309
3287
3493
3462
3595
3494
3478
3560
3443
3431
3404
4215
3807
3601
3405
3484
3678
3455
3447
3422
3571
3570
3464
3304
3438
3517
3422
3359
3272
3417
3389
3342
3443
3556
3503
3446
3649
3502
3534
3344
3532
3399
3461
3482
3443
3461
3457
3376
3550
4847
3488
3390
3471
3478
3413
3546
3453
3374
3464
3532
3504
3478
3527
3445
3537
3494
3527
3541
3415
3515
3291
3423
3502
3536
5296
3318
3357
3510
3597
3404
3362
3479
3584
3452
3417
3454
3431
3382
3434
3522
3445
3380
3471
3376
4499
3397
3502
3386
4488
3546
3476
3534
3459
3457
3527
3395
3329
3534
3499
3435
3443
3482
3734
3535
3350
3376
3464
3466
3288
3502
3491
3302
3424
3446
3417
3338
3438
3429
3470
3523
3405
3439
3549
3480
3536
3623
3481
3567
3607
3514
3473
3491
3903
3499
3489
3485
3452
3424
3408
3374
3542
3404
3393
3548
3497
3519
3845
3435
3418
3324
3469
3362
3533
3537
3493
3380
3353
3473
3428
3400
3433
3509
3366
3165
3404
3457
3393
6596
3403
3567
3567
3526
3440
3425
3278
3207
3369
3572
3431
3525
3462
3476
3532
3524
3401
3380
3865
3442
3397
3478
3527
3359
3509
3827
3533
3511
3400
3523
3537
3403
2983
3472
3365
3460
3535
3502
3521
3280
3573
3442
3407
3692
3416
3507
3541
3468
3527
3404
3330
3867
3493
3486
3459
3480
3375
3537
3658
3529
3373
3652
3500
3431
3474
3843
3501
3462
3416
3443
3482
3482
2865
3527
3554
3675
3497
3537
3521
3509
3606
3428
3419
3368
3530
3401
3228
3445
3513
3402
3484
3425
3455
3523
3395
3427
3603
3339
3438
3543
3517
3480
3515
3559
3353
3482
3424
3414
3502
3502
3519
3421
3465
3669
3394
3466
3517
3423
3268
3299
3475
3603
3606
3500
3499
3434
3307
3463
3377
3348
3475
3519
3573
3463
3411
3337
3702
3390
3476
3551
3394
3409
3605
3665
3498
3406
3436
3375
3422
3562
3465
3496
3293
3419
3564
3621
3360
3580
3618
3326
3526
4356
3324
3572
3511
3370
3437
3359
3325
3548
3546
3500
3478
3342
3424
3440
3493
3590
3651
3419
3442
3445
3516
3548
3417
3498
3426
3418
3447
3479
3431
3671
3627
3415
3551
3468
3642
3396
3394
3495
3560
3518
3350
3582
3403
3708
3521
3504
3356
3468
3295
3576
3469
3464
3501
3462
3431
4436
3392
3533
3389
3436
3374
3495
3518
3540
3852
3444
3430
3447
2901
3425
3442
3643
3547
3608
3533
3481
3401
3532
3490
3331
3541
3537
3485
3391
3521
3194
3580
3525
3513
3442
3403
3337
3481
3428
3523
3453
3568
3296
3524
3475
3303
3499
3444
3376
3414
3356
3534
3500
3499
3391
3559
3456
3527
3420
3457
3587
3368
3681
3278
3350
3349
3463
3563
3467
3418
3506
3441
3519
3390
3364
3440
3401
3566
3384
3571
3475
3478
3628
3359
3455
3456
3505
3467
3410
3433
3453
3498
3492
3561
3653
3452
3446
3471
3482
3424
3513
3438
3383
3430
3500
3407
3562
3494
3442
3449
3480
3460
3440
3518
3427
3591
3482
3481
3432
3648
3475
3687
3593
3636
3475
3526
3459
3341
3487
3543
3553
3612
3494
3534
3472
3533
3364
3601
3509
3451
3482
3871
3535
3527
3764
3409
3451
3465
3493
3569
3405
3388
3329
3465
3491
3447
3373
3649
3414
3593
3394
3461
3540
3565
3435
3443
3431
3425
3415
3429
3527
3445
3454
3530
3521
3510
3597
3405
3517
3387
3508
3629
3472
3487
3361
3349
3565
3566
3471
3567
3662
3398
3442
3488
6296
3506
3504
3501
3450
3440
3436
3633
3563
3475
3353
3440
3499
2697
3501
3492
3487
3509
3400
3465
3509
3480
3458
3578
3536
3463
3409
3442
3460
3517
3688
3313
4351
3515
3434
3430
3980
3347
3542
3533
3273
3206
3389
3469
3496
3419
3430
3449
