-237
-199
-255
-267
-132
-303
-215
-244
-275
-265
39
-203
-306
-223
-34
-61
-191
-175
-254
-231
-231
-199
-160
-276
-272
-313
-244
-267
-212
-212
-185
284
-188
-280
-293
-205
-180
-223
-178
-240
-300
-208
-155
515
-421
-310
46
-276
-131
-228
-266
-99
-246
-256
-220
-285
-210
-295
-219
-99
-321
-222
-241
-188
-95
-258
-255
-273
-184
-236
-294
-219
-241
-5
-292
-251
-255
-302
-297
-166
674
-192
-237
-230
-228
-243
-241
-203
-300
-228
-161
-175
533
-225
-199
-246
-216
-289
-216
-197
-326
-176
-249
-222
-187
-182
-147
-183
-228
-189
-305
-284
-120
-263
-224
61
-281
-284
-337
-230
-200
-133
-305
-209
-267
-249
-286
-225
-295
-231
-299
-158
-243
-245
-166
-201
-163
-264
-223
-229
-194
-166
-253
-223
-175
-162
-164
-614
-242
-199
-205
-189
-175
-86
42
-245
-276
-199
-78
-259
-280
-230
-232
-220
496
-257
-201
-164
-270
-160
-247
-78
-256
-167
-178
-133
-259
-77
-245
-314
-214
-182
-185
-310
-122
-227
-237
-155
-236
-250
-277
-269
-309
-154
-254
-247
-222
-211
-153
-265
-120
-247
-260
-190
-228
410
-329
-259
-290
-255
-230
-236
-273
-241
-219
-300
-325
-210
47
-203
-218
-211
-322
-225
-328
-202
-221
-259
-312
-235
-260
-221
-590
-183
-350
-236
-90
-203
-309
-237
-300
-130
-269
-272
-150
-194
-184
-185
-239
-160
-261
-219
-176
-160
-205
-272
-237
-268
-286
-247
-391
-234
-253
-204
-297
-216
-321
-360
607
-219
-240
-326
-279
-309
-296
-206
-278
-303
-80
-305
-273
-188
-179
-360
-256
-303
-313
-135
-303
-275
-232
-277
-353
-312
-192
-243
-294
-328
-151
-236
-256
-321
-170
-222
-271
-271
-201
-259
-306
-207
-166
-250
-153
-279
-210
-263
-253
-146
-39
-257
-242
-276
-190
-202
-30
-290
-253
-328
-305
-280
-254
-246
-258
-249
-299
-237
-234
-228
-231
-236
-260
-237
27
-315
-305
-239
-286
-110
-184
-247
-229
-141
-184
-266
-264
598
-239
-215
-176
-257
-126
-263
-256
-283
-237
-234
-210
-169
-288
-232
-230
-157
-235
-268
-164
-311
-196
-87
-240
-235
-100
-180
-359
-280
-371
-283
-260
-271
-341
-231
-277
501
-227
-207
-218
-232
-114
-234
-412
-69
-264
-236
-90
-318
-286
-277
-289
-289
-281
-192
-227
-207
-268
-111
-234
-177
-233
-215
-222
-167
-167
-114
-186
-245
-302
-335
-271
-219
-229
-154
-283
-289
-204
-256
-274
-90
-160
-285
-227
-196
-359
-343
-243
-298
-254
-136
-251
-170
-237
-204
-239
-125
-216
-219
-314
-313
-187
-254
-164
-355
-184
-227
-193
-289
-212
-301
-60
-267
-193
-199
-224
-219
-215
-210
-303
-248
-185
-266
-152
-254
-183
-271
-201
-146
-264
-295
-342
-250
-225
-197
-228
-284
-115
-275
-258
-264
-228
-197
-228
-262
-30
-280
-235
-62
-116
-211
-265
-273
-339
-353
-177
-311
-254
-249
-271
-274
-201
-240
-194
-212
-243
-198
-243
-149
-230
-124
-295
-199
-235
-153
-151
-216
-362
-222
-225
-158
-337
-216
-213
-285
-150
-178
-305
-228
-261
-218
-174
-314
-198
-227
-495
-225
-290
-240
-170
-283
-125
-262
-252
-193
-294
-184
-218
-287
-246
-192
-508
-234
-259
-321
-299
-95
-166
-227
-227
-170
-254
-48
-194
-294
-276
-225
-138
-248
-161
-218
-231
-259
-299
-180
-145
-293
-216
-323
-91
-300
-200
-194
-225
16
-68
-232
-403
-244
-171
-165
-304
-369
-283
-58
-183
-231
-172
-196
-355
-197
-204
-206
-251
-114
-305
-284
-319
-166
-279
-283
-237
-221
-234
-285
-228
-103
-214
-194
-295
-204
559
-180
-246
-71
-205
-326
-301
-266
-242
-173
-140
-127
-176
-218
-253
-199
-203
-257
-263
-229
-280
-308
-273
-235
-166
-257
-182
-221
-207
-195
-351
-194
-118
-270
-256
-326
-174
-97
-256
-214
-255
-191
-257
-324
-290
-199
-194
-352
-66
-147
-277
-251
-78
-215
-190
-325
-273
-189
-202
-327
-306
-297
-307
-316
-85
-318
-280
-179
-222
-197
-224
-315
-243
-185
-312
-174
-238
-190
-210
-209
-206
-151
-342
-269
-300
-216
-294
-150
-77
-136
-218
-263
-208
-229
-200
-175
-224
-201
-214
-236
-272
-232
-226
-267
-230
-326
-206
-60
-276
-191
-266
-225
-274
-290
-270
-213
-216
-199
-270
-174
-336
-227
-196
-214
-236
-251
-205
-226
69
-181
-212
-447
-219
-190
-259
-319
-196
-250
-238
-263
-227
-153
-112
-352
-82
-278
-169
-156
-278
-264
-166
-231
-290
-205
-296
-275
-244
-216
-218
-158
-206
-296
-122
-300
-289
-282
-218
-241
-263
-337
-134
-278
-215
-108
-190
-333
-237
-253
-162
-263
-205
-156
-293
-83
-212
-108
-174
-273
-297
-273
-211
-194
-204
-276
-252
-220
-238
-207
-309
-254
-260
-161
-39
-161
-201
-229
-302
-248
-291
-196
-195
-234
-223
-141
-258
-190
-292
-167
-221
-179
-176
600
-230
-258
-133
-208
-242
-299
-278
-245
-207
-243
-243
-262
-299
-243
-278
-267
-175
-208
-80
-302
-248
-34
-195
-295
-235
-84
-236
-293
-184
-197
-197
-260
-264
-260
-237
-211
-369
-117
-175
-116
-345
-66
-413
-259
-43
-330
-185
-228
-276
-186
-171
-147
-213
-240
-181
-136
-195
-236
-263
-164
-152
-274
-721
64
-235
-273
-222
-229
-269
-250
-169
-286
-223
-253
-260
-260
-168
-251
-165
-180
-300
-191
-266
-237
-62
-138
-225
-112
-279
-271
-123
-78
2
-216
-230
-199
-255
-365
-253
-267
-294
42
-180
-234
-279
-158
-268
-226
-372
-221
-222
-116
-146
-292
-305
-245
-257
-214
-220
-260
-236
-289
-132
-139
-177
-77
-184
-195
-287
-125
-136
-244
-196
-204
-285
-252
-226
-121
-318
-240
-203
-280
-88
-230
-226
-186
-164
-165
-287
-282
-62
-276
-271
-288
-296
-237
-271
-227
-216
-260
-246
-253
-325
-237
-179
-276
-128
-241
-289
-319
-275
-220
-271
-194
-231
-232
-291
-374
-212
-292
-247
-277
-210
-226
-228
-289
-190
-245
-226
-260
-331
-283
-204
-299
-223
-230
-231
-301
-209
-34
-124
-296
-250
-243
-258
-240
-229
-229
-280
-312
-250
-358
-310
-296
-261
-313
-276
-240
-222
-263
-156
-250
-229
-144
-242
-264
-174
-199
-277
-209
-310
-278
-188
-257
-165
-187
-205
-245
-227
-163
-302
-95
-237
-228
-355
-188
-214
-322
-187
-260
-213
-249
-207
-349
-186
536
-183
-270
-270
-239
-301
-215
-343
-226
-238
-278
-180
-233
-211
-153
-296
-146
-324
-173
-207
-257
-239
-166
-228
-118
-286
-306
-156
-260
-343
-250
-253
-141
-275
-255
-151
-198
-264
-209
-195
-226
-241
-303
-250
-251
-243
-195
-204
-95
-268
-137
-247
-241
-246
-207
-237
-75
-253
-184
-221
-315
-281
-173
-204
-259
-120
-140
-206
-114
-266
-227
-220
-196
-216
-239
-222
-248
-173
-267
-225
-208
-238
-198
-272
-288
-262
-342
-296
-253
-193
-103
-229
-253
-238
-246
-129
-235
-193
-211
237
-254
-347
-290
-255
-269
-255
-348
-245
-251
-242
-269
-221
-275
-150
-272
-206
-276
-220
-204
-325
-259
-235
-116
-201
-297
-302
-196
-137
-214
-226
-274
-237
-201
-224
-250
-253
-297
-103
-277
-236
-139
-234
-334
-178
-264
-201
-61
22
-146
-289
-208
-305
-188
-277
-284
-178
-195
-198
-213
-279
-213
-225
-219
-344
-223
-195
-256
-223
-197
-243
-211
-249
-268
-138
-340
-356
-124
-256
-97
-258
-219
-237
-259
-258
-161
-287
-256
-340
-258
-250
-332
-195
-320
-227
-249
-194
-285
-261
362
-184
-228
-254
-158
-100
-269
-249
-229
-223
-212
-287
-190
-223
-207
-235
-199
-194
-260
-245
-223
-265
-205
-229
-239
-95
-316
-235
-261
-268
-160
-317
-263
-138
-313
-253
-107
-255
-183
-302
-219
-222
-157
-168
-219
-254
-336
-266
-252
-122
-189
-49
-153
-235
-272
-237
-335
-216
-218
-228
-62
-319
-267
-355
-84
-233
-83
-291
-245
-287
-245
84
-272
-245
-265
-325
-233
-217
-260
-291
-202
-216
-295
-253
-195
259
-206
-223
-132
-284
-348
-267
-181
-290
-213
-249
-134
-282
-198
-129
30
-293
-222
-336
-283
-179
290
-304
-312
-203
-245
-294
-182
-293
-174
-250
-263
-191
-225
-235
-390
-194
-252
-249
-243
-265
-201
-275
-187
-279
-254
-158
-188
-346
-336
-256
-288
-178
-248
-203
-234
-285
-256
-307
-277
-314
-243
-254
-355
-199
-330
-230
-308
-358
-341
-297
-138
-269
-238
-235
-153
-113
-212
-379
-215
-240
-215
-216
-220
-119
-260
-240
828
-191
-262
-268
-185
-326
-23
-249
-224
-216
-228
-346
-329
-115
-201
-81
-222
-166
-292
-257
-280
-211
-247
-167
-185
-212
-335
-261
-185
-280
-261
-91
-280
-258
-213
-176
-336
-203
-277
-123
-257
-176
-191
-211
-257
-314
-191
-214
-128
-243
-237
-131
-210
-262
-233
-343
-235
-220
-193
-242
-214
-200
-253
-285
-268
-245
-219
-275
-229
-248
-211
-161
-207
-136
-138
-99
-112
-96
-26
-354
-126
-316
-216
-262
-240
-310
-318
-310
-131
-230
-197
-224
-202
-304
-212
-294
-166
-230
-192
-225
-119
-201
-227
-255
-25
385
-248
-168
-281
-173
-125
-414
-342
-317
-238
-223
-238
-281
-188
-218
-199
-106
-250
-25
-205
-294
-186
-316
-177
-200
-250
-199
-219
32
-161
-276
-271
-207
-163
-302
-228
-266
-292
-236
-183
-220
-208
-198
-262
-196
-259
-338
-223
-249
-287
-239
-232
-211
-119
-262
-241
-232
-259
-285
-272
-310
-128
-217
-283
-147
-298
-228
-179
-207
-319
-310
-129
-317
519
-230
-277
-260
-216
-346
-115
-258
-213
291
-279
-297
-263
-216
-310
-283
-151
-217
-170
-352
-265
-221
-228
-233
-13
-242
-255
-160
-218
-225
-280
-211
-309
-188
29
-207
-123
-262
-234
-417
-218
-92
-222
-240
-289
-227
-206
-187
-267
-239
-123
-297
-130
-158
-232
-265
-25
-53
-95
-249
-202
-261
-150
-197
-222
518
-291
-143
-211
-289
-284
-259
-178
-252
-306
-318
-196
-311
-165
-278
-166
-172
-192
-133
-269
-163
-272
-267
-216
-248
-215
-134
-331
-150
-240
-422
-57
-187
-207
-344
-298
-242
-246
-200
-186
-270
-244
-219
-335
-248
-246
-255
-309
-114
-223
-240
-195
-180
-315
-227
-155
-256
-253
-162
-230
-70
-280
-462
-119
-176
-323
-216
-133
-94
-300
-126
-281
-155
-231
-265
-281
-236
-289
-200
-228
-234
-226
-240
-84
-215
-196
-207
-209
-216
-239
-250
-212
-183
-300
-223
-598
-335
-264
-285
-289
-306
-218
-178
-133
-211
-301
-176
-252
-136
-282
-161
-292
-193
-258
-312
-241
-234
-279
-138
-545
-341
-295
-321
-250
-272
-171
-237
-279
-336
-249
-280
-226
-280
-246
-290
-250
-320
-244
-273
-180
-201
-270
-216
-246
-228
-235
-169
-160
-233
-319
-210
478
-279
-259
-342
-193
-156
-222
-282
-164
-337
-346
-203
-504
-323
-253
-198
-412
-237
-319
-248
-235
-265
-231
-152
-298
-300
-196
-240
-196
-241
-269
-248
-568
-292
-305
-269
-242
-89
-219
-258
-275
-205
-203
-193
-327
-195
-313
-228
-314
-165
-132
4
-302
-357
-262
-269
-310
-229
-225
-211
-95
402
-176
-201
-161
-293
-188
-313
-183
-215
-185
-212
-281
-284
-182
-201
-345
-288
-113
-156
-44
-242
-285
-308
-324
-243
-133
-168
-254
-278
-286
-132
-288
-234
-163
-203
-245
-236
-217
-126
-204
-196
-239
-209
-129
-171
-281
-226
-247
-238
-358
-244
-206
-237
-181
-235
-305
-169
-224
-183
-161
-315
-171
-250
-262
-133
-283
-179
-192
-237
-161
-295
-304
-310
-65
-217
-236
-152
-148
-285
-168
-245
-275
-225
-236
-218
-208
-182
-188
-130
34
-191
-201
-278
-315
-156
-197
-255
-329
-299
-59
-210
-209
-62
-218
-189
-262
-79
-268
-244
-90
-211
-222
-228
-73
-291
-204
-322
-269
53
-8
-188
-98
-304
-308
-264
-145
-211
-262
-288
-243
-207
-249
-182
-323
-201
-196
-180
-242
-213
-170
-275
-257
-336
-168
-293
-180
-234
-364
-292
-151
-97
-256
-168
-204
-4
-345
-204
-316
-301
-163
-269
-225
-241
-267
-291
-238
-256
-299
-211
-18
-212
-216
-17
-95
-279
-292
-303
-153
-320
-245
-266
-242
-160
-84
-234
-248
-238
-192
-37
-186
-289
-353
-169
-284
-242
-279
-315
-252
-259
-196
-210
-243
-210
-295
-221
-237
-161
-262
-164
-181
-172
-281
-58
-245
13
-261
-294
-265
-360
-234
-194
-126
-207
-187
-214
-253
-292
-605
-198
-297
-345
-221
-218
-139
-185
-121
-299
-142
-180
-227
-309
-136
-255
-259
-145
-235
-221
-418
-218
-223
-321
-197
-282
-102
-145
-315
-354
-206
-205
-182
-222
-149
-206
-251
-305
-255
-286
-286
-227
-249
-237
-176
-186
-201
-296
-92
-238
-264
-280
188
-309
-271
-289
-229
-328
-306
-296
-256
-303
-204
-217
-272
-221
-297
-234
-41
-184
-244
158
-259
-191
-262
-232
-244
-143
-259
-310
-250
-303
-322
-203
-268
475
-282
-302
-172
-288
-287
-289
-261
-261
-190
-164
-220
-246
-174
-174
-239
-232
-289
-260
-216
-263
317
-239
-8
-251
-216
-286
-224
-219
-282
-245
-276
-205
-516
-235
-123
-241
-211
-200
-240
-167
-236
-224
-255
-119
-286
-275
-194
-271
-318
-187
-149
-335
-301
-208
-269
-207
-191
-182
-212
-176
-151
-217
-228
-264
-271
-315
-327
-134
-257
-233
-281
-207
-271
-297
-243
-438
-261
-257
-147
-246
-209
-331
-322
-272
-294
-278
-245
-273
-183
-150
-238
-234
-245
-275
-67
-250
-260
-188
-219
-246
-265
-207
-202
-300
-246
-445
-307
-298
-238
-276
-52
-247
-150
2
-214
-214
-134
-263
-228
-206
-256
-365
-108
-160
-267
-221
-243
-248
-268
-299
-214
-194
-288
-367
-255
-258
-324
-226
-233
-347
-294
-236
-265
-315
-456
-336
-116
-210
-201
-223
-268
-246
-179
-265
-272
-304
-275
-402
-248
-130
-265
-222
-348
-169
-340
-291
-251
-265
-119
-154
-153
-243
-203
-258
-250
-252
640
-203
-269
-225
-235
-342
-84
-215
-310
77
-202
-153
-158
-236
-296
-276
-286
-200
-345
-247
-145
-236
-145
-244
-316
-260
-267
-215
-296
-257
-237
-207
-307
-290
-264
14
-144
-274
-169
-235
-228
-132
646
-245
-209
-217
-225
-259
-194
-186
-286
-194
-271
-203
-341
-333
-210
-157
-219
-241
-245
-275
-275
-140
-175
-96
-191
-203
-213
-283
-223
-252
-141
-123
-198
-253
-282
-228
-196
-172
-57
-160
-78
-278
-151
-170
-238
-241
-196
-217
-250
-186
-179
-96
-259
-293
-288
-304
-280
-267
-278
-248
-209
-246
-213
-267
-270
-268
-168
-197
-198
-213
-274
-272
-161
-290
-351
-305
-309
-301
-165
-260
-198
-214
-109
-159
-173
-290
-257
-303
-256
-217
-291
-198
-184
-269
-256
-212
-209
-202
-190
-236
-277
-154
-260
-177
-232
-238
-240
-240
-220
-243
-270
-292
-249
-325
-275
-152
-261
-153
-239
-284
-297
-194
-131
-224
-335
-327
-212
-198
-232
-291
-163
-206
-183
-242
-279
-161
-55
-144
-247
-260
-192
-256
-229
-278
-321
-239
-182
-348
-256
296
-212
-312
-306
-225
-200
-249
-298
-300
-279
-169
-229
-231
-184
-217
-282
-266
-281
-231
-185
-312
-236
-281
-189
-214
-218
-269
-38
-193
-60
-184
-260
-268
-127
-264
-200
-337
-238
-314
-280
-303
-132
-94
-312
-194
-209
-249
-192
-9
-292
-309
-131
-288
-302
-319
-274
-316
-188
-249
-270
-289
-272
-231
-220
-178
-307
37
-278
634
-59
-215
-275
-221
-210
-214
-273
-195
-202
-132
-322
-205
-175
-379
-285
-405
-270
-237
-53
-275
-238
-359
-300
-242
-204
-233
-278
-259
-203
-187
-220
-221
-270
-219
-250
-79
-264
-221
-153
-285
-301
-138
-279
-220
-199
-266
-320
-253
-180
-248
-248
-383
-250
-174
-126
-150
-267
-281
-168
-190
-92
-218
-223
-247
-45
-306
-277
-289
-265
-177
-276
-303
-302
-230
-284
-122
-251
-165
-109
-190
-247
-179
-272
-221
-205
-158
-130
-238
-283
-287
-257
-264
-308
-262
-194
-266
-277
-221
-192
-209
-152
-359
-190
-193
-172
-100
-246
59
-224
-236
-169
-228
-195
-227
-181
-53
-109
-452
-300
-251
-29
-120
85
-241
-482
-256
-131
-211
-231
-199
-240
-239
-92
-284
-257
-182
-342
-175
-322
-273
-383
-280
-304
-289
-235
-218
-106
-221
-183
-318
-143
-214
-166
-25
-209
-247
-269
-196
-219
-324
-265
-215
-256
-241
-232
-320
-154
-214
-173
-142
-274
-271
-182
-251
-158
-297
-215
-239
-183
-216
-165
-259
-217
-221
-222
-277
-276
-209
-214
-221
-182
-123
-262
-225
-228
-159
-295
-245
-214
-175
-152
-141
-271
-165
-280
-304
-211
-112
-231
-181
-320
-273
-118
-263
-204
-268
-219
-286
-230
-275
-286
-208
-56
-254
-255
-222
-143
-619
-226
-220
-179
-325
-263
-157
-303
-187
-222
-312
-203
-201
-301
-227
-200
-221
-187
-383
-261
-293
-272
-217
-212
-183
-307
-169
-284
-309
-221
-281
-273
-176
-256
-244
-215
-187
-243
-205
-169
-270
-336
-252
-282
-264
-242
-209
-236
-231
-289
-149
-281
-281
-256
-276
-320
-228
-353
-203
-300
-191
-359
-213
-197
-291
-43
-313
-371
-266
-264
-224
-220
-259
-216
-156
-265
-261
-280
-238
-243
-218
-173
-276
-175
-213
-109
-287
-264
-129
-231
-194
-225
-215
-226
-283
-204
-203
-154
-195
-196
-243
-234
-293
-209
-251
-70
-179
-78
-199
-231
-299
-93
-115
-166
-224
-256
-188
-230
-105
-213
-225
-248
-271
-242
-235
-255
-231
-276
-267
-236
-272
-161
-265
-247
-247
-283
-272
-176
-202
-265
-177
-214
-165
-249
1
-207
-156
-66
-265
-232
-276
-295
-14
-286
-203
-224
-277
-168
