-183
-242
-242
-5
-273
-193
-188
-282
-237
-417
-266
-263
-352
-100
-438
-98
-284
-318
-184
-235
-95
-374
-305
-231
-246
-25
-252
-136
-205
-464
-241
-92
-210
-55
-8
-386
-480
-256
-76
-264
-235
-317
-157
-268
-229
-202
146
-215
-311
-212
-292
-156
-184
-264
-377
-255
-255
-177
-56
796
-176
16
-259
-282
-311
-336
-284
-12
-255
-137
-286
-337
-329
-364
-82
-307
-314
-248
-138
-266
-97
-147
-229
-324
-166
-261
-322
-5
-262
-239
-208
-271
-285
-224
-341
-28
-186
-23
-229
-276
-264
-278
-204
-209
-289
-160
-208
-225
-138
-286
-288
-307
-215
32
-297
-236
-200
-294
-235
-231
-95
-202
-78
-146
-217
-307
-197
-190
-334
-482
-311
-233
-96
-191
-143
-200
-125
-263
-184
-71
-145
-85
-216
-134
-89
-266
-179
-252
31
-233
-189
-145
-279
-86
-24
-173
-380
-84
-179
-104
-5
-197
-336
-58
-309
-192
-378
-229
-143
-321
-266
-377
-256
-188
-256
-36
-225
-294
-483
-202
-281
-64
-181
-221
644
-93
-291
-308
-197
-311
-170
-148
-271
-97
-271
-232
-128
-201
-77
-155
-32
-306
-302
-195
-273
-202
-139
-101
-189
-180
-330
-287
-71
-216
-220
-49
-218
-245
-220
-269
-117
-214
-185
-239
-335
-170
-228
-121
-26
-71
-159
9
-266
-221
-223
-287
-66
-218
-385
-387
-310
-191
-270
-142
-178
-140
-213
-310
-58
-164
-224
-189
-98
-229
-212
-285
-262
304
-308
-123
-157
-277
-193
-193
213
-353
-194
-181
-368
-229
-221
-336
-289
-222
-177
-205
-186
-323
-123
-225
-179
-303
-32
-125
-183
-153
-140
-127
-265
-91
-211
-173
-318
-303
1
-158
-220
-186
-281
-263
-237
-114
-243
-264
-244
-230
-243
-27
-290
-204
-181
-57
-227
-362
-240
-243
-272
-227
13
-176
-225
-213
-111
-180
-244
-207
-157
-328
-200
-150
64
-143
-320
-89
-159
-180
-346
-304
-192
791
-239
-112
-85
-324
-270
-185
-198
-219
-184
-324
-141
-83
-240
-286
-285
-16
-172
-160
-181
-89
-320
-166
-148
-168
-345
-199
-191
-259
-164
-264
-214
-226
-140
-287
-335
-177
-154
-308
-377
-260
-198
1
-110
-206
-258
-300
-311
9
-283
-167
-299
-293
-206
-212
-284
-238
-145
-284
-98
-216
-290
-132
-136
-153
-202
-291
-322
-124
-251
-26
-261
-247
-200
-219
-353
-170
-219
-481
-44
-216
-149
15
-243
-288
-210
-321
-212
-197
-190
-148
-52
-88
-156
-315
-486
-291
-342
-361
-304
-241
-267
-258
-162
-121
-158
-225
56
-224
-210
-394
-213
-124
-96
-278
-221
-142
-133
82
-175
-124
64
-56
-320
-219
-233
-319
-232
-284
-54
39
-275
-251
-283
-284
-183
-63
-315
32
-181
-27
-57
26
-174
-243
-260
-406
-298
-246
-299
-228
-162
-357
-228
-171
-293
-227
-274
-264
-115
-319
-176
-75
-203
-247
-248
-261
-220
-216
-350
-218
-171
-125
-220
-165
-199
-212
-28
-349
-231
-297
-355
-243
-125
-136
-253
-241
-133
-335
-323
-210
-343
-73
-246
-137
-236
-311
-1
-283
-196
-390
-376
-232
-71
-185
-193
-181
-215
70
-226
-268
-11
-92
-315
-267
-202
-278
-162
-100
-186
-295
-291
12
-628
-198
-162
-188
-5
-234
-116
-293
-109
-153
150
-223
-73
-138
-330
-313
-240
-120
-345
-288
-193
-176
-332
-181
-370
-289
-267
-383
-228
-257
-182
-31
-284
-222
-249
179
-193
-395
-286
-113
-239
-214
-135
-225
-293
-289
-409
-59
-275
81
-62
-315
-190
-216
-311
-264
-115
-180
-150
-89
-135
-222
-240
-248
-551
-228
-289
-225
-252
31
-314
-317
-120
-321
-221
-237
-206
-218
-200
-126
-84
-13
-283
-265
-316
-149
70
-56
-377
-93
-228
-237
-85
-375
201
-304
-39
-177
-267
-169
-210
-204
-147
-304
-279
-221
-518
-259
-153
-202
-294
-26
-113
-195
-302
-253
-172
27
-240
-315
-69
-173
-255
-275
-254
-218
-347
-269
-251
-201
-113
-246
-189
-276
-117
-233
-241
675
-123
-246
-241
-154
-226
-236
-160
-308
-132
-343
154
-61
-292
-59
-106
-330
-203
-312
-225
-263
-230
-253
-124
-216
-206
-140
-544
-169
-378
-144
-131
-428
-297
-454
-262
-221
-289
-242
98
-430
-54
-284
-270
-298
-271
-247
451
-834
-257
152
-112
-190
-309
-234
-215
-339
-206
-181
231
-233
-184
-117
-75
-148
-389
-178
-267
-174
-346
-262
-225
-68
0
-290
-148
-229
-197
-298
-126
-218
-203
-100
-199
-267
-402
-260
-238
-173
-221
-469
-120
-298
-41
-212
-253
-213
-171
-203
-220
-60
-250
-168
-266
-222
-410
-182
-7
-367
67
-310
-276
-175
-165
66
-110
-220
-235
-236
-174
-69
-213
-134
-227
-254
-182
-59
-84
-215
-356
-61
-335
-240
-221
-215
-56
-276
-233
-247
-318
-192
-242
-93
-218
-14
-250
-155
-52
-334
-178
-284
-239
-242
-111
-152
-246
-187
-78
-227
-124
-458
16
-306
-191
-88
-248
-190
-174
212
-199
-273
-276
-291
-135
-255
-193
-146
-250
-27
-313
-100
-166
-193
-157
-195
640
-320
-168
-278
-23
-211
-370
10
-242
-149
-134
-213
-177
-250
-261
-238
-192
-202
-277
133
-274
-158
-246
-283
-206
-149
-61
-320
-231
-146
-125
-234
-165
-127
-58
-109
-240
-105
-193
-222
-198
-220
-257
-249
-364
-296
-150
-152
-402
-229
-213
-170
-144
-285
-44
-199
-332
-278
-136
-309
-108
-189
-324
-234
-234
-274
-328
-38
-170
-223
-245
-348
-327
-184
-235
-381
66
-86
-349
-298
-217
-136
-321
-274
-249
-136
-269
-108
-259
-74
-246
-148
-198
-138
-229
-262
-184
-283
-1
720
-75
-283
-242
-236
-176
-247
-511
-148
-309
-149
-164
-118
-177
-175
-74
-243
-337
-117
-232
-144
-149
-241
193
-223
-354
-230
-244
-166
-220
-148
-277
-271
-125
-160
-269
-83
-103
-124
-192
-81
-280
-41
-126
-118
-280
-195
-156
-202
-254
-375
-255
-250
-286
-220
-277
-39
-187
-337
-124
-328
-27
31
104
-24
-187
996
-232
-165
-125
-135
-433
131
-286
-76
-247
-305
-107
-72
-179
-228
-161
-405
-171
-285
-299
-199
-241
-405
-228
-207
-103
-77
-232
-304
-230
-229
-103
-165
-164
-211
-428
-323
-171
-238
-258
-352
-194
-229
-184
-251
-129
-223
-157
-299
-191
-184
-162
-261
-219
-197
-71
-277
-95
-320
-212
-422
-84
46
-246
-106
-196
-125
-228
-155
-332
-87
-148
-88
-392
-37
-153
-154
-221
-207
-113
-117
586
-202
-95
-244
33
164
-271
-280
-303
2
-132
-130
-218
0
-177
-263
-166
-183
34
-267
-260
-145
-223
-173
-230
-248
-237
-326
-251
-235
-266
-197
-112
-78
-383
-507
-107
-77
-231
-205
-188
-172
-238
-171
866
19
-271
-310
-224
-158
-373
-171
-171
-229
-314
-9
-280
-128
-203
-119
-161
-267
-198
-416
-247
-10
-213
-226
-239
-192
-399
-252
-73
-244
-358
-176
-265
-298
-185
-164
-213
-211
-309
-319
-200
0
-243
-492
-296
-35
-89
-259
-122
-141
-401
72
-206
-369
-166
-168
-72
-150
-149
-479
-66
-188
-405
-70
-162
-277
-149
-350
-87
53
-303
-241
-113
-212
-294
-208
-402
-225
-152
-336
-302
-140
-290
-242
-302
-154
-210
-287
-236
-300
-208
-240
-139
-276
-295
-272
-228
1039
-140
-26
-223
-325
-136
-205
-214
-151
-191
-236
-241
-168
-175
-110
-336
-15
-256
-214
-288
-272
-167
-110
834
7
-151
-259
-84
46
-174
-184
-168
-210
-151
-123
-244
-157
-27
-78
-272
-247
-370
-46
-608
-92
-196
-256
-51
-191
-305
-374
-272
-306
-389
-559
-116
-91
-314
462
-60
-187
-75
-192
-155
-256
-285
129
-162
-188
-89
-205
-18
-200
-22
-218
-280
-177
-821
-102
-283
-134
-327
-200
-250
-59
-252
-252
-228
93
-222
-39
-231
-230
-306
-233
-25
-274
-199
-138
-303
-219
-187
-18
-299
-318
-122
-164
-235
-653
-93
-149
-253
-392
-131
-197
-201
-314
-214
-180
-207
-291
-72
-329
-279
-118
-210
-158
-281
-230
-166
-43
-361
-135
-194
-288
-187
-279
-160
-242
-215
-216
-164
-293
-145
13
-170
-160
-158
-305
-15
-239
-303
-306
-256
-156
-191
-18
-42
-345
-96
-153
-176
-133
-80
-232
-273
-165
-231
-244
-240
-36
-469
-82
-591
-236
-268
-28
-179
559
-323
-338
-178
-203
-383
-191
208
-308
-338
-201
-291
185
-320
-231
-230
-212
-141
-300
-51
-113
-259
-257
-257
-258
-102
-194
-288
-326
-188
-316
-266
-157
-309
-239
-114
-230
-303
-336
-153
-173
-287
-138
-245
-282
-266
-260
22
-233
-85
-236
-135
-299
-4
-183
-97
30
-233
-317
-208
21
-191
-240
-182
262
-243
715
-236
-78
-322
-324
-301
-280
-308
-174
-208
-87
-472
-204
-276
-179
-397
-21
-261
-222
-228
-235
-251
-272
-184
-263
205
-216
-290
935
-225
-267
-186
-249
-143
-152
-267
47
-298
-57
312
-93
-230
-71
-79
-224
-240
-326
-316
-61
-682
-250
-209
24
-94
-216
-299
-297
-52
-245
-362
-271
-250
-334
-319
-176
-185
-641
-102
-245
-215
-408
-236
-91
-185
-263
-230
-297
-202
-263
-315
-361
-225
-310
-155
-224
-251
-283
-284
-241
-154
-192
-200
-106
-269
-315
-316
-265
-274
-207
-104
-369
220
-248
-147
-130
-276
-289
-175
-214
-283
-152
-268
-226
-245
-160
-201
-307
-302
-272
-210
-489
12
-147
-187
-201
-217
-138
-199
-158
-194
-322
-184
-176
-296
-315
-180
-156
-320
-456
-98
-49
-348
-367
-197
-174
-309
-121
-302
-116
-235
85
-80
-125
-18
-384
697
-334
-306
-310
89
-234
-278
-189
-251
-272
-223
-257
-161
-319
-406
-181
-138
-246
-275
-254
-190
-29
-388
-220
-176
-307
-150
-284
-235
-174
-187
-378
-169
-250
-142
-237
-191
514
-254
-207
-257
-68
-212
-262
-235
-233
-138
-195
-242
-212
839
-193
-242
-216
-221
-87
-138
-95
-155
-257
-233
-198
70
-342
115
-97
-240
-510
-299
-244
-162
-15
-386
-9
-187
-269
-280
-108
-242
-396
-399
-282
-158
-176
-5
-120
35
-183
-188
-136
-158
-31
-302
-156
-308
-394
-228
-218
-262
-152
-241
-151
-268
-248
-262
-233
-233
-176
-209
-303
-287
-140
-54
-403
-255
-211
-66
-170
694
-331
-52
-156
-283
-207
-151
-259
-325
-458
-250
-228
-133
-153
-292
-219
-637
-165
-122
-235
-87
-199
-182
-86
-259
-185
-360
-179
-186
-290
-318
-329
-256
-185
-290
-336
-223
-278
-239
-219
-318
-376
-282
-232
-131
-318
-292
-42
-53
-186
136
-248
-268
-273
-401
-160
-8
-319
-168
-121
-18
-191
-130
-4
-189
-126
-146
-326
-231
-30
-113
-231
-180
-211
-383
-258
-155
-242
-160
-315
-201
-255
-126
-404
-318
-208
-189
-286
-128
-292
-245
-288
-202
-196
-132
-206
-356
-178
86
-250
-393
-323
-541
-66
-188
-203
-163
-232
-286
-174
-217
-179
-193
-164
-125
27
-94
-535
-199
-236
258
-221
166
-123
-335
-285
-276
-255
-46
-222
-33
-187
-46
-458
72
-19
-197
-388
-257
-314
-503
-140
-367
-156
-215
-215
-79
-223
651
-343
-138
24
-241
-333
-277
-231
103
-126
-308
-237
-237
-418
205
174
-41
-188
-240
-238
-133
-210
-183
-309
-258
-241
-275
-349
-125
-217
-387
-130
-416
-180
-258
-334
-189
-287
-143
-147
-269
-235
-79
-265
-238
-212
-279
-294
-331
-127
-238
-237
-90
-332
-160
-241
-317
-63
-240
-46
-178
-251
-189
-236
-266
-162
-243
-338
-422
-308
56
-217
-177
-243
-215
-6
-275
-132
-263
-298
56
-236
-51
-290
-89
-143
-228
-194
-209
-118
-168
-197
82
-219
-368
-596
-230
-126
-208
-321
-297
-285
-122
-236
-218
-258
-361
-182
-159
-149
-295
-163
-276
-212
-249
-375
-161
-215
-102
-203
-210
-250
-61
-201
-251
110
-227
-235
-298
-324
-247
-194
-86
-169
-268
-186
-174
-250
-329
-613
-77
-58
-213
-300
-180
-253
-126
-160
-241
-430
-111
-182
-162
-302
-170
-141
-224
-262
-231
-101
-321
-141
-210
-155
-316
96
-215
-255
-248
85
-230
-105
-38
-331
-210
-160
-180
-480
-206
-147
-200
-241
-156
-364
239
-146
-336
-128
-74
-310
-207
-292
-163
-269
-182
-223
-340
-236
-136
-127
-86
-243
-210
-238
-305
145
956
-270
-177
-174
-235
-69
-222
-169
-45
-5
-250
-212
-145
-167
-70
-267
-179
-442
-195
-152
-175
-335
-167
-464
-271
-200
-235
-34
-211
-163
-225
-169
-290
-220
-59
-226
-237
-152
-326
-218
-30
-224
-545
-271
-351
-159
-335
-97
-393
-139
-342
-276
-312
-158
-6
-120
-446
-298
-189
-251
-310
-41
-264
-190
-227
-344
-369
95
-415
-38
-114
-170
-213
-169
-211
-216
-206
-182
-336
-295
-203
-81
-177
-363
-236
-305
-191
-24
-233
-242
-272
-156
-55
-37
-304
-152
-245
-284
-140
-196
-40
-251
-119
-207
-280
-284
-304
-161
-269
-139
-261
-322
-256
-237
-160
-328
-244
-291
-185
-180
-193
-104
-326
-65
-271
-243
-175
-211
-232
-111
-151
-177
-214
-183
-248
-189
-287
-305
-146
-288
-193
-68
-117
59
-121
-149
-266
-199
-255
-98
-226
-407
-277
-239
-353
-143
-151
-184
-109
1037
-98
-268
-324
-215
-229
-410
-192
-168
-228
-299
-294
-233
-327
-349
-265
-36
-128
-244
-364
-147
-229
-317
-4
-289
-238
-116
-93
-110
-290
-291
-90
-126
-295
-95
-354
-266
-195
-150
-368
-282
-256
-234
31
-402
-158
-172
-439
-255
-267
-257
-182
-81
-305
-320
-217
-70
-286
-59
-240
-63
-278
-245
-108
171
-158
-647
-156
-405
-126
-21
-205
-262
-196
-272
-321
-149
-165
-110
-271
-110
-21
-246
-245
-195
35
-52
-251
3
-388
-243
-150
-314
-272
-66
-282
-89
-208
-327
-176
-103
-1
-353
89
-278
-163
-192
-392
-241
-270
-135
-264
-177
-60
73
-57
-240
-153
-162
-285
-311
-271
-48
-187
-208
-320
-240
-139
306
-72
-7
-177
1
-51
89
-151
-271
-616
-189
-46
-274
81
-205
-132
-235
-231
-163
-244
-301
-102
-300
-304
-166
106
-162
-126
-171
-260
-64
-260
-79
-229
-226
-173
-287
-142
-226
-165
-110
-329
-286
-89
-202
-79
-151
-176
-190
-264
-194
-226
-199
-180
-349
-314
-145
-356
-258
-148
-305
-313
-241
-363
-138
-286
-129
-206
-326
-128
-206
-238
-448
-334
-192
-124
-209
-153
-220
-280
-328
-265
-301
-148
-317
-180
-41
-323
-54
-250
-186
-272
-156
-306
-261
-326
14
-406
-390
-104
-409
-315
-201
-238
-52
-159
-184
-201
48
-264
-290
-566
-181
-182
-206
-87
-367
-220
-345
-118
-336
-203
-283
-211
-204
-443
-96
-190
-205
45
-281
-374
-355
-99
-187
-250
-402
-297
-1
-255
-151
-318
-380
-189
-140
-267
-238
80
-271
-50
-283
-271
-370
-329
-143
-296
-187
-224
-241
-29
-325
-304
-187
-289
-304
-639
-189
-296
-90
-244
-296
-244
-25
-248
-184
-230
45
-263
-163
-225
-216
-233
-196
-333
-474
-231
-317
-186
-195
-165
-202
-53
-79
-280
-271
-277
-123
-72
-119
-265
-412
-110
-360
-196
-181
-515
-219
-118
-211
-203
-30
-185
-3
-227
71
-265
-209
-322
30
-137
-237
-255
-296
-275
-26
-116
-207
-273
-176
-94
-273
-79
-33
-261
-117
-238
-208
-385
-204
-299
-101
-219
-309
-263
50
-161
-305
-229
-369
-228
-196
-222
-262
-360
-66
-189
218
-115
-354
-192
-323
-318
-292
-90
-387
-39
-249
-340
79
149
-232
-293
-177
-7
-356
-294
-405
16
-231
-181
-251
-262
-74
-339
-184
-121
-229
-177
-133
-322
-299
-217
-259
-169
-7
-265
-323
-285
-232
-133
-244
-120
-144
57
-74
-269
-299
-290
-357
-251
-104
-99
-516
-248
-387
-327
-260
-408
-216
-71
-396
-202
-93
-229
-208
-157
-106
-64
-186
-66
-184
-418
-111
-315
-13
-375
103
-228
-251
-266
-9
-201
-281
-185
-236
-155
-109
-61
-268
-256
-110
-268
-105
-234
-489
-163
-28
-359
-135
-285
-84
-304
-352
-244
-372
49
-313
-183
-165
-294
12
-164
-41
-317
-152
-306
-304
-226
-69
-164
-300
-315
-194
-209
-168
-172
-44
-433
-233
-227
-196
-294
-133
-242
729
-193
-332
-289
-101
-165
-218
-120
-147
-274
-276
-176
-192
-230
58
-68
-90
-34
-180
-197
-520
-137
-77
-76
-407
-552
-206
-203
-226
-343
-238
-186
-539
704
-214
-170
-161
-165
-281
-408
-322
-319
-266
-175
-281
-256
673
-318
-173
-287
-205
-363
-180
-190
-214
-341
-164
-195
150
-242
-217
-168
-299
-362
-325
50
-327
-220
-54
-332
-308
-245
-198
-175
-340
-236
-276
-408
94
-248
-155
-170
-130
-383
-55
-243
-138
-408
-159
-263
-358
-307
-216
-250
-252
-496
-217
-293
-237
-245
-258
-137
-376
-109
-165
-195
-75
-273
-225
-106
-164
-244
-104
-188
-198
-166
-81
-342
-353
63
-230
-283
-166
-219
-229
-187
-191
-212
-351
-24
-478
-282
-121
-340
-168
-271
-137
-323
-219
-475
-429
-199
-185
-607
-217
-307
-179
-154
-50
-114
-252
-241
-325
-390
-191
-382
-90
-201
-231
25
-200
-176
-453
-81
-233
176
-266
-218
-55
-351
-187
-232
-313
-374
-592
-269
-192
-119
-365
-245
-178
-227
-176
-245
-117
-444
-187
-135
-158
-88
-222
-231
-201
-287
-304
-250
-303
-131
-42
-351
-306
-265
-375
-467
-309
-116
-203
-239
-260
101
-266
-216
-228
-97
-210
-96
-143
-451
-199
-244
-296
-258
-94
-198
-192
-285
-298
-317
-263
-186
-286
-100
-232
-193
-242
-471
-311
-238
-45
-364
-194
-142
14
-84
-153
-176
-120
-283
-224
