-170
-346
-216
-215
-271
-24
-246
20
-254
-252
-309
-208
-263
-208
-285
-183
-197
-152
-262
-268
-235
-91
-135
-245
-247
-121
-172
-216
-195
-198
-136
-222
-75
-201
8
-307
-224
-242
-181
-267
-197
-173
-205
-223
-210
-149
-288
-89
-269
-198
-175
-151
-175
-219
-162
-10
-232
-232
-231
10
-79
-304
-292
-221
-130
-282
-532
46
-241
-278
-221
-235
-179
-73
-242
-158
-234
-225
-288
-306
-183
-324
-280
-251
-380
-282
248
-252
-170
-143
-253
-242
-254
-147
-234
-210
-149
-71
-216
-215
-238
-384
-133
-215
-223
-226
-137
-264
-261
-189
-238
-204
-220
-236
-178
-239
-229
-159
-405
-196
-274
-316
-25
-172
-225
-289
-154
-362
-97
-182
-341
11
-266
-194
-219
-234
-172
-190
-194
-292
-178
-156
-9
-130
-300
-162
-238
-172
-240
-246
-210
-168
-248
-182
-189
-174
126
-215
-245
-84
-272
-214
-149
-288
-260
-216
-144
-66
-190
-220
-271
-216
150
-189
-149
-255
-159
-239
-225
-259
-479
-308
31
-265
-213
-353
-169
-80
-131
-285
-260
-158
-222
-312
-216
-208
-404
-117
-268
-242
-277
-338
-110
-279
-150
-283
-327
-195
-51
-226
-210
-156
-181
-215
-637
-194
-166
-231
-278
-304
-214
-139
-171
-155
-217
-183
-157
-146
-27
-149
-210
-156
-265
-212
-411
-336
-99
-289
-207
-230
-38
-225
-233
-218
-265
-86
-220
-290
-190
-161
45
86
-1
-135
-297
-347
-201
-104
-174
-251
-241
-210
-175
-182
-207
-200
-261
-221
-231
-191
-251
-56
6
-243
-89
-300
-245
-292
-109
-186
-219
-238
-200
-287
-279
-172
-323
-121
-160
-328
-215
-36
-236
-225
264
-225
-196
-199
-305
-258
-182
-246
-297
-236
-149
-176
-322
-390
-137
-191
-260
-43
-253
-344
-396
-188
-229
-176
-242
-270
-110
-137
-200
-309
-265
-137
-253
-403
-73
-215
-166
-249
-309
-243
-213
-113
-235
-287
-156
-184
-272
-294
-461
-150
-165
-172
-186
-200
-170
-330
-54
-304
-204
-257
-189
-149
-73
-240
-250
-206
-236
-201
-193
-228
-283
-222
-325
-422
-78
-320
-150
-283
-146
-233
-287
-274
-230
-239
-266
-235
-230
-228
-205
-208
-202
-30
-249
-256
-320
-245
-282
-223
-186
-240
-194
-277
-311
-166
-214
-237
-230
-115
-212
-268
-190
-234
-228
-237
-260
-178
-291
-203
-248
-128
-278
-251
-201
-182
-350
-260
-189
-365
-114
-95
-230
-221
-404
-138
-257
-78
-241
-189
-137
-176
-207
-248
-173
-182
-251
-78
-290
-230
-214
-329
-266
-118
-108
255
-204
-273
-124
-200
-24
-70
-265
-286
-287
-164
-210
-211
-180
-292
-210
43
-262
-90
-121
-133
-29
-280
-182
-199
-246
-253
-209
-216
-124
-335
-123
-120
-187
-146
-188
-179
-216
-231
-275
-319
-178
-255
-447
-213
-247
-231
-235
-121
-104
-289
-259
-141
-142
-239
-320
-239
-240
-243
-4
-228
-36
-265
-181
-205
-204
0
-275
-176
-199
-237
-233
-152
-235
-407
-234
-194
-308
-209
-141
-169
-230
-268
-202
-392
-164
-183
-220
-101
-348
-279
-92
-279
-269
-174
-257
-162
-271
-349
-195
-237
-247
-126
-247
-262
-264
-185
-112
-216
-256
-279
-145
-251
-227
-204
-187
-201
-108
-242
-197
-414
-224
-212
-200
-147
-237
-163
-191
-179
-306
-310
84
-343
-229
-273
-157
-231
-262
-271
-98
-144
-200
-269
-267
-118
-270
-222
-228
-169
-213
-170
-309
-297
-87
-158
-146
-22
-252
-141
-172
-121
-293
-155
-178
-241
-255
-211
-297
-299
-243
-314
-197
-235
-238
-265
-169
-246
-383
-153
-91
-205
-162
-87
-193
-249
-246
-176
-150
-62
-222
-187
-219
-235
-88
-209
-116
-333
-199
-238
-181
-214
9
-136
-361
58
-207
-243
-177
-229
-206
87
-205
-153
-81
34
-282
-147
-183
-224
-160
-346
-27
-250
-188
-181
-137
-330
-297
-285
-183
-241
-248
-64
-200
-202
-311
-70
-383
-124
-198
-201
-137
-260
-106
-129
-289
-217
-221
-46
-209
-325
-213
-337
-210
-177
-256
-167
-160
-251
-216
-68
-304
-120
-146
-193
-329
147
-192
-247
-201
-235
-236
-162
-309
80
-140
-124
-299
-373
35
-310
-254
-221
-416
-313
-190
-219
-229
-149
-246
-113
-212
-332
-151
-220
24
-221
-257
-127
-4
-272
-187
-197
11
-259
-247
-226
-207
-271
-379
120
-230
-289
-246
-191
-129
-252
-46
-256
-241
-217
-226
-156
-190
-82
-207
-59
-2
-328
-278
-160
-150
-139
-230
-173
-310
-290
-357
-363
-69
-129
-256
-219
4
-218
-325
-148
-204
-134
-250
-137
-226
-118
-144
-168
-279
-158
-190
-197
-350
-193
-156
-204
-216
-287
-264
-223
-338
-369
-266
-258
-239
-209
-86
-189
-203
-198
-42
-283
-74
-237
-170
-233
-282
-276
-116
-314
-206
-199
10
-113
-287
-320
61
-160
-144
-272
-186
-141
-193
-285
-188
-277
-271
-202
-232
-290
-210
-227
-222
-248
-93
-244
-300
-25
-168
-255
-304
-324
-187
-252
-320
-224
-257
-255
-297
-172
-192
-203
-280
-175
-188
-136
-237
-107
-301
-223
-53
-160
-237
-225
-17
-296
-380
-236
-211
-171
-324
-170
-194
-236
-230
-219
-194
-150
379
-114
-360
-257
-192
-246
-205
-249
-124
-18
91
-215
-217
-14
-283
-103
-102
-201
-100
-224
-187
-206
-262
-235
-85
-110
-252
-199
-78
-278
-175
-206
-236
-253
-238
-347
-45
-213
-141
-163
-252
-212
-202
-21
-209
-232
-305
-184
-297
-182
-201
-333
-148
-54
-257
-252
-253
-261
-229
-247
-200
-253
-147
-191
-11
-82
-283
-297
-42
-282
-192
-227
-247
-148
-268
-70
-183
-130
-161
-324
-272
-241
-267
-146
-255
-185
-194
-254
-251
-13
-284
-108
-223
-137
-378
-203
-26
-314
-245
-18
-304
-249
-285
-251
-191
-249
146
-428
-188
-241
-227
-296
-233
-285
-221
-225
-291
-175
-134
-160
-90
-302
-162
-182
-52
-160
-285
7
-129
-249
-112
-98
-110
-279
-163
-205
-92
-430
-267
-93
-236
-327
-252
-267
-77
-197
-131
-186
-203
-265
-186
-202
-226
-194
-248
-42
-161
-179
-296
-140
-304
-156
-188
-251
-59
-289
-175
-210
-183
-205
-288
-292
-345
-288
-134
-15
-149
-246
-18
-73
-224
-289
-218
-182
-304
-294
-124
-334
-274
-218
-224
-179
-166
-195
-302
-187
-124
-85
-238
-164
-265
-239
-234
-254
-435
-143
-133
-222
-171
-211
-256
-180
-299
-228
-219
-361
-329
-316
-374
-270
-226
-231
-91
-188
-213
-181
-263
-143
-137
-198
-83
-212
-90
-340
-68
-212
-174
-131
-229
-183
-283
-332
-159
-65
-152
-160
-357
-97
-300
-123
-228
-182
-308
-265
-167
-186
-164
-236
-119
-268
-321
-207
-131
-212
-274
-301
-182
-258
-214
-169
-205
-276
-307
-239
-260
-100
-303
-43
-317
-184
-295
-238
-181
-220
-111
-218
-297
-233
-219
-263
-267
-172
-338
-412
-260
-246
-265
-291
-227
-290
0
-255
-250
-246
-208
-210
-326
-217
-173
-141
-157
-284
-362
-142
-231
-174
-325
-250
-222
16
-228
-215
-223
-142
-59
-354
-203
-295
-222
-303
-160
-330
-187
-109
-156
-98
-157
-119
-346
-143
-169
-154
-87
-332
-281
-143
-229
-153
-257
-231
-13
-238
-158
-113
-190
-143
-264
-252
-211
-178
-212
-255
-211
-289
-81
-254
-186
-228
-194
-266
-220
-268
-188
-278
-220
-136
-168
-214
-156
-204
-326
-272
-308
19
-201
-328
-276
-324
-95
-221
-230
-259
-212
-389
-200
-143
-274
-229
-173
-195
31
-232
-253
-256
-257
-212
-270
-229
-255
-323
-290
-162
-90
-183
-314
-296
-124
-261
-286
-133
-260
-295
-213
-203
-229
-284
-264
-152
-205
-242
-269
-356
-321
-154
-240
-109
-151
-204
-193
-139
-164
-162
-263
-337
779
-219
-166
-132
37
-215
-260
-129
-176
-208
-168
-194
-261
-125
-274
-249
-275
-348
-202
-332
-281
-198
-206
-242
1
-110
-137
-219
-113
-133
-328
-10
-226
-289
-207
-262
-271
-176
-369
-237
-308
-190
-172
-178
-161
138
-252
-196
-214
-110
-212
-252
-225
-148
-276
-183
-263
-287
-220
-141
-223
-274
-294
-369
-80
-390
-124
-235
-278
-233
-185
6
-125
-247
-324
-84
-431
-226
-219
-256
-250
-299
-161
-274
-302
-264
-267
-109
-133
-301
-307
-229
-217
-313
-180
-82
-190
-189
24
120
-228
-183
-216
-266
-202
-206
-228
91
-184
-130
-155
-237
-205
-225
-195
-186
-264
-132
-234
-243
-163
-160
-353
-260
-193
-215
-242
-163
-191
-216
-311
-271
-248
-288
-260
-159
-131
-236
-207
-187
-260
-174
-257
-225
-163
-288
-327
-278
-286
-274
-275
-108
-167
-366
-227
-247
-240
-193
-11
-264
-238
-126
-292
-217
-113
-179
-216
-67
-176
-150
-354
-165
-174
-194
-217
-168
-307
-225
-158
-290
-184
-281
-218
-220
64
-207
-240
-214
-182
-222
-146
-195
-112
-88
-295
-211
-25
-223
-141
-217
-303
-217
-239
-233
-240
-248
-173
-189
-194
42
-164
-275
-73
-224
-169
-214
-98
-253
-210
-96
-209
-282
-310
-271
-240
-265
-197
-226
-183
-248
-201
-210
141
-133
-241
-150
-261
-304
-228
-112
-94
-262
-246
-229
-393
-271
-312
-285
-223
-241
-201
-128
-194
-381
-66
-270
-117
-277
-177
-73
-229
-252
-201
-252
57
-230
-230
-231
-288
-245
-256
-191
-264
48
-319
-357
-158
-325
-296
-374
-221
-297
-194
-277
-203
-144
-228
-2
-146
-281
15
-245
-234
-280
-103
-137
-207
-175
-178
-269
-196
-130
-214
-169
-290
-109
-65
-281
-161
-224
-319
-174
-136
-275
-299
-118
155
-223
-187
-207
-209
-312
-73
-286
-148
-214
-170
-322
-209
-67
-274
-157
-260
910
-54
-317
-184
11
-281
-240
-261
-224
-51
-292
-106
-220
-246
-225
-138
-194
-197
-215
-263
-235
-92
-294
-301
-114
-183
-283
-132
-323
-268
-134
-284
-110
-194
-249
-197
-290
-279
-198
-290
-217
-67
-90
-280
-246
-249
-203
-182
-272
-215
-113
-118
-246
-259
-275
-222
-181
-90
-252
-239
-309
-174
-197
-288
-180
-222
-259
-95
-217
-53
-401
-386
-241
-193
-256
-182
-319
-39
-156
-213
-336
-281
-259
-258
-206
-113
-195
-251
-195
-195
-234
-222
-366
-242
-185
-179
-253
-177
-232
-65
-289
-316
-241
-213
-220
-215
-13
-332
-342
-87
-306
-368
-3
82
-228
-173
-359
155
-268
-189
-194
-221
-190
-282
-132
-218
-235
-320
-243
-117
-227
11
-58
-116
-155
-210
-299
-281
-300
-184
-194
-302
-168
-248
-188
-322
-169
-275
-280
-324
-249
-140
-265
-244
-252
-267
-198
-160
-271
-123
-282
-163
-287
5
-106
-190
-71
-175
-154
-235
-189
73
-359
-181
-143
-125
-291
-243
-361
-100
-142
-287
-256
-235
-251
-176
-210
-315
-185
-194
-355
-255
-201
-307
-259
-209
-138
-174
-82
-237
-56
-246
-313
-232
-156
-313
-363
-328
-268
-403
-120
-220
-40
-235
-128
-131
-260
-343
-152
-300
-206
-263
-89
-247
-256
-250
-174
-291
-46
-202
-263
-178
-204
-244
-291
-64
-105
-179
-175
-333
-170
-327
-162
-87
-151
-419
-47
-233
-211
-264
-290
-158
-218
-467
-179
-143
-195
-234
-166
-240
-115
-250
-254
-289
-130
-278
-236
-249
-151
-256
-226
-209
-309
-179
-269
210
-236
-172
155
-240
-141
-229
-281
-85
-159
-333
-154
-282
-206
-252
124
-251
-212
-308
-217
-337
-45
-298
-257
-234
-285
-178
-215
-113
-191
-243
-67
-274
-207
-284
-50
-309
-182
-239
-171
24
-254
-211
-317
-197
-188
-164
-227
-266
-272
-194
-62
-300
-119
-187
-255
-57
-89
91
-138
-338
-193
-259
-325
-229
-268
-290
-156
-320
-171
-262
-138
-327
-202
-120
-237
-264
-275
-214
46
-44
-308
-180
-299
-223
-217
-233
-132
-172
-259
-129
-166
-227
-101
-329
-104
-206
-251
-200
-188
-203
-156
-83
-205
-247
-282
-186
-179
-185
-116
-368
-271
-144
-165
-153
-224
-175
-232
-278
76
-199
-219
-227
-258
8
-205
-42
-143
-245
-276
-273
-187
-237
-246
-197
-303
-254
-110
-82
-295
-203
-147
-46
-199
-290
-175
-187
-180
-281
-315
-203
-239
-291
-149
-220
-240
-153
-187
-324
-318
-203
-196
-136
-94
-11
-252
-218
-186
-96
-143
-147
-236
-314
177
-293
-284
-134
-242
-240
-243
-333
-134
-168
-134
-120
-187
-154
-331
-207
-360
-28
-308
-186
-320
-194
-184
-192
-209
-111
-272
-213
-252
-178
-262
-156
-159
-85
-156
-255
-162
-115
-185
-118
-262
-319
-289
-251
-85
-197
-274
-121
-236
-187
-205
-174
-298
-323
-296
13
-270
-148
-117
-232
-197
-256
-220
-191
-160
-222
-256
-59
-211
219
-244
-255
-207
-288
-164
-286
-222
-151
-220
-283
-145
-269
-175
-238
-228
-102
-215
-279
-70
-101
-337
-218
-145
-198
-164
-246
-326
-196
-264
-177
-340
-188
-247
-273
-108
-256
-234
-251
-232
-245
-166
-157
-202
-2
-273
-225
-263
-181
-233
-271
-75
-233
-176
-293
11
-50
-262
-297
-275
-291
-165
44
-192
-103
-214
-277
-136
-390
-236
-159
-51
-249
-192
-181
-191
-236
-293
-156
-218
-310
-189
-250
-132
-205
-236
-88
-140
-35
-128
-200
-271
-167
-220
-237
-232
-236
-57
-176
-167
-353
-233
-257
-302
-245
-146
-171
-401
-192
-282
-281
-98
-153
-166
-204
-174
-171
-181
-202
-169
-252
-389
-266
-17
-255
-216
-495
-300
-223
-249
-212
-198
-193
-195
-212
-168
-264
-232
-266
-252
-194
-380
-176
-265
-233
-306
-170
-113
-252
-221
-94
-274
-283
-200
-192
-131
-207
-192
-202
-353
-259
-244
-240
-299
-184
-153
-161
-209
-146
-166
-182
-218
-286
-253
0
-145
-214
-251
-170
-224
-275
-255
-162
-103
-246
-249
-384
-284
-173
-220
-188
-167
-270
-120
-180
-198
-168
-220
-222
-169
-188
-218
-220
-149
22
-225
-333
-43
-287
-247
-164
-187
-147
-247
-201
-152
-223
-178
-206
-112
-178
-307
-240
-244
-240
-289
-221
-226
-304
-182
-224
-56
-66
-136
-97
-304
-165
-153
-260
-283
-186
-297
-154
-176
-244
-199
-279
-158
-212
-380
-273
-300
-55
-243
-188
-281
-178
-174
-350
198
-191
-306
-196
-257
-175
-79
-217
-320
-24
-8
-317
-218
-271
-199
-161
145
-246
-217
-315
-329
-272
-268
-222
-202
-153
-303
-225
-230
-226
-31
-199
-227
-239
-59
-307
-141
-191
-228
-206
-292
-266
-155
-56
-378
-211
-164
-225
-138
-18
-181
14
-231
-215
-62
-236
-212
-146
-115
-204
-247
-282
-83
-219
-315
-191
-38
-297
-218
-270
-165
-161
-156
-206
-210
-231
-251
-329
-223
-196
-260
-180
-272
-516
-188
-204
-214
-239
-237
-240
-256
-204
-322
-284
24
-265
-227
-257
-200
-181
-94
427
-171
-142
-208
-301
-297
-276
-269
-176
-273
-326
-73
-271
-347
-239
-187
-259
-310
-258
-184
-173
-200
-54
-257
-248
-192
-203
-207
-250
-265
-282
-182
-326
104
-65
-188
-232
-222
-285
-361
-101
-230
-411
-247
-259
-309
-309
-241
-174
-43
-211
-136
-150
-311
-146
55
-245
-168
-152
-182
-151
-275
-346
-221
-243
-161
-147
-253
-109
-259
-187
-153
-189
-256
-290
-267
-248
-193
-699
-242
-93
-248
-254
-248
-122
-316
-334
-127
-89
-192
-329
-294
-286
-290
-279
-249
-329
-214
-254
-107
-238
-203
-53
-214
-222
-166
-206
-250
-264
-217
-109
-210
-131
-246
-95
-85
-123
-187
-169
-364
-161
-200
-262
-207
-242
-159
-325
-224
-158
-16
-244
44
-278
-255
-180
-184
-91
-235
-234
-126
-217
-56
-210
-124
-298
-172
-332
-329
-194
-176
-288
-273
-368
-379
-123
47
-157
-203
-90
-112
-304
-61
-140
-126
-294
-112
-230
-259
-285
-341
-321
-186
-236
-293
-237
-211
-99
-202
-241
-201
-133
-215
-215
-156
-127
-261
-156
-235
-267
-241
-157
-271
-145
-286
-207
-198
-191
-266
-113
-177
-265
-251
-286
-82
-285
-306
-174
-142
-196
-225
-227
-448
-168
-179
-191
253
-131
-27
-369
-215
11
-139
-304
-121
-254
-249
-185
-172
-178
-235
-317
-190
-213
-237
-169
-227
-174
-70
-390
-204
-288
-240
-306
-182
-78
-267
-133
-254
-183
-291
-315
-208
-178
-82
-289
-264
-296
-191
-255
-194
-205
-315
-236
-258
-253
-205
-127
-183
-252
-191
541
-193
-260
-278
-265
-73
-250
-214
-377
-280
-145
-229
-146
-126
-290
-233
-338
-277
-319
-150
-308
-277
-178
-286
-136
-280
-30
-283
-289
-58
-300
-229
-91
-62
-183
-307
-264
-140
-194
-119
-121
-294
-302
-291
-266
-230
-289
-269
-323
-166
-220
-287
-114
-287
-202
-107
-327
-129
-19
-271
-157
-280
-216
-176
-170
-327
-206
-264
-34
-179
-260
-388
-194
-245
-42
-61
-266
-212
-247
-284
-224
-153
-249
71
-115
-241
-251
-223
121
-258
-134
-48
-459
-145
-333
-265
-204
-229
-228
-268
-188
-214
-249
-274
-153
-189
-80
-269
-199
-370
-326
-312
-280
-231
-138
-232
-329
-177
-496
-281
-315
-12
-172
-50
-167
-192
-241
-229
-888
-273
-70
-251
-206
-290
-161
-176
-406
-217
-217
-174
-232
-371
-205
-210
-246
-147
-47
-220
-195
-219
-268
-185
-311
-168
-216
-190
-228
-262
-182
-95
-31
-98
-245
-174
-244
-12
-243
-252
-259
-310
-296
-241
-154
-166
-185
-293
-252
-197
-142
-231
-78
-137
-138
-199
-250
-183
-293
-238
-91
-280
-164
-211
-168
-37
-109
-216
-100
-229
-217
-169
-122
-326
-193
-278
679
-276
-74
-225
-196
-209
-193
-275
-249
-45
-201
-218
-203
-267
-163
-253
-195
-171
-229
-316
-128
-230
-202
-188
28
477
-266
-167
-264
-201
-174
-169
-257
-206
-206
-173
-89
-109
-261
-258
-355
-348
