3209
3302
3138
3021
3127
3105
3134
3204
3254
3089
3026
2990
2992
2875
3195
3052
3107
2996
3281
2966
3122
3054
3115
3152
3000
3170
3007
3265
3162
3115
3209
3057
3123
3223
3211
3202
3248
3142
3117
3009
3173
3147
3254
3198
3223
3092
2876
3274
3178
3230
3162
3139
3116
2584
3051
3153
3220
2897
3254
3069
3171
3030
2713
2960
3114
3153
3187
3249
3147
3176
3215
3184
3086
3085
3257
2950
3147
2899
3086
3122
3209
3267
3202
3130
2923
3106
3053
3127
3211
3251
3163
3156
2072
3171
3167
3043
2601
2987
3181
3251
3276
3249
3155
3029
3054
2496
3044
3241
3054
3031
3144
3092
2887
3184
3260
3127
3140
3263
3167
3119
3113
2080
3162
3088
2881
3142
3186
3209
3152
3063
3218
3120
2750
3043
3195
3243
3117
3158
3201
2604
3212
3189
3155
3154
3116
410
3226
3094
3113
3117
3077
3113
2938
3268
3260
3081
3140
2951
3192
1942
3211
3208
3001
3312
3121
3183
3105
3151
2498
3192
3224
3124
2963
3173
3216
1344
3087
3138
3111
3129
3205
3277
3056
3128
3219
3208
3152
2997
3223
3175
3160
3023
2960
3028
3155
3164
3259
3068
3049
2970
3146
3019
2390
3124
3180
3038
3112
3087
3229
3061
3165
3220
3043
3187
3149
2581
2194
3193
2512
3006
3164
3097
3192
3102
3171
2501
3100
3028
3223
3228
3068
3131
3106
3218
3260
3120
3139
2977
3245
3051
3072
3254
3241
3023
3154
2562
2946
3103
3126
2973
3079
2899
3135
3211
3263
3079
3014
3083
3045
3139
3229
3183
3265
3141
2878
3018
3162
3153
3165
3217
3182
3200
3198
3112
3301
3185
3083
3226
3207
3167
2995
3143
3250
2523
3173
3021
3185
3207
3085
3268
3134
2588
3085
3163
3103
2919
2761
2923
3155
3141
3108
3212
3195
3257
2858
3170
3089
3225
1405
3120
3135
2788
3178
3082
3136
3093
3212
3210
3138
2969
3131
3126
3126
3230
3168
3175
2979
3242
3211
3150
3132
2697
3191
3168
3141
3144
3066
3269
3230
3149
3023
3215
3112
3172
3042
2677
3215
3149
3181
3232
3166
3244
3220
2751
3242
3178
3078
3179
3060
3191
3124
3208
3080
3094
3185
3108
3127
3207
3201
2991
3163
3234
3245
3139
3141
3221
3176
3171
3022
3264
3188
1652
3220
3149
3109
3203
3091
3247
3239
2994
3051
3172
3103
3215
3184
3227
3186
3082
3202
3200
3092
2813
3158
3127
3005
3150
3210
3102
3123
3233
3205
3164
3278
3278
3174
3087
3178
3171
3149
2632
3074
2951
3175
3006
3148
3133
3198
3143
3231
3043
3161
2989
3210
3069
3174
3294
3228
3131
3163
3097
3057
3185
3100
2620
3178
3085
3119
3126
3171
3069
3223
3201
3067
3172
3298
3294
3230
3247
3048
3136
3102
2688
3223
3160
3153
2875
2962
3071
3007
3243
3097
3032
3071
3209
3176
3146
3062
3187
3108
3124
3217
3066
2634
3150
3155
3079
3172
3144
3080
3168
3201
3139
2943
3240
3144
3216
2663
3071
3223
3085
3129
3101
3197
2973
3070
3222
3066
3092
3178
3160
3121
3040
2978
3157
3126
3093
3176
2332
3165
3129
3281
2832
3218
3104
3080
3232
3180
3209
3115
2652
2989
3033
3236
3191
3230
3112
3143
3162
3032
3282
3002
1443
3237
3043
3232
2830
3123
2983
3052
3070
3227
3011
3132
3198
3246
3289
3099
3004
3216
3183
3243
3133
3079
3184
3123
3128
3145
3181
3208
3245
3105
3265
3209
2863
3083
3107
3222
2583
3191
3217
3236
3243
3097
3111
3215
3178
2995
3220
2977
3207
3166
3094
3256
3078
2998
3093
3143
3165
3208
3147
3130
3277
3259
3116
3177
3069
3187
3059
3057
3123
3185
3055
3198
3016
2599
3236
3059
3260
3185
3056
3098
3205
3236
3227
3141
3187
3228
3154
3148
3232
3162
3119
3097
3218
3182
3167
3211
3218
3063
3201
3182
3080
3235
2999
3295
3185
3107
3217
3192
3082
3257
3150
3024
3062
1075
3039
2945
3150
3207
3144
3198
3218
3199
3154
3167
3102
3169
2960
3139
3087
2639
3156
3094
3051
3268
3169
3073
3111
3231
3052
3206
3204
3074
3143
3262
3135
3048
3235
3197
3205
3128
3091
3113
3302
3150
3053
3075
3076
3138
2446
3220
3139
2943
3186
3152
3127
2954
3049
3261
3168
3058
3123
2981
3220
3114
3142
3029
3183
3261
3048
3152
3231
3269
3221
3082
3226
3129
3154
3075
3149
3113
3189
3284
3322
3009
3104
3187
2965
3184
3075
3155
3198
3214
3044
3049
3161
3117
3213
3146
3236
3238
3244
3072
3076
3201
3044
2767
3245
3236
3092
3164
3192
3213
3155
3145
3013
3103
3269
