-191
-324
-217
-198
-356
-248
-209
-112
-167
-509
-225
-280
-272
-271
-103
-58
-14
-100
-92
-40
-342
-464
-230
-215
31
-75
1338
-265
-139
-141
-213
-128
-65
-126
-266
-174
-251
-149
-236
-215
-55
-235
-168
-250
-137
-43
-81
23
-71
-69
-220
-215
-406
-195
-284
-171
-176
-181
-580
-43
-312
-508
-265
-282
-351
-481
-201
-19
-303
-327
-93
-270
-337
-206
98
33
-802
-356
-252
-57
-169
-179
-118
-194
-358
-394
-124
-79
-259
-357
-196
-226
-295
-546
-171
-109
-231
-609
-129
-275
-43
-89
-241
-456
-284
-226
-156
-57
-298
-548
-109
-247
-392
-65
-309
-183
41
-217
-169
-60
-138
-283
-56
-147
-121
20
-246
-304
-290
-68
-417
-266
-95
-305
-438
-120
-177
-35
-299
-156
-205
-356
-179
-239
-374
-222
-71
42
-300
-235
-48
-399
-417
-27
-37
61
-31
-201
-250
-307
-561
-380
-282
-335
-112
-52
-122
-286
-114
-426
345
-179
-151
133
-146
-274
-413
-201
-324
-127
-402
85
-431
-400
-131
-117
-160
-149
-21
-472
-478
-120
-155
-284
-283
-160
-130
-269
-222
-219
-435
-336
12
50
-116
-65
-188
-158
-247
-200
-268
-53
-93
-198
96
-123
-207
-171
-389
-226
-229
-97
-159
-104
-198
-392
-186
-163
-147
-206
-455
-121
-2
-315
-233
-265
140
-227
-145
-19
-43
-162
-73
-402
-145
-248
-349
-399
79
-466
-345
-433
-108
-116
-363
-171
-310
90
-236
-391
-109
-119
-11
-137
-39
-282
-71
-117
-142
-33
-109
-368
-205
-352
-551
-328
-19
-284
-292
-172
-297
-195
-215
-51
-163
-72
-155
-542
-348
-369
-211
-628
-458
-298
-228
-247
-246
-159
-94
-162
-171
-229
-231
-128
-349
-217
-356
-131
1
-112
-502
20
-161
-416
-349
-78
-211
-173
-165
-91
-130
-232
-314
-162
-210
-204
-83
-296
-248
-478
-171
-35
-327
-266
-389
-411
-221
-355
-97
-305
-333
-210
-179
-158
-108
-439
-187
-222
-379
-287
-422
-400
-183
-185
-244
-15
-194
-124
-292
-181
-175
-92
-151
-158
-58
50
-112
-293
-121
-251
-254
-157
-136
-211
-56
-315
-345
-155
5
-206
-83
-269
-126
-105
-221
-4
-179
-264
-111
-276
-38
-162
-368
-19
-151
-145
-128
-326
-361
-154
-271
-13
-278
-117
-270
-459
-334
-321
-240
-78
-478
568
-156
-210
-362
-260
-123
-199
-225
-10
-264
130
-383
-113
-158
-203
-159
-158
-17
-276
-55
-166
-141
-22
-107
-166
-94
-395
-259
-240
-132
-39
-169
-214
-147
-153
-164
-126
-294
-285
-122
-211
38
-404
-290
-154
-282
-409
-120
-97
-64
-320
-41
-73
-384
-170
-315
-182
-259
-392
-587
-322
-136
-193
-146
-202
-149
-9
-309
-377
-76
-203
-197
-123
-262
-286
-159
-43
88
-269
34
-46
-424
-146
-138
-245
-297
-372
-36
-32
-411
-260
-138
-203
-155
-184
-280
-368
-262
-415
-212
-264
-122
-247
-302
-168
-245
-276
-215
-91
-435
-186
-247
-247
-180
-190
-174
-54
-136
-175
-196
-139
-372
-172
-344
-216
-246
-23
-373
-457
-268
-205
-290
-433
-102
-145
-258
-73
-98
-94
-255
-276
-91
-244
-200
-198
-619
-185
-179
-212
-300
-147
-182
-279
-219
-230
-224
-341
-33
-383
-115
-163
-251
-142
-301
-76
-163
-168
-133
-207
-148
-276
-315
-210
-316
-458
-144
-70
-150
-208
-128
-93
32
-188
67
-337
-253
-231
-192
-200
-292
-169
-58
27
-143
-101
-161
-137
-281
-402
-337
-99
-34
-43
5
-148
-135
-191
-286
-201
-98
-95
-235
-169
-207
-169
-317
78
-368
-153
58
-277
10
-169
-316
71
40
-244
-248
99
-331
-96
-46
-206
-84
189
-216
-106
-72
-153
-211
-151
-84
-154
-335
-168
-177
-102
-292
-82
-335
-17
30
-33
-262
-425
-77
-338
-124
74
-343
36
-274
-258
-242
-264
-273
-212
-247
-134
-71
-40
-203
-148
-417
-228
-121
-146
-145
-408
-251
-348
-40
-193
-102
-13
-227
-203
-97
-87
-131
-127
-24
-138
-57
-15
-206
-445
-277
-85
-167
-311
-269
-219
-1
-264
-223
-104
-239
-129
-191
-181
-203
-161
54
-210
-190
-212
-358
-167
-259
-331
-160
-337
-371
-306
-435
-179
-110
-183
-360
-78
-16
-262
-220
-99
-234
-314
-142
-193
-170
-242
90
-185
-375
-169
-180
-431
3
-213
-344
-119
-280
-241
-322
-324
-419
-275
-170
-170
-34
-158
-235
-126
-70
-303
-295
-340
-265
-325
-318
-113
-207
-143
-371
-129
-220
-147
-218
-190
-31
-286
-128
-53
-319
-381
97
-186
-141
-228
-345
-119
-270
-289
-61
-85
121
-190
-289
95
-456
-92
-306
-508
-149
192
14
-250
-90
-259
-367
-155
-233
-158
-83
-195
-227
-201
-83
-170
-133
-365
-205
-219
-360
-244
0
-254
-349
-8
-103
-337
-190
-84
13
-131
-204
-287
-108
-244
-308
-153
-64
-319
-121
-150
-178
-55
106
-94
-137
-213
-100
27
-100
-6
40
-250
-194
-70
-398
-155
-254
-280
-9
-273
-348
-191
-404
-81
-39
-339
-177
66
-48
-197
-136
-59
-316
-166
-279
-386
-238
-90
-270
-120
-195
-168
-338
-128
-240
-134
-384
-315
-242
-361
-224
-198
-95
-218
-63
126
-249
-329
-96
-340
-154
-229
-269
-451
-80
-155
-142
-62
-180
1133
-187
-183
-188
-298
-255
-485
-431
-133
-154
365
-99
-230
123
-85
-206
-88
-189
-213
-144
-93
-22
-335
-391
-115
-202
-175
-89
-371
-313
69
-40
-270
78
-24
-190
-133
232
-130
-121
-165
-85
-139
-356
-261
-107
-262
-356
-126
-241
-367
-157
-224
39
-105
-149
-155
-247
54
-198
-158
-337
-221
-218
-123
-298
-141
-265
-294
-91
-446
-58
2
-134
-306
83
-198
-256
-187
-284
-160
-77
-129
-91
-229
-303
-289
-95
-248
-196
-107
-239
-158
-108
-359
-142
-167
-228
-51
-174
-297
-600
-326
-164
-324
-158
-275
-144
-209
-119
-158
-286
-271
-300
-350
-410
-65
22
-85
-488
-272
-69
-106
-339
-138
-88
-198
-282
-305
-128
-91
-65
-40
-588
-222
-294
-272
-300
-99
-414
-201
-142
-65
-414
109
-107
-388
-160
-139
-322
-209
-217
-98
-243
-268
-527
-244
-242
-571
-284
-128
-117
-289
-172
-342
-68
-177
-87
-127
-239
-179
-309
-189
-139
338
-36
-141
47
-108
-132
-98
-192
-374
-86
-337
-232
-250
-358
-37
-325
-174
-290
-224
-216
-426
-357
-227
-213
-186
-178
-147
-315
-174
-100
-203
-147
-398
-203
-176
-108
-363
-92
-98
-264
-128
-442
-291
-97
-176
-151
-18
-288
-110
-194
-102
-308
-238
-499
-200
-339
-86
-105
-232
-422
-243
-314
-423
-98
-472
-337
-453
-157
-256
-221
-113
-246
-149
-250
-296
-239
-255
-205
-215
-234
-439
-300
-205
-162
-299
19
-27
-279
-136
-104
-126
-748
-219
-274
-472
-487
-220
-40
-317
-88
-84
-9
48
-45
-140
-136
-445
-327
-186
-119
-201
-285
-110
-212
-265
-408
-378
-334
-218
-105
-117
-289
-207
-184
-626
-186
-407
-344
-187
-486
-121
-293
-332
-164
-215
-164
-111
-341
-104
-75
1471
-76
-141
-325
-41
-381
-167
-178
-195
-109
-145
-141
-136
-131
-361
-315
-1
-113
96
-224
-70
-338
-281
-111
-10
-184
-88
-124
-180
-170
-232
-223
-259
-146
29
-215
-83
-190
-39
-159
-278
-159
-49
-104
-378
-209
-474
-290
-72
-270
-403
-272
-164
-88
-286
-274
-98
85
-234
-63
-174
-365
-273
-168
-165
-185
-211
-114
-172
-166
-138
-161
-55
71
-216
-157
-250
-151
-332
-205
-295
199
-385
-96
-256
-101
-158
-264
20
-117
-151
-45
-585
-330
-76
-136
-203
-286
-66
-175
-103
-97
-136
-93
-303
-542
-201
-231
-332
-346
-177
-158
-41
-4
-234
-361
76
-134
-120
-262
-437
-383
-203
-280
97
-13
-228
-108
-66
65
-101
-145
-340
-324
-199
-146
-211
-227
-178
-277
-206
-281
-374
-94
17
-232
-216
-293
-176
15
6
-112
-263
141
-142
-66
-44
-87
-489
-157
-184
-118
-57
-174
44
-280
-90
-136
-277
-259
-82
-149
-182
-76
-185
-17
-162
-30
-169
-238
-121
-229
-130
-237
-256
46
-214
66
-119
-183
-52
-109
-361
-26
-133
-164
-170
-59
-271
-143
-48
-277
-265
-91
-456
-949
-146
-199
72
-226
-162
-205
-440
-296
-237
-197
-162
-372
-41
-347
-283
114
-109
-171
197
-133
-118
-140
-145
-386
-93
-393
-125
-279
-195
-64
-173
-122
-227
-6
-292
-105
-83
-64
-474
-91
-530
-423
-89
-265
-48
1253
-334
-121
-338
-150
-168
-77
-280
-185
-375
-52
-275
-145
-268
-107
-395
-458
21
-244
-384
-166
-387
-37
-14
-234
-147
61
-279
-297
-196
-272
-188
-211
-70
-340
-249
-188
-446
-182
-144
-319
78
-128
-42
-88
-219
-115
-138
-119
-54
-106
-220
-257
-226
-389
-116
-71
-291
-330
-439
-237
-238
-375
-311
-107
-576
-118
-82
-268
-536
-203
-474
-179
-351
307
-259
-66
-311
-103
-175
-297
-66
-350
-245
-426
-124
-243
-338
9
-31
-133
-278
-297
-36
-53
5
-240
-128
-203
-325
-129
-195
-148
-98
-319
-297
-140
-192
-287
-395
-57
-259
-216
-254
-300
-110
-209
-194
-176
-224
-99
-271
-299
-72
-522
67
-204
-179
-320
-289
-224
-230
-37
-62
-361
-270
-204
-275
-207
-215
-260
-355
-195
-323
-118
-299
-122
53
-255
-198
-143
-289
-379
-81
-110
-334
-59
-20
-175
-469
-187
-28
-166
-167
-218
-313
-217
-100
-5
-310
-205
-362
188
-44
-363
-194
-73
-202
-66
113
-62
-598
-12
-453
-197
-30
-68
-184
-395
-350
-171
-108
-106
-180
-289
-252
-171
-281
-364
-321
-229
-63
-112
-224
-219
-62
-260
-433
-108
-182
11
-153
-97
-291
-237
-267
-126
-106
-110
-259
-160
-261
-32
-260
-327
-509
-92
-85
-223
-381
31
-123
-285
282
-163
-294
-242
-387
-61
-426
-386
-190
-209
-301
-125
-105
-93
-457
-53
-49
-144
-164
-100
-308
-174
-173
-66
-173
-150
-159
-294
-330
-233
-198
-176
-113
-7
-131
-162
-85
-305
-194
-231
-57
-160
-105
-120
-75
-141
-104
71
-104
-328
-173
-236
-180
-225
-248
-164
-201
-49
-312
-43
-48
-54
-140
-146
-275
-65
-222
-153
-99
-557
-203
-288
-139
42
-349
-154
-520
-3
-38
91
-93
-17
-246
22
-227
-312
-115
-440
-542
-284
-257
-204
-21
-274
-194
-217
-126
-13
181
-260
-396
-352
-142
-151
-210
-433
-130
-267
-248
-407
-169
-190
-485
-23
-454
-174
-87
-342
-334
-204
-45
-71
-239
-52
-353
-278
-148
34
-311
-543
-137
-224
-293
-239
-226
-226
-209
-220
-208
-303
-166
-29
-109
-217
-93
-215
-165
-275
23
-400
-130
-238
-208
-47
-495
-3
-217
-10
-300
-58
-176
-139
-274
-155
-220
-207
-165
-189
-41
-11
-118
-25
-221
-291
-25
-54
-159
-375
-150
-122
-152
-169
-232
-290
-334
-212
-171
-136
-153
-180
-135
-825
-100
-82
-374
-132
-350
-105
-159
-419
-23
-219
-125
-132
-417
-45
-66
-50
-134
-193
-93
-156
-267
-360
-21
-147
-97
-338
-112
-360
-218
-259
-211
-138
-109
-189
-288
-482
-139
-218
-242
-334
-286
-218
-97
-23
-115
-279
-162
-370
-322
-405
-437
-148
-270
-269
-168
-106
-45
-178
-235
-77
-246
-325
-229
-210
-104
-409
-524
-50
-137
-289
-122
-164
-230
-205
-302
-67
-151
-236
-75
-5
-130
-116
-54
-264
-38
-381
-202
-329
-348
-350
-38
-334
-31
-167
-139
-181
50
-113
-245
-532
-224
-214
-189
-477
-303
-193
-170
-150
-148
-245
60
-398
-182
-370
-295
-216
-165
-243
-122
-363
-4
-286
-168
-85
-90
-387
-390
-132
-84
-276
-58
-100
-393
-95
-189
-79
16
-114
-118
-111
-175
-299
-301
-224
-246
-69
-7
-229
-120
-335
130
-161
-401
-54
-179
-41
-281
-122
-344
75
-22
-27
-211
-135
-95
-139
-645
-291
-41
-30
-249
-182
-414
-140
808
-126
-90
-361
-375
55
-72
-170
-109
-189
-58
-98
-176
-533
-363
-144
-343
-276
-148
-79
-38
-268
-330
-63
-283
89
-286
-204
-130
-65
-198
-87
-182
-527
-438
-296
-58
-397
-211
-197
62
-107
-322
-34
-320
-319
71
-349
-38
-250
-151
-235
-157
-166
-171
-252
-91
-264
-159
-147
-182
-169
-147
-279
-119
7
-212
-322
-354
-64
-183
-150
-334
-217
-168
-82
-144
-31
-92
-26
-404
-136
-300
-182
-113
-142
-227
-145
47
-258
-123
-133
-66
-131
-261
-192
-411
-177
-242
-155
-123
-158
-45
-295
-40
-36
-459
-119
-360
-286
-223
-66
-142
-133
-241
-377
-248
-285
-180
-240
-25
-296
56
-96
-295
-249
-189
-226
-156
-373
29
-142
-70
-318
-241
-187
-398
-296
-245
-215
-151
-241
-213
-115
-477
-424
18
-441
-151
-179
-284
-42
-184
-158
-265
-247
-332
-123
-209
-121
-375
33
-63
-100
-170
-331
38
-54
-158
-400
-198
-238
-257
-333
-331
-224
-157
-204
-166
-112
-239
-224
-252
-168
-138
-355
83
-129
-129
-297
-80
-226
-383
-300
-318
-139
-135
-305
-300
-121
-92
-420
-198
-263
-230
-284
-116
-392
-256
80
-469
-173
-343
-360
-647
-233
-160
-394
-204
-206
-105
-97
-483
-229
-9
-120
-64
-163
-170
-270
-301
-239
-46
-154
-191
-101
-91
43
-84
-272
-390
-472
-24
-234
-141
-99
-151
-51
-143
-306
-291
-494
-229
280
177
-153
-364
-275
-235
-255
-115
-78
-193
-464
-90
-900
-316
-84
-235
-184
-41
-198
-194
-184
-352
-204
-443
-177
-273
-57
-253
-142
-104
-250
-444
-268
-374
-299
-120
-125
-264
-299
-455
-406
-358
-54
-292
-305
-356
-379
-376
-454
-221
-169
-196
-233
-132
-144
-151
-173
-175
-273
-590
-253
-136
-379
-219
-361
-227
-461
-514
-241
-205
-385
-527
-13
-281
-164
-302
-273
-280
-169
-418
-221
-444
-71
-206
-151
-160
-231
-419
-287
-178
-305
-77
-41
-235
-224
-45
-158
-191
-117
-205
-169
-252
-112
-216
-257
-269
-189
-296
-123
-428
-331
-246
-123
-239
-146
-311
-79
-182
-140
-342
8
-300
-287
-32
-265
-189
-234
-149
-200
-260
-12
-289
-334
-19
-156
-352
-547
-465
-261
-113
-228
-133
-234
-71
-428
-275
-97
-83
-458
-247
-90
-116
-206
-261
-208
-371
-506
-294
-315
-55
-223
-65
-92
-202
-204
-361
-179
-39
-133
160
-201
-167
-174
-268
-241
-66
-146
-52
-117
-200
2
27
-79
-123
-405
-138
-89
-56
-240
-398
-176
-260
-534
-88
-19
-343
90
-330
-109
-31
-168
-187
-116
-31
-306
-178
-96
7
-157
-24
-112
-279
-373
-82
-101
-230
-336
-180
-368
-153
-189
-47
-299
-123
-32
-285
-259
-105
-127
-154
-12
-78
-372
-94
199
-178
-229
-133
-264
-25
-292
-332
-223
-784
-62
-157
-319
-314
-147
-104
-137
-158
-478
-275
-269
-95
-5
-198
-104
-241
-143
-146
-126
-34
-305
-81
-277
-291
-297
-77
-216
-86
-30
-207
-215
-347
-194
-345
-192
-333
-171
-173
-92
-283
-210
-168
19
-528
-80
-116
-140
-316
-99
-266
-139
-110
-103
-14
78
-257
-194
-81
-224
-142
-181
-166
-243
-439
-165
-21
-285
-285
-223
-203
-15
-247
-504
-245
-165
-136
-197
-288
-331
-88
-137
-373
-494
-275
-89
-50
20
-127
-247
-34
-320
-204
-198
-90
-289
-43
-104
-411
-204
-205
-252
-269
-64
-547
-98
-183
-341
-434
-128
-101
-166
-201
-232
-127
-146
-13
-403
-406
-217
-53
-138
-237
17
-138
-377
-40
-227
-290
-38
-115
-311
-80
-198
-561
-322
-90
-36
-216
-310
-110
-187
34
-99
-175
-312
-179
-323
-135
-168
-335
55
-252
-660
-247
-216
51
8
-773
-207
-236
-258
-163
-234
-499
-163
-57
-55
-120
-383
-238
3
35
-273
-39
-33
-136
-232
-513
-261
-245
-367
5
-174
-222
-294
-276
-32
-190
-388
-192
-376
-382
-112
-227
-121
-71
-180
-230
-348
-33
-361
-311
-290
-76
-301
-221
-199
-102
-93
-299
-190
-223
-347
-383
-398
-368
-425
-17
-239
-302
-816
-80
-78
-235
-268
-355
-324
-251
-159
-168
-169
-318
-91
-323
-108
-215
-281
-169
-284
-130
-150
17
-135
-281
-360
-250
-268
-277
-11
-192
-243
-128
-424
-122
-505
-415
-235
220
-471
-299
-9
-103
-222
-322
-247
-45
-192
-181
66
-132
-110
-137
-289
-235
-85
-220
-98
-192
7
-206
-414
231
-221
-164
265
-249
-104
-253
-23
-273
-171
-253
-193
-91
-147
-207
-115
-173
-319
-95
-137
-309
-448
-296
-561
-152
-341
-469
7
-349
-181
-221
-122
-58
-144
-460
-167
-80
-17
-128
-255
-71
8
-402
-382
-199
-233
-415
-89
-145
-90
-157
-339
-65
-319
-152
-156
-356
-205
-45
-298
-127
-178
-265
-63
-81
-137
-56
-238
-307
-216
-69
-420
-438
-167
-199
-118
-64
-232
-244
-116
-97
-230
-529
-283
-337
5
-407
-252
-47
-198
-468
-25
-163
-309
-460
-304
9
-405
-146
-247
-668
-276
-24
-203
-160
-164
-37
-135
-168
-285
-178
-409
-381
-118
-303
-160
-115
-401
-266
-322
-210
-222
-161
-190
-207
-151
-187
-159
-416
-63
-243
-24
-309
-268
-104
-82
-237
-327
-291
-158
-323
-223
-440
-252
-355
-515
-198
-280
-209
-260
-123
-172
-44
-265
-460
-166
-76
-96
-219
-27
-93
-258
-352
-162
-3
-106
-85
-177
-73
-233
-279
-253
-242
-301
-56
-293
132
-151
-250
-143
-177
-197
-139
-213
-239
-170
-180
185
-140
-104
-148
-218
-228
-391
-192
-149
-101
-491
-166
-165
-228
-154
-293
-343
-377
