3432
3349
3304
3323
3214
3376
3224
3435
3435
3345
3239
3235
3305
3273
3316
3184
3233
3269
3350
3365
3397
3298
3401
3205
3237
3300
3338
3348
3161
3338
3410
3290
3187
3356
3441
3387
3255
3398
3357
3275
3380
3318
3345
3294
3399
3237
3238
3454
3441
3456
3421
3405
3218
3210
3224
3271
3355
3204
3435
3339
3347
3269
3279
3238
3408
3413
3388
3351
3437
3297
3354
3355
3394
3212
3379
3166
3292
3147
3328
3284
3411
3415
3282
3262
3232
3326
3301
3481
3371
3343
3328
3325
2830
3329
3360
3324
3034
3347
3340
3347
3352
3411
3328
3283
3383
3147
3432
3288
3264
3321
3297
3378
3166
3346
3379
3334
3363
3448
3400
3266
3294
3274
3406
3053
3230
3258
3359
3200
3271
3316
3452
3405
3212
3223
3354
3406
3406
3166
3422
3218
3375
3433
3262
3250
3351
3202
3342
3325
3311
3228
3270
3302
3161
3417
3348
3317
3417
3218
3430
3248
3379
3380
3371
3394
3310
3361
3349
3367
2986
3315
3385
3400
3291
3314
3351
3151
3370
3308
3315
3273
3115
3335
3371
3472
3368
3333
3409
3355
3346
3403
3337
3113
3264
3311
3305
3327
3389
3127
3365
3274
3400
3296
3271
3231
3279
3174
3383
3363
3429
3322
3256
3312
3307
3138
3383
3153
3250
3317
2979
3310
3328
3271
3433
3334
3367
2809
3334
3279
3408
3277
3169
3417
3318
3427
3406
3335
3271
3323
3362
3172
3306
3368
3361
3251
3372
3279
3311
3304
3292
3166
3221
3390
3292
3398
3399
3250
3273
3240
3338
3381
3398
3408
3446
3455
3258
3095
3409
3315
3350
3369
3359
3340
3353
3404
3416
3446
3187
3427
3387
3305
3193
3330
3393
3299
3230
3383
3317
3449
3297
3406
3283
3230
3275
3267
3277
3216
3162
3201
3231
3268
3313
3232
3364
3355
3146
3270
3217
3299
4757
3279
3219
3227
3223
3296
3403
3320
3419
3356
3347
3268
3275
3286
3254
3302
3367
3438
3396
3350
3425
3334
3319
3213
3491
3371
3181
3268
3293
3368
3343
3338
3245
3444
3350
3354
3349
3147
3405
3255
3267
3201
3299
3411
3393
3315
3401
3323
3286
3204
3352
3247
3285
3283
3372
3355
3352
3327
3174
3371
3412
3310
3334
3346
3451
3383
3233
3430
3372
3335
3221
3413
3319
1365
3362
3292
3309
3409
3291
3390
3384
3335
3280
3330
3369
3357
3435
3439
3326
3219
3387
3387
3325
3272
3243
3353
3265
3165
3399
3351
3198
3363
3297
3280
3309
3497
3358
3219
3294
3319
3385
3245
3347
3106
3382
3270
3377
3343
3396
3377
3396
3206
3494
3205
3344
3082
3437
3407
3319
3333
3373
3362
3309
3401
3266
3204
3410
3298
3350
3312
3279
3209
3449
3376
3374
3324
3386
3396
3376
3390
3324
3238
3329
3100
3463
3383
3372
3296
3222
3244
3321
3304
3336
3314
3361
3415
3270
3354
3308
3403
3284
3270
3370
3211
3241
3327
3353
3393
3283
3337
3155
3308
3323
3345
3366
3323
3331
3421
3231
3286
3324
3408
3226
3315
3257
3148
3259
3394
3299
3394
3327
3429
3250
3239
3374
3460
3300
3091
3370
3132
3328
3338
3360
3310
3268
3452
3414
3391
3290
3385
3405
3127
3315
3355
3372
3420
3354
3220
3390
3378
3176
3565
3300
3273
3484
3330
3496
3204
3307
3468
3221
3252
3364
3239
3334
3348
3314
3385
3313
3184
3335
3375
3419
3289
3299
3384
3276
3406
3203
3378
3391
3439
3355
3356
3431
3259
3257
3300
3434
3237
3314
3248
3294
3370
3350
3342
3407
3419
2978
3423
3206
3369
3408
3421
3403
3326
3279
3310
3437
3358
3377
3403
3407
3405
3376
3276
3350
3324
3355
3243
3337
3361
3357
3153
3402
3291
3074
3382
3367
3358
3422
3311
3073
3318
3433
3370
3329
3434
3287
3272
3337
3426
3379
3312
3352
3238
3406
3374
3405
3480
3246
3392
3302
3253
3436
3229
3418
3396
3266
3282
3334
3323
3335
3430
3247
3238
3217
3305
3185
3296
3384
3303
3344
3420
3346
3321
3379
3300
3369
3191
3279
3334
3110
3329
3228
3203
3366
3299
3267
3375
3480
3374
3383
3324
3266
3446
3341
3303
3308
3389
3355
3461
3329
3492
3313
3405
3407
3355
3357
3318
3246
3186
3417
3349
3320
3402
3376
3206
3262
3288
3246
3416
3316
3397
3168
3321
3312
3374
3381
3396
3424
3301
3240
3355
3314
3359
3312
3356
3339
3319
3272
3336
3315
3379
3414
3469
3034
3362
3382
3151
3425
3288
3410
3319
3452
3242
3283
3401
3360
3351
3365
3373
3329
3377
3292
3332
3267
3258
3242
3317
3410
3347
3452
3328
3313
3278
3340
3155
3318
3400
