-239
-308
-160
27
-195
-224
-217
-183
-321
-190
-243
-274
-43
174
-269
-227
-228
-214
-250
-123
-196
147
-335
-250
-187
-298
-218
-151
-243
-450
-114
-183
-94
-320
-171
-253
-167
-253
-179
-206
-270
-155
-360
-257
-225
-204
-167
-94
-269
-86
-234
-309
-70
-297
-239
-176
-162
-305
-213
-230
-233
-28
-187
-185
-266
-352
-255
-287
-127
-284
-29
-39
-269
-262
-307
-169
-295
-63
-297
-35
-173
-229
-229
-187
-170
-437
-227
-328
-218
-186
63
-244
-159
-255
36
-315
-259
-192
-228
-38
-259
-247
-74
17
-185
-266
-217
-284
-219
-139
3
-300
-122
-205
-45
-226
-158
-214
-323
-281
-69
330
-168
-216
-232
-242
-187
-120
-244
-194
-264
-181
-330
-197
-140
-68
-128
-173
-157
-195
-213
-187
-129
34
-212
-237
-50
-172
-95
-146
-393
-268
-271
-169
-267
-263
-177
-223
-301
-247
-147
193
-206
-247
-301
-169
-56
-190
-156
-15
-237
-81
-249
-258
-59
-196
-218
-163
-261
-278
2
-255
-232
-273
-179
-234
-126
-94
-280
-248
-143
47
-322
-227
-81
-249
-290
-249
28
-324
-273
-259
-68
-187
-87
160
-222
-37
-246
-186
-203
-179
-327
-208
-74
-58
-46
-288
-226
-232
-201
-75
-229
-279
-131
-177
1
-318
-90
-243
-111
-215
-204
-319
-261
-87
-163
-255
-215
-243
-172
-247
-160
-190
-321
176
-213
-224
-54
-177
-173
-66
-244
-189
-406
-377
-320
-75
-186
-208
-336
-179
-325
-168
-201
-96
-238
-219
-205
-192
-203
-263
-263
-151
-352
-385
-241
-283
-251
-291
-86
-219
-270
-270
-103
-274
-274
-202
-306
-286
-248
-167
-258
-126
-232
-181
-85
-295
-348
-310
-256
-189
-257
-215
-475
5
44
-132
-252
-72
127
-182
-338
-175
-261
-198
-254
-140
-296
-181
-256
-163
-266
-248
-91
-135
-247
-285
-291
-246
-209
-247
-297
-182
-175
-163
-277
-262
-242
-147
-184
-48
-171
-260
-175
-87
-205
-135
-257
-204
-230
-314
-293
-240
-100
-280
-91
-234
-22
-224
-48
-94
-85
-127
-213
-97
-225
-86
-196
-173
-194
-219
-167
-239
-201
-16
-237
-294
306
-198
-541
-132
-240
-263
-271
-253
-198
-388
-204
-201
-51
-205
-116
-249
-288
-269
-415
-287
-97
-83
-423
-123
-205
-43
-280
-221
-298
-174
-216
-227
-182
-250
-337
-139
-206
-303
-277
-161
-195
-47
-210
-213
-166
-128
-268
-205
-178
-190
-394
-123
-94
-294
-191
-230
-193
-190
-276
-231
-201
-371
-218
-217
-260
-223
-241
-206
-342
-188
-142
-275
-268
-214
-277
-120
-276
-248
-214
-245
-247
-282
-196
-188
-232
-191
-160
-298
-213
-182
-251
-361
-438
-105
-228
-273
-215
-102
-293
-298
-138
-157
-223
-98
-284
13
-110
-243
-240
-189
14
-250
-240
-291
-273
-276
-219
-228
-48
-549
-87
-183
-286
-244
-197
-288
-258
-286
-123
-308
-58
-260
-83
-195
-247
-202
-284
57
-371
-254
-42
-159
-163
-312
-126
-153
-308
-141
-280
-220
-230
-338
-129
-201
-80
-283
-239
-112
-260
-241
-100
-217
-234
-254
-229
-117
-211
-193
-226
-235
-297
-49
-210
-261
21
-265
-218
-281
-198
-231
-367
-192
-207
-181
-86
-207
-238
50
-194
-253
-266
83
-198
-263
-288
-145
-36
-118
-228
-267
-269
163
-117
-285
-250
-199
-162
-155
-213
-210
-211
-230
-299
-36
-303
-236
-114
-292
-202
-232
-79
-232
-23
-250
109
-332
-247
-248
-289
-175
-246
-90
-232
-225
-224
-222
-227
-265
-245
39
-94
-261
-307
-299
-267
-104
-292
-298
-173
-301
-462
-206
-236
-257
-223
-413
-244
-196
-276
-213
-46
-227
-290
-294
-382
-194
-282
-52
-282
-221
-134
-159
-263
-168
74
-273
-233
-244
-167
-267
-344
-231
-329
-147
-129
-228
-43
-113
-109
-349
-160
-176
-115
-262
-205
-232
-278
-265
-215
-289
-242
-305
-198
-284
-273
-219
-213
-235
-178
-193
-272
-208
-60
-264
-268
-176
-179
-152
-246
-53
-202
-295
-299
-275
-234
-235
-270
-119
-208
-199
-85
-206
-237
-325
-140
-261
-283
-19
-37
-225
-224
-212
-359
-275
-233
-301
-181
-126
-223
-230
-138
-250
-307
-273
-88
-201
-224
55
-58
-266
-185
-238
-150
-220
-287
-380
-211
-230
-238
-190
-244
-193
-188
-116
-193
-372
-95
-156
-260
-303
-211
-291
-302
-196
-293
-112
-360
-325
-295
-303
-12
-248
-3
-120
-202
-193
-304
-218
-173
-350
-233
-204
-107
-245
-213
-95
-298
-280
-280
-338
-89
-201
-184
-198
-225
-233
-270
-119
-237
-350
-328
-133
-232
-121
-126
-78
-343
-230
-21
-287
-237
-257
-298
-199
-192
-249
-230
-242
-178
-76
-217
-384
-160
-31
-262
87
-173
-235
-301
-158
-204
-80
-232
-292
-219
-228
-203
-310
-290
-226
-573
-150
-301
-266
-240
-210
-467
-259
-163
-293
-180
-264
-247
-176
-143
-277
-188
-161
-185
-58
-269
-212
-4
-223
-251
-48
-232
-286
-135
63
-248
-296
-310
-242
-218
-202
-182
-276
-272
-242
-261
-288
-320
-268
-216
-366
-262
-290
-84
-271
-177
116
-99
-248
-167
186
-108
-273
-200
-264
-262
-227
-133
-212
-224
-222
-237
-226
-125
-97
-139
-170
-188
-252
-299
117
-222
7
-200
-220
-228
-192
-221
-315
66
-240
-156
-124
-223
-201
-265
-59
-225
-256
-25
-182
-317
-230
-139
179
-223
-195
-150
-127
-170
-135
-155
-201
-232
-210
-228
-123
-412
-142
-219
-187
-380
-207
-263
-50
-310
-144
-81
-272
-175
-94
-194
-49
-27
-196
-274
-230
-262
-387
-243
-248
-190
-61
-162
-309
-151
-297
-194
-247
-74
-167
-238
-224
-108
-118
-128
-230
-195
-225
31
-270
-206
-107
-2
-254
-241
-284
-166
-79
-284
-390
-138
-70
-124
-275
51
-169
-240
148
-274
-50
-251
-366
-186
-206
-268
-276
-429
-257
-333
-199
-49
-140
-241
-220
-274
-235
-230
-170
-3
-160
-360
-83
-282
-262
-183
-320
-406
-204
-151
93
-260
-98
-165
-296
-247
-199
-361
-94
-35
-116
-134
-102
-278
-322
-210
-268
-208
-379
-130
-256
-192
-247
-200
-209
-269
-258
-368
-309
-214
11
-8
-246
86
-291
-301
-272
-285
-143
-238
-168
-252
-102
-263
-193
-158
-81
-275
-431
-311
-222
-298
-254
-221
-220
-216
-264
-215
-286
-21
-29
-240
-157
-270
-186
-231
-56
-229
-206
-290
-271
-243
-325
205
140
-40
-267
-133
-209
-253
-277
-240
-78
287
-210
-154
-128
-245
1216
-257
-153
-236
-212
96
-280
-251
-222
-251
-225
-263
-211
-287
-60
-222
-194
-259
-324
-208
-93
128
-253
-254
-188
-190
-323
-3
-239
-122
-258
-247
-186
-251
-264
-152
-216
-205
-292
-211
-292
-353
-101
-240
-227
-56
-142
-310
-184
-194
-185
-55
-180
-477
-269
-256
-233
-203
-253
-116
-154
-146
-250
196
-168
-73
-215
-308
-197
-255
-285
-90
-342
-278
-333
-107
-190
-263
-291
-185
-222
-244
-217
-78
-244
-315
-195
-246
-223
-111
-202
-140
-225
-189
-206
-168
-166
-176
-334
-250
-54
-141
-138
10
-239
-98
-174
163
-207
-325
-202
12
-158
-267
-186
176
-259
-276
-17
-233
-101
-286
-181
-421
-83
-203
-223
-170
-149
-265
-151
-253
-208
-123
-230
-354
-195
-286
-191
-259
-76
-206
-239
-271
-205
-122
-257
-337
-230
-146
-233
-282
-230
-252
-148
-25
-364
-41
-306
-255
141
-161
-333
-126
-225
-183
-234
72
-204
-171
-176
-156
-280
-158
-226
-120
-193
-224
-78
-181
-20
-142
36
-302
-197
-239
-66
-369
-286
-237
-77
-100
-185
-227
30
-226
-252
-66
-302
-198
-172
-329
-284
-198
163
-271
-262
-193
-113
-29
-165
-88
-184
-237
-190
-240
-135
-171
-140
-169
-253
-294
-225
-202
-116
-236
-470
-174
-224
-250
-289
-208
-240
-360
-77
-250
-157
-280
-227
-220
165
-214
189
-288
-293
-207
-72
-580
-220
-276
-233
-164
-244
-237
-70
-230
-132
-269
-400
-278
-132
-204
-153
-106
-258
-191
96
-244
-279
-122
-259
-111
-234
-191
-317
-429
-237
-132
-248
-279
-225
-172
-225
-181
-636
-313
9
-265
-73
-108
-243
-262
-219
-183
-165
-232
-281
-216
-240
-306
-270
-202
-206
-238
-210
-254
-293
-297
-184
-317
-322
-205
-347
-266
-212
-204
45
-76
-278
-194
-175
-234
-195
-133
-226
-208
-214
-303
-268
-214
-250
-187
-166
27
-153
-23
-213
-285
-139
-270
-295
-220
-293
-358
-331
-252
-175
-204
37
-128
-145
-297
-456
-143
-226
-264
-185
-230
-224
-207
-61
-204
-93
-180
-203
-227
-269
-163
-274
-183
-273
-316
-312
-108
-261
-25
-237
-240
-320
-50
-241
-172
-295
-41
-26
-182
-335
-189
-271
64
-239
-341
-170
-150
-189
-281
-291
-187
-337
-104
0
-119
-163
-363
-339
-238
-166
-158
-49
-193
-260
-113
-162
-275
-162
-128
-29
-231
-157
-216
452
-342
-155
-207
-236
-204
-216
42
-235
-185
-206
-166
-249
-242
-282
-212
-240
-73
-212
-53
-209
-241
-152
-201
-92
-36
-253
-296
-188
-239
-158
-195
-279
-258
-72
-134
-156
-130
-215
-104
-352
-254
-215
-197
-232
-344
-214
-209
-150
-78
-219
-203
-256
-253
-164
-109
-288
-255
40
-323
-277
-179
-113
-44
-237
-293
-273
-104
-210
-223
-250
12
-219
-106
-128
-266
-4
-265
43
-289
-280
-94
-193
-316
-269
-256
-310
-361
-318
-175
-241
-213
-339
-245
-326
-198
-73
-261
-242
-292
-175
-104
-281
-212
-195
-98
184
-111
-226
-108
-183
-181
-182
-119
-225
-166
-270
-357
-186
-272
-143
-234
-253
-232
-213
-81
-310
-267
-332
-201
-303
-144
-446
-209
-296
1055
-232
35
168
-376
-148
-247
-799
149
-198
-227
-110
-189
-148
-134
-250
-95
-175
44
-197
-309
-47
-101
-239
-205
-218
-100
-141
-302
-127
-213
-144
-227
-326
-201
-242
-200
-236
-280
-52
-212
-153
21
-302
-340
-209
-229
-239
-256
-148
-149
-241
-262
-195
-251
-54
-221
-282
-165
-206
-175
-401
-297
-218
-292
-164
-301
-192
-372
-263
-61
-231
-382
-204
-7
-240
-243
-73
-269
-274
-309
-260
-173
-68
-267
-255
-288
-188
-72
-273
-154
-243
-219
-86
-315
-255
-94
-100
-311
-175
-134
-283
-249
-253
-297
-255
-132
202
-207
-253
280
-283
-262
-200
-301
-194
-285
-237
-207
-256
-239
-269
-219
-262
-252
-155
-129
-291
39
-228
-236
-121
-150
-37
-136
-203
-172
-250
-239
-267
-57
-233
-302
-5
-344
-276
-148
-223
-191
80
-366
-233
-322
-231
-194
-325
-279
-209
-383
-269
-206
-35
-287
-242
-204
-200
-43
-239
-132
-328
394
-106
-48
46
-208
-176
-287
-315
-253
8
-205
-106
-161
-266
-289
-233
-281
-42
-214
-203
-218
-119
-168
-267
-203
-313
-19
-282
-137
-270
-187
-183
-128
-170
-187
-235
-198
-191
-255
-168
-269
-344
-469
-234
-288
-296
-243
-220
-175
-161
-132
-198
-171
-207
-160
-244
-171
-100
-295
-248
-177
-273
-197
-314
-272
-182
-302
-14
-361
-181
288
-206
-247
-196
-256
76
-250
-138
-263
-189
-158
-253
-248
-316
-234
-228
-263
-155
-223
87
-269
-243
-153
-259
-270
-239
-188
-202
-188
-183
-299
-417
-143
-55
-206
-318
-347
-220
-281
-224
-256
-314
-348
-229
-127
-259
-223
-141
-251
-260
-530
-253
70
-68
-232
-267
-196
-227
-85
-382
-234
-323
-213
-298
-243
-161
-187
61
-22
-277
-231
-342
2
-312
-346
-316
-212
187
-75
-311
-39
-15
-172
-86
-135
-221
-160
-158
-312
-205
-186
-133
-215
-185
-208
-220
-234
-305
-168
-283
-259
-244
-263
-409
135
-376
-161
-158
-187
-105
-260
-244
-398
-278
-169
-172
-634
-223
-129
-170
-232
-17
181
-168
-217
-281
-48
-293
-29
-322
-203
-187
-252
-184
-101
-181
-316
-217
-288
-376
-191
-382
-333
-230
-98
-195
-303
-370
-311
-317
-225
-247
-225
6
-263
-334
-256
-258
-324
-86
-222
-244
-254
-488
-231
-264
-295
-217
-188
-239
-324
-277
-82
-228
-150
-327
-274
-324
-93
-203
-18
-201
-242
-195
-128
-133
-163
-251
-251
-231
-296
-268
-219
-158
-264
-278
-342
-317
-153
-197
-132
-281
-55
-193
-151
-281
-137
-164
-164
-283
-104
-157
105
-214
-133
-386
-49
-272
-284
-185
-189
-273
-227
-203
-210
-199
-313
-243
-202
-206
-257
-211
-310
-248
132
-203
-246
-117
-261
-298
-283
-114
-34
153
-307
-199
-230
-53
-175
-234
-261
-242
-236
-149
-304
-292
-37
-290
-338
-259
-695
-67
-138
-227
-334
-267
-215
-714
-120
-81
-304
-70
-132
-229
-202
-187
-228
-290
-259
-80
-224
-231
-218
-336
-262
-63
-282
-232
-192
-283
-253
106
-246
-228
-64
-207
-165
-181
-225
-112
-260
-193
-215
-255
-145
67
-280
-424
-47
-208
-68
-176
-388
-173
-267
-3
-186
-157
-111
-129
-231
-381
-237
-146
257
-245
-88
-109
-11
-164
-64
62
-250
-231
-233
-240
-549
-209
-137
77
-282
166
-305
-247
-150
-233
-242
-449
-156
-141
-294
-244
-162
121
-8
-112
-198
-287
-241
-157
-275
-329
-236
-245
-24
-226
-169
-60
-339
-283
-14
-269
-351
-58
-69
-177
-162
-173
-284
-65
-298
-183
-169
32
-345
-278
-206
-192
-6
-151
-152
-207
-14
-226
-281
-169
-252
-162
-206
-237
-273
-193
-143
-195
-305
-284
-256
-49
-207
-109
-135
-296
-144
-181
-221
-159
-265
-156
-173
-246
-123
-57
-77
-269
-238
-41
-203
-264
-161
-245
-361
-263
-214
-263
-152
-308
-287
-218
-340
-72
-188
-183
-321
-299
61
-258
-267
-216
-191
-38
-196
-203
-294
-80
-342
-168
-169
-250
-285
-280
-181
-257
-100
-219
-126
-70
-19
-174
11
-92
-227
-218
-222
-237
-256
-278
-205
-135
-177
-214
-125
-249
-131
-274
-133
231
-222
-215
-104
-214
-234
-268
-203
-296
-460
-245
-65
-212
-59
-208
-216
-249
-189
-223
-305
-203
-279
-35
-146
-124
-253
-201
-229
-70
-184
-62
-159
-252
-130
-424
-242
-135
-317
-131
-249
-39
-275
-173
-367
-206
-252
-105
14
-123
-144
-250
-141
-270
-264
-212
-297
-131
-323
-196
-195
-289
-74
-195
-222
-218
-120
-183
-121
-124
-226
-184
-192
-334
-293
-173
-253
-315
-235
-191
-136
275
145
-314
-204
-284
-196
-266
-247
-374
176
-223
-313
-191
-141
-307
-52
-42
-75
-79
-169
-220
-70
-248
-218
-122
45
-188
-183
-184
-241
-118
49
4
-96
-284
-231
-228
-276
-199
-175
-146
-262
-482
-227
79
-329
-328
176
-185
-253
-128
-40
-168
-210
-256
-127
-258
-173
-36
-67
-137
-315
-299
-179
-131
-137
-190
-298
-147
-200
-228
-294
-310
-126
-200
-261
-219
-518
-89
-114
-357
-223
-162
-305
-256
-282
-154
-68
-152
-537
-308
-251
-245
-311
-132
-270
-21
-224
43
-184
-311
-220
-157
-227
-317
-229
-176
-141
-149
-203
-225
-259
48
-27
-328
-330
-273
-244
-232
-395
-248
-105
-251
-220
-230
-251
-171
-103
-159
-304
-270
-150
-259
-263
-208
-244
-129
-220
-182
-270
-272
-256
-281
-217
-268
-322
-239
-323
-106
-293
-233
-247
-299
-67
-146
-12
-242
-125
-268
-20
148
-266
-84
-353
-327
-237
-297
-84
-63
-177
-215
-281
-303
-210
-289
-318
-52
-203
-257
-30
-271
-193
-280
-282
-266
-245
-223
-365
-185
-198
-142
-297
-271
-26
-303
-260
-252
-243
-124
-283
-235
187
-207
-321
-90
-254
-298
-298
-136
-222
-132
-245
-187
-334
-166
-263
-178
-240
-280
-347
-378
-64
-258
-210
-187
177
172
-215
-214
-216
-158
-230
-241
-166
-251
-4
-210
-274
-188
-202
-93
-212
-233
-253
-180
-270
-103
-356
-284
-283
-244
-197
-259
-151
-27
-264
-264
-207
-265
-173
-240
-139
-61
-331
-133
-155
-171
-300
-318
-278
-104
-238
-179
-322
-282
-257
-105
-3
-123
-141
-254
-281
72
-281
-253
-273
-299
-218
-252
55
-295
195
-9
-120
-257
-378
-143
-200
13
85
-316
-195
-279
-276
-261
-198
28
-291
-262
-291
-52
128
-5
-169
-334
-338
-319
-182
-244
-258
-174
-257
-272
-4
-181
-350
22
-242
-95
-147
121
-173
-317
-210
-246
-213
-279
-48
-229
-299
-472
-245
-256
-323
-136
-170
-138
-220
-206
-131
-207
-214
-288
-165
-198
-206
-143
-458
-133
-117
-282
-171
-285
-250
-94
-58
-180
-225
-83
-297
-140
-137
-185
-300
-245
-185
-154
-328
-186
-296
-387
-280
-180
-224
-279
-208
-422
-243
-172
-245
-252
-343
-371
-224
-218
-174
-267
-255
-277
-378
-181
-133
-158
-225
-261
-163
-161
-266
-230
-73
-293
-252
-289
-222
-320
-143
-245
-516
-181
-163
-184
-146
-310
-241
-118
-240
-240
-126
-159
-306
-216
-77
-62
-189
-217
-55
-167
-93
-163
-93
-302
-79
-82
-293
-234
-116
6
-292
-81
-310
4
-188
-205
-307
-127
-166
-220
-263
-163
-175
-378
-310
-408
-231
-273
-283
-310
-65
-231
-90
-181
-261
-179
-385
-421
21
-255
-343
-101
-184
-203
-318
158
-243
-242
-320
-226
-231
-271
-275
-206
-143
-141
-269
-507
-137
-225
-38
12
-132
-243
-280
-129
-55
-317
-195
-108
-302
-147
-231
-165
-303
-99
-181
-110
-212
-229
-228
-247
-145
-261
-234
-267
-245
-290
-434
-175
122
-162
-371
-237
-75
-250
-225
-268
-289
-237
-51
-170
-556
-119
-353
-312
-238
-208
-208
-201
-114
-194
-237
-224
120
-98
-56
-277
536
-233
-125
-251
-285
-205
-257
-375
-112
-222
-268
-117
-243
-722
-224
-302
-79
-288
-470
-190
-209
-169
-229
-225
-317
-154
