3555
3545
3337
3371
3402
3498
3413
3539
3570
3465
3377
3364
3306
3271
3587
3330
3328
3399
3500
3457
3515
3327
3493
3368
3396
3344
3228
3450
3234
3475
3552
3361
3367
3476
3572
3540
3462
3527
3368
3264
3577
3455
3531
3417
3554
3400
3503
3643
3612
3524
3490
3499
3337
3181
3272
3319
3476
3156
3596
3323
3498
3349
3029
3352
3501
3388
3469
3427
3420
3440
3555
3523
3494
3284
3525
3186
3458
3088
3305
3365
3599
3628
3475
3447
3245
3369
3395
3512
3526
3519
3349
3443
2405
3366
3303
3351
3024
3286
3544
3537
3579
3579
3496
3400
3373
3026
3437
3520
3386
3321
3369
3464
3317
3417
3529
3398
3467
3579
3516
3294
3377
3225
3388
3407
3072
3243
3405
3189
3454
3387
3621
3391
3092
3345
3471
3533
3469
3286
3449
3171
3543
3531
3514
3555
3369
2755
3538
3378
3369
3244
3450
3357
3123
3508
3549
3395
3501
3329
3518
3110
3477
3566
3459
3553
3459
3502
3498
3343
2999
3497
3555
3449
3242
3457
3534
3140
3322
3404
3322
3409
3373
3530
3474
3520
3545
3460
3528
3350
3487
3444
3585
3273
3275
3430
3400
3463
3596
3235
3346
3273
3455
3479
3041
3399
3448
3317
3511
3315
3480
3337
3375
3580
3332
3368
3521
3196
3197
3506
3235
3434
3493
3340
3492
3340
3409
2818
3280
3363
3559
3461
3321
3568
3400
3550
3565
3428
3368
3307
3509
3242
3403
3614
3518
3402
3404
3214
3359
3348
3279
3084
3408
3294
3425
3587
3519
3326
3103
3361
3462
3401
3623
3518
3657
3513
3425
3125
3498
3380
3497
3564
3470
3493
3409
3484
3626
3613
3166
3478
3394
3441
3143
3513
3570
3237
3452
3401
3441
3523
3484
3542
3277
3298
3440
3390
3380
3169
3203
3234
3436
3446
3529
3420
3521
3502
3237
3469
3319
3465
3074
3416
3383
3144
3278
3425
3549
3400
3539
3511
3377
3072
3387
3314
3209
3385
3502
3570
3397
3510
3577
3470
3298
3174
3512
3486
3433
3465
3430
3537
3512
3467
3311
3688
3308
3574
3349
3147
3566
3461
3417
3460
3376
3622
3541
3236
3536
3491
3393
3357
3454
3374
3487
3389
3323
3342
3439
3513
3256
3529
3475
3351
3486
3462
3594
3463
3432
3515
3509
3477
3386
3561
3482
1529
3480
3436
3428
3464
3291
3531
3508
3515
3297
3399
3400
3319
3550
3643
3416
3198
3426
3491
3489
3246
3236
3513
3217
3310
3515
3452
3363
3532
3411
3412
3496
3612
3470
3299
3377
3505
3425
3247
3441
3090
3532
3380
3414
3391
3462
3341
3428
3100
3519
3270
3328
3197
3504
3609
3384
3466
3469
3502
3386
3558
3290
3100
3504
3457
3387
3459
3437
3249
3541
3511
3555
3460
3605
3538
3473
3524
3347
3405
3445
3052
3603
3485
3463
3265
3277
3369
3404
3489
3530
3337
3517
3638
3340
3420
3342
3481
3404
3256
3483
3343
3113
3443
3377
3459
3382
3508
3357
3490
3416
3417
3370
3526
3552
3439
3244
3339
3509
3379
3327
3465
3408
3245
3320
3570
3344
3500
3529
3588
3219
3402
3487
3598
3423
3134
3549
3160
3437
3450
3498
3151
3475
3474
3435
3536
3419
3452
3483
3222
3450
3306
3631
3483
3480
3335
3467
3475
3264
3749
3335
3273
3522
3368
3571
3247
3428
3483
3270
3404
3545
3240
3385
3497
3507
3507
3499
3260
3561
3558
3606
3472
3472
3558
3294
3508
3293
3521
3485
3576
3491
3555
3492
3137
3305
3400
3625
3185
3511
3458
3336
3509
3504
3362
3493
3550
3057
3597
3423
3591
3560
3585
3577
3503
3311
3378
3516
3491
3512
3361
3389
3516
3586
3491
3516
3344
3552
3371
3372
3511
3567
3242
3525
3224
3078
3464
3288
3554
3523
3293
3195
3490
3605
3494
3457
3487
3481
3362
3467
3499
3407
3240
3387
3228
3524
3367
3580
3566
3245
3563
3344
3291
3513
3256
3522
3425
3410
3532
3419
3387
3567
3416
3353
3312
3164
3344
3290
3550
3471
3428
3433
3531
3466
3525
3520
3383
3496
3359
3399
3399
3040
3549
3464
3239
3476
3448
3323
3409
3570
3485
3560
3498
3310
3472
3518
3429
3267
3585
3490
3537
3504
3526
3419
3537
3519
3447
3418
3338
3391
3193
3590
3466
3370
3528
3417
3315
3322
3350
3445
3638
3394
3506
3354
3449
3366
3469
3452
3528
3607
3470
3231
3506
3562
3518
3428
3531
3374
3453
3450
3424
3469
3424
3572
3739
3105
3440
3506
3289
3577
3296
3529
3407
3577
3449
3399
3457
3427
3462
3450
3550
3572
3497
3430
3458
3396
3325
3283
3476
3480
3328
3458
3412
3497
3400
3459
3272
3398
3545
