3695
3631
3628
3518
3586
3597
3534
3748
3800
3632
3465
3258
3517
3328
3799
3504
3531
3309
3852
3351
3528
3472
3676
3670
3388
3639
3390
3673
3525
3623
3751
3425
3527
3732
3723
3701
3707
3647
3618
3504
3738
3732
3783
3610
3751
3450
3609
3848
3759
3833
3495
3668
3476
3100
3524
3373
3764
3265
3737
3347
3659
3495
2985
3276
3696
3574
3750
3730
3593
3764
3781
3790
3437
3435
3631
3406
3664
3194
3596
3555
3765
3772
3785
3625
3245
3619
3386
3626
3713
3742
3642
3642
2549
3645
3652
3558
2682
3371
3613
3742
3840
3805
3683
3480
3397
2516
3524
3824
3575
3494
3650
3681
3334
3653
3746
3492
3554
3815
3770
3526
3541
2086
3599
3590
3108
3595
3665
3485
3608
3611
3797
3559
2929
3594
3696
3866
3618
3537
3692
2719
3737
3764
3715
3746
3618
1131
3804
3593
3656
3586
3609
3583
3297
3722
3804
3540
3574
3376
3675
2453
3689
3806
3503
3766
3537
3732
3632
3450
2359
3682
3782
3550
3449
3582
3706
2409
3606
3547
3581
3625
3752
3858
3589
3661
3791
3732
3563
3564
3769
3655
3690
3528
3414
3633
3648
3604
3778
3451
3510
3387
3641
3522
2577
3431
3658
3426
3588
3520
3735
3559
3547
3774
3407
3622
3726
2911
2461
3787
3076
3584
3586
3573
3692
3471
3617
2840
3537
3384
3678
3751
3545
3672
3452
3705
3714
3601
3560
3463
3703
3412
3415
3765
3677
3486
3524
2987
3350
3498
3631
3256
3475
3505
3643
3694
3809
3560
3513
3482
3604
3588
3761
3678
3703
3694
3414
3446
3658
3644
3673
3740
3750
3712
3629
3655
3757
3783
3433
3675
3631
3773
3523
3668
3813
2696
3788
3620
3741
3690
3423
3803
3573
3018
3673
3610
3568
3343
2638
3246
3671
3633
3741
3707
3669
3823
3428
3499
3470
3794
1637
3661
3580
2593
3657
3684
3680
3582
3735
3775
3631
3102
3699
3570
3573
3722
3758
3677
3458
3705
3747
3746
3572
2633
3637
3770
3704
3720
3522
3789
3767
3585
3424
3850
3484
3705
3402
2421
3822
3621
3668
3539
3577
3618
3758
2587
3780
3700
3528
3573
3547
3629
3664
3575
3518
3527
3649
3572
3409
3670
3695
3451
3645
3611
3705
3653
3557
3705
3755
3642
3531
3782
3756
1531
3707
3550
3635
3736
3449
3715
3680
3541
3403
3549
3582
3604
3809
3867
3563
3451
3642
3741
3568
3288
3550
3681
3343
3607
3752
3590
3705
3791
3702
3682
3760
3733
3664
3471
3596
3564
3723
3041
3544
3217
3667
3595
3596
3603
3665
3548
3700
3401
3687
3485
3689
3505
3751
3837
3630
3561
3687
3480
3580
3772
3567
2606
3705
3508
3634
3522
3669
3558
3799
3813
3551
3631
3845
3864
3722
3743
3564
3622
3684
2893
3683
3704
3634
3220
3357
3541
3493
3660
3735
3486
3692
3768
3594
3715
3574
3665
3459
3615
3692
3637
2786
3673
3586
3588
3660
3606
3497
3710
3764
3627
3429
3755
3533
3584
2940
3525
3753
3487
3494
3663
3662
3479
3505
3726
3597
3562
3666
3676
3444
3450
3512
3665
3513
3455
3630
2624
3550
3613
3731
3336
3739
3508
3486
3744
3595
3757
3630
2752
3391
3448
3763
3650
3733
3538
3487
3672
3398
3890
3398
1943
3737
3453
3779
2804
3642
3546
3475
3598
3788
3451
3572
3764
3688
3767
3637
3414
3693
3717
3786
3467
3688
3717
3515
3696
3550
3652
3610
3829
3520
3792
3702
3060
3558
3671
3836
2700
3826
3726
3513
3737
3609
3583
3750
3699
3367
3750
3409
3726
3743
3744
3778
3504
3482
3519
3625
3804
3730
3651
3650
3845
3738
3590
3733
3387
3795
3285
3642
3700
3718
3569
3799
3484
3028
3678
3431
3847
3664
3469
3436
3684
3818
3846
3646
3689
3709
3500
3537
3789
3602
3412
3560
3634
3686
3560
3719
3709
3451
3623
3659
3470
3723
3461
3809
3754
3548
3740
3652
3517
3818
3653
3591
3547
2272
3555
3288
3680
3644
3546
3736
3726
3800
3758
3738
3522
3763
3515
3655
3616
2645
3674
3505
3493
3812
3666
3387
3512
3712
3618
3777
3775
3482
3743
3759
3652
3541
3698
3715
3731
3603
3713
3579
3817
3735
3534
3486
3385
3535
2737
3845
3544
3335
3675
3673
3598
3335
3489
3715
3708
3363
3579
3444
3664
3553
3726
3447
3739
3803
3593
3520
3729
3742
3695
3553
3637
3605
3624
3530
3614
3681
3670
3773
3965
3300
3483
3729
3391
3711
3489
3736
3687
3706
3596
3559
3672
3649
3779
3632
3837
3748
3698
3494
3615
3616
3476
3084
3703
3655
3450
3565
3622
3619
3597
3685
3351
3641
3814
