2621
2581
2724
2517
2605
2618
2689
2588
2569
2571
2573
2675
2480
2662
2577
2542
2674
2465
2625
2577
2572
2575
2550
2588
2581
2551
2558
2598
2677
2552
2620
2586
2599
2617
2602
2577
2597
2516
2555
2619
2586
2604
2581
2550
2728
2616
2796
2591
2798
2615
2624
2719
2832
2494
2523
2598
2595
2466
2486
2686
2731
2512
2523
2525
2604
2619
2602
2655
2585
2598
2575
2515
2613
2637
2532
2677
2478
2497
2652
2606
2604
2582
2589
2691
2526
2566
2665
2544
2625
2804
2552
2593
2639
2531
2528
2693
2638
2577
2548
2544
2675
2617
2522
2582
2747
2577
2600
2545
2589
2182
2639
2620
2616
2573
2703
2839
2562
2611
2572
2518
2706
2583
2629
2663
2582
2537
2623
2604
2719
2758
2541
2531
2606
2562
2505
2728
2604
2598
2597
2545
2562
2598
2192
2560
2623
2661
2576
2552
2686
2545
2590
2598
2534
2654
2555
2739
2706
2541
2716
2455
2587
2547
2529
2585
2600
2522
2718
2611
2590
2584
2567
2612
2565
2575
2744
2683
2929
2595
2522
2549
1865
2710
2532
2586
2562
2535
2550
2593
2602
2562
2601
2711
2792
2563
2609
2561
2533
3064
2601
2644
2494
2549
2766
2489
2756
2181
2614
2619
2737
2578
2609
2595
2742
2608
2536
2582
2545
2602
2550
2528
2632
2421
2553
2568
2624
2618
2734
2657
2524
2629
2586
2567
2466
2589
2667
2498
2521
2647
2650
2539
2499
2639
2631
2536
2543
2591
2599
2628
2675
2535
2729
2573
2580
2522
2695
2675
2556
2589
2680
2441
2632
2583
2564
2561
2598
2774
2808
2612
2593
2570
2677
2620
2657
1970
2576
2651
2802
2576
2455
2652
2519
2617
2570
2711
2553
2632
2533
2635
2659
2548
2563
2774
2525
2568
2549
2547
2490
2768
2656
2535
2516
2714
2718
2516
2642
2577
2485
2606
1116
2546
2643
2570
2641
2555
2599
2444
2568
2572
2669
2596
2529
2503
2528
2591
2695
2650
2527
2575
2575
2600
2541
2508
2543
2772
2590
2527
2630
2541
2619
2463
2604
2545
2586
2534
2676
2614
2599
2588
2531
2641
2607
2594
2564
2602
2605
2648
2570
2580
2561
2627
2417
2574
2547
2522
2617
2653
2531
2529
2598
2564
2496
2565
2621
2547
2592
2599
2515
2606
2597
2613
2627
2197
2525
2522
2530
2583
2514
2670
2619
2551
2781
2682
2558
2629
2581
2621
2579
2579
2772
2607
2623
2599
2713
2838
2574
2472
2588
2579
2910
2707
2580
2636
2614
2564
2674
2596
2596
2543
2568
2604
2614
2878
2464
2654
2618
2576
2618
2668
2557
2620
2655
2601
3192
2564
2552
2565
2818
2488
2585
2582
2536
2381
2662
2563
2612
2543
2571
2630
2559
2566
2567
2450
2720
2501
2567
2584
2581
2655
2566
2615
2595
2690
2690
2551
2584
2556
2661
2593
2558
2698
2484
2541
2549
2909
2595
2621
2546
2536
2505
2604
2631
2584
2510
2670
2554
2563
2590
2663
2527
2574
2605
2535
2583
2654
2592
2580
2643
2534
2635
2483
2574
2555
2618
2627
2513
2989
2582
2604
2609
2581
2609
2619
2665
2619
2529
2493
2674
2523
2553
2603
2660
2521
2585
2716
2530
2574
2543
2542
2602
2490
2676
2514
2510
2839
2587
2516
2884
2526
2567
2491
2578
2701
2729
2565
2631
2523
2662
2588
2537
2656
2533
2708
2651
2784
2583
2612
2560
2499
2572
2558
2604
2624
2704
2834
2589
2605
2442
2497
2428
2590
2770
2539
2550
2576
2586
2798
2586
2653
2763
2577
2619
2626
2654
2491
2614
2556
2692
2565
2125
2513
2685
2578
2549
2569
2557
2524
2569
2556
2541
2641
2529
2611
2547
2611
2758
2541
2599
2543
2586
2808
2529
2706
2631
2500
2497
2813
2685
2580
2568
2534
2516
2545
2697
2624
2665
2556
2585
2511
2614
2721
2525
2624
2597
2577
2607
2698
2607
2687
2611
2845
2588
2625
2518
2499
2687
2741
2557
2601
2567
2591
2496
2549
2622
2530
2602
2562
2700
2586
2500
2580
2597
2742
2607
2628
2543
2527
2670
2085
2596
2652
2632
2529
2544
2532
2662
2622
2558
2583
2586
2523
2667
2571
2518
2678
2748
2545
2539
2849
2573
2608
2560
2530
2583
2628
2590
2646
2780
2594
2484
2682
2621
2658
2666
2601
2572
2571
2641
2622
2648
2590
2509
2537
2570
2579
2549
2598
2745
2725
2620
2563
2569
2620
2602
2689
2594
2559
2535
2800
2607
2538
2568
2784
2570
2641
2565
2535
2550
2561
2607
2561
2654
2656
2472
2900
2583
2631
2614
2643
2672
2648
2664
2589
2178
2678
2525
2536
2675
2624
2586
2669
2500
2491
2587
2587
2569
2570
2554
2623
