-313
-214
-173
-191
-172
-298
-224
-271
-293
-202
-244
-193
-295
-223
165
-212
-185
-243
-144
-191
-245
-85
-189
-281
-224
-243
-293
-80
-191
-90
-96
-291
-78
-157
98
-104
-162
-220
-174
-290
-199
-66
-186
-266
-153
-192
-170
-227
-210
-229
-252
-193
-85
-212
-226
-221
-185
-153
-209
-250
-197
-191
-192
-261
-215
-249
-260
-227
-221
-238
-161
-202
-160
-226
-127
-309
-224
-225
-202
-149
-268
-194
-193
-169
-264
-228
-185
-161
-189
-281
-129
5
-221
-186
-204
-134
-197
-170
-214
-189
-224
-238
-169
-65
-79
-192
-200
-199
-169
-254
-61
-224
-342
-203
-177
-259
-162
-282
-201
-198
-193
-153
-143
-319
-220
-202
-291
-194
-207
-118
-226
-239
-164
-330
-262
-195
-246
-228
-194
-234
-174
-293
-274
-293
-176
-323
-162
-229
-36
-347
-180
-197
-274
-290
-289
-137
-249
-111
-208
-535
-317
-217
-201
-122
-117
-126
-118
-153
-209
-83
-201
-314
-219
-184
-165
-229
-189
-129
-187
-240
-172
-194
-200
-168
-210
-203
-266
-255
-459
-173
-330
-74
-238
-251
-228
-127
-291
-217
-199
-153
-198
-287
-187
-131
-382
-250
-206
-246
-223
-176
-258
-236
23
-152
-238
-242
-189
-220
-260
-271
-124
-249
-172
-167
-190
-333
-227
-190
12
-217
-185
-208
-128
-240
-230
-204
-205
-212
-239
-232
-246
-295
-201
-270
-211
-204
-181
-133
-209
-241
-161
-234
-252
-193
-219
-209
-201
-282
-274
-137
-155
-273
-279
-354
-232
-244
-172
-189
-223
-239
-158
-204
-114
-233
-246
-250
-245
-269
-577
-322
-261
-231
-308
-320
-82
-218
-257
-187
-188
-112
-219
-261
-120
-207
-104
-211
-269
-177
-218
-207
-206
-26
-124
-206
-281
-243
-242
-240
-146
-289
-269
-243
144
-261
-208
-197
110
-287
-252
-200
-61
-297
-201
-170
-268
-265
-311
-175
-297
-462
-12
-193
-369
-139
-226
-257
-191
-111
-158
-184
21
-346
-219
-176
-131
-189
-147
-273
-29
-278
-258
-251
-154
-237
-189
381
-214
-97
-171
-232
-258
-182
-349
-320
-221
-220
-273
-109
-115
-76
-275
-235
-195
-103
-229
-162
-301
-179
-283
-250
-189
-171
-167
-170
-162
-368
-118
-244
-308
-159
-177
-12
-218
-15
-290
-223
100
-186
-252
-113
-163
-208
-243
56
-201
-141
-221
-307
-206
-181
-203
-154
-226
-250
-136
-208
-76
-261
-195
-255
-276
-163
-290
-362
-242
-50
-221
-200
-254
-241
-122
-191
-1
-401
-219
-230
-7
-245
-113
-170
-214
-205
-372
-170
-240
-154
-218
-199
-26
-332
-207
-259
-166
-223
-231
-472
-238
-51
-53
-374
-250
-272
-149
-178
-252
-219
-132
-181
-113
-250
-252
-132
-296
-229
-146
-208
-179
-221
-200
-244
-198
-248
-190
-150
-161
-108
-177
-257
-150
314
-223
-224
-233
-211
-175
-150
-291
-221
-214
-231
-130
-147
-279
-226
-179
-260
-204
-251
-266
-213
-63
-252
-305
-278
-210
-172
-211
-177
-299
-118
-8
12
-202
-133
-202
-183
-261
-179
-115
-198
-248
-290
-176
-126
-253
-233
-205
-199
101
-149
-272
-194
-252
-219
-153
-181
-208
28
-200
29
-183
-281
-252
-268
705
-168
-295
-94
-205
-401
-240
-293
-332
-283
-154
-92
-226
-391
-85
-217
-223
9
-241
-191
-355
-243
-251
-158
-188
-203
-228
-158
-242
-286
-286
-301
-210
-164
-238
-161
-331
-298
-222
-174
-209
-208
-171
-131
315
-274
19
47
-248
-252
-184
-275
-336
-184
-237
-132
1271
-177
-188
-179
-224
-156
-204
-168
-257
-88
-158
132
-197
-203
-166
-79
-122
60
-182
-277
-161
32
-161
-238
-128
-84
-86
-158
-245
-147
-203
-162
-357
-243
-166
-233
-88
-89
-228
-220
-138
-168
-276
-413
565
-90
-333
-226
-178
-170
-170
-194
112
-283
-63
-166
67
-198
-293
-120
20
-276
-255
-115
-224
-342
-194
-238
-177
-401
-289
-220
-215
-198
22
70
-185
-230
-200
-38
-286
-306
-176
-242
-299
-211
-87
-293
-216
-100
-344
-170
-243
-172
-217
-286
-162
97
-192
-197
-274
-179
-154
-106
-246
-12
-246
-147
-137
-266
-218
-220
-259
-269
-234
-90
-163
-207
1147
-172
-227
-230
-285
-226
-231
-223
-208
-371
-191
-210
-190
-170
135
-239
-240
-176
18
-198
-224
-212
153
998
-162
-196
-162
-202
-239
-186
-266
-235
-240
-234
100
-265
-3
-294
-147
-87
-146
-157
-252
-97
-178
-272
-207
-225
-214
-164
-182
-256
-202
-187
-280
-223
-168
-187
-157
-269
-223
-246
-201
-254
-245
-246
-241
-223
-259
-200
-235
-505
-230
-276
-275
-253
-1
-179
-117
-266
-227
-232
-235
-295
-126
-123
-228
-166
-167
-269
-75
-216
-248
-231
-296
-385
-122
-107
-223
-179
-176
-155
-386
-211
-295
56
-171
-255
-21
-252
-200
57
-282
-180
-164
-214
-232
-258
-173
19
-250
-164
-268
-93
-162
-169
-244
-266
-131
-263
-172
-224
-255
-249
-111
-200
-211
-580
-213
-158
-40
-172
-251
-262
-245
-272
-182
-182
-228
-263
-260
-271
-131
-247
-272
-207
-246
-195
-336
-229
224
-174
-201
-95
-306
-244
-68
-220
-214
-43
-268
-198
-228
-261
-281
-159
-157
-220
-213
-139
-124
-267
-248
-312
-205
-153
-219
-193
-242
-192
-281
-250
-181
-225
-181
-146
-1
-160
-150
-231
-92
-203
-268
-164
-330
-217
-314
-183
-353
-264
-216
-226
-270
-241
-214
-250
-270
-222
-225
-262
-132
-268
-174
-274
-217
-196
-222
-255
-74
-247
-237
-245
-219
-227
-193
-118
-205
1195
-258
-195
-299
-258
-269
-65
-315
-104
-140
-309
-181
-122
-217
-283
-208
-111
-74
-21
-223
-234
-168
-311
-298
-323
-265
-175
-102
-322
-237
-147
-197
-260
-222
-201
-76
-258
-238
-329
681
207
30
-219
46
-231
-132
-231
-240
-148
-226
-35
-250
177
-194
-186
-176
-253
-307
-283
-237
-286
-291
-146
-6
-240
33
-218
-188
-161
-177
-219
-253
-222
-128
-321
-361
-215
-278
-172
-379
-147
-252
-276
-295
-173
-238
-200
-109
-260
-199
-104
-263
-254
-162
-157
-227
-443
-55
-242
-238
-182
-221
-255
-219
-173
-300
-204
-40
-239
-205
-231
-318
-95
-251
-145
-254
-188
-114
-331
-318
-244
-163
-256
-216
-200
-223
-204
-108
-206
-199
-210
-211
-175
-207
-51
-277
-171
-250
-56
-249
-295
-255
-198
-145
-314
316
-214
-278
-253
-204
-343
-213
-199
-198
-232
-230
-197
-269
-235
-246
-211
-316
-225
-187
-103
-289
-136
-201
-108
-271
-91
-251
-231
-297
-208
-309
-141
-65
-302
-198
-210
-165
-6
-264
-241
-91
-207
-325
-165
-215
-155
-230
-139
-190
-94
-223
-232
-182
-236
-271
-156
-178
-307
-138
-184
-180
-215
-224
-259
-137
-126
-241
-61
-128
-204
-157
-135
-222
-198
-323
-239
-281
-229
-244
-150
-132
-165
125
-244
-248
-190
-231
-47
-128
12
-297
-270
-193
-251
-281
-175
-203
-177
-183
-165
-91
-149
-231
83
-67
-173
-198
-196
-74
-49
-175
-213
-212
-135
-202
-20
-177
-223
-219
-38
-155
-272
-208
-180
-135
-110
-236
-270
-201
-209
-306
-126
-226
-148
-191
-279
-216
-242
-195
-251
-190
-210
-98
-132
-212
-172
-122
-262
-251
-97
-264
-204
-229
-195
-235
-240
-222
-287
-240
-216
-253
-225
-174
20
-182
-413
-138
-250
-156
-246
-253
-169
-159
-99
-232
-184
-128
-245
-162
-159
-226
-161
-241
-217
-283
-231
-172
-248
-220
-181
-242
40
-227
-150
-221
-226
-424
-189
-141
-198
-84
-244
-299
0
-257
-299
-253
-133
-175
-224
-202
-214
-209
-196
-285
-323
-291
-149
-216
-180
-334
-158
-204
-294
-183
-182
-247
-244
-30
-184
-216
-210
-130
-160
-7
-180
-17
-127
-260
-222
-249
-208
-219
-196
-204
-241
-256
-237
-222
-135
-326
-270
-181
-240
-193
-264
-142
-52
-104
-171
-240
-157
-242
-190
-243
-179
-236
-254
-368
-188
-207
-227
-155
-317
-212
-235
-227
-279
-108
-274
124
-205
-187
-260
-102
-239
-266
-149
-232
-253
-238
-260
-225
-213
-242
-193
-183
-118
-239
-249
-265
-139
-287
-123
-168
-212
-62
-244
-97
-243
-209
-199
-155
-254
-146
-198
-84
-252
-173
-277
-190
-265
-4
-234
-303
-160
-180
-122
-303
-119
-244
-289
-100
-115
-136
-155
-208
-475
-263
-295
-43
-242
-205
-177
-210
-200
-166
-131
-227
-249
-60
-145
-205
-156
-286
-256
-204
-159
-257
-233
-225
-225
-232
-57
-157
-226
-139
-123
-214
-212
-156
-136
-79
-214
-229
-177
-238
-210
-185
-204
-145
-407
-264
-240
-175
-173
-60
-319
-211
-217
-189
-255
-249
-242
-230
-257
-105
-235
-222
-6
-222
-203
-158
-239
285
-239
-37
-220
-123
-139
-305
-134
-146
-28
-307
-247
-215
-236
-267
-207
-120
-133
-168
-242
-255
-223
-188
-221
-162
-200
-170
-231
-200
-235
-216
-249
-227
-256
-345
-144
-285
324
-327
-402
-139
-212
-135
-224
-67
-290
-190
-227
-223
15
-303
-245
-243
-156
-194
268
-1
-105
395
-258
-202
-276
-161
-248
-3
-231
-229
-323
-203
-46
-242
-210
-53
-297
-282
-321
-132
-201
-213
-192
-241
-183
-254
-154
-309
-270
-216
31
-248
-249
-122
-197
-260
-302
-485
-185
-272
-137
-189
-231
-30
-228
18
-301
-210
-96
-127
-301
-175
-240
-235
-176
-188
-128
-278
-322
-203
-233
-31
-202
-213
-245
-205
-267
-204
-270
-246
-115
-179
-210
-209
-217
147
-228
-245
-296
-193
-230
-197
-238
-211
-200
-111
1139
-272
-233
-228
-219
-229
-194
-121
-216
-213
-119
-202
-186
-171
-133
-299
-189
-278
-160
-254
-260
-285
-134
-167
-262
-186
-277
-203
1364
-152
-176
527
-218
-133
-198
-184
-282
-172
-198
-170
-72
-270
-72
-20
-213
17
-232
-207
-224
-198
-231
8
-166
-164
-218
-211
-208
-205
-175
-252
-189
-202
-287
-196
-137
-272
-150
-185
-268
-196
-268
111
-228
-258
-288
-194
-132
-236
-294
-247
-220
-196
-214
-226
-210
-240
-307
-224
9
211
-269
-215
-179
-243
-254
-211
-221
-314
-247
-205
-258
-223
-348
-267
-286
-275
-276
-220
-173
-141
-5
-283
-237
-263
-249
-258
-241
-72
-195
-196
-244
-216
-210
-228
-233
-236
-228
-177
-92
-232
-186
-209
-218
-257
-192
-182
-194
-249
-296
-165
-116
-93
-226
-80
-201
-182
-132
-190
-212
-217
-240
1090
-245
-94
-193
-147
-215
-49
-211
-226
-266
-199
-242
-154
-195
-180
-164
-255
-120
-162
-258
-214
-180
-218
-100
-266
-300
-252
-215
-125
-201
-186
-331
-211
-21
-217
-311
-204
-209
-145
57
-236
268
-224
-173
-138
-285
-212
-259
7
-12
-230
-202
-193
-218
-463
-203
57
-122
-190
-187
190
-32
-308
-162
-156
-240
-197
-166
-161
-191
-55
-224
-268
-165
-295
-265
-124
-170
-122
-222
-189
-133
-158
-150
-218
-151
-387
-329
-174
-227
-71
-208
-198
-170
-207
-213
-240
68
-187
-179
-222
-222
-258
-237
-280
-302
-256
678
-314
-139
-173
-229
-330
-203
-204
-268
-216
-307
-262
-242
658
-143
-133
18
-245
-171
-276
-190
-143
-257
-231
-227
55
-176
-196
-59
-253
-161
-248
-238
-236
-162
-222
-246
-255
-2
-252
-281
198
-162
73
-565
-199
-222
-228
-207
347
-177
-200
-199
-223
-176
-224
-244
-317
-160
-161
-298
-126
-265
-214
-261
-246
-216
-289
-194
-203
-265
-225
-143
-98
-167
-240
-263
-236
-158
-185
-131
-105
-163
-218
-230
-173
-165
-235
-236
-308
-330
-239
-199
-231
-137
-244
-291
-155
-279
-227
-205
-228
-197
-219
-229
-200
-153
-204
-256
-243
-251
-180
-220
-134
-109
-159
-201
-244
-220
-189
-259
-192
-122
-234
-313
-264
-206
-37
-30
-188
-244
-205
-197
-165
-189
-119
-250
-232
-275
-272
-167
-254
-314
-238
-159
-145
-400
-106
-181
-260
-639
-236
-123
-364
-196
-217
-261
-116
-253
-243
-252
-166
-258
-286
-203
-82
343
-164
-141
-323
-148
-186
-160
-129
-120
-222
-204
23
-224
-221
-146
-271
-198
-238
-215
-186
-187
-160
-110
-239
-167
-335
-226
-133
-188
-216
-239
-205
-259
-182
-243
-223
-299
-269
-215
-250
-200
-255
-283
-264
-129
-255
-179
-163
82
-225
-145
-294
-97
-167
-112
-229
-217
-301
-196
-185
-208
-227
-215
-164
-157
-254
-191
-290
-221
-179
-166
-203
-154
-242
-81
-313
-233
-226
-153
-308
-398
-275
-170
-301
-105
-272
-130
-223
-206
-115
-244
-225
-206
-205
-192
-117
-23
-221
-222
-268
-232
-226
-147
-127
-238
-230
-228
-255
-199
-202
-109
-196
-108
141
-269
70
-172
-68
-227
-297
-54
-305
-317
-242
-109
-175
-111
-293
-322
-253
-185
-234
-164
-177
-223
-376
-220
-213
-187
-262
-128
-185
-205
-210
-47
-241
-168
-289
-266
-539
-105
-263
-177
-228
-192
-162
-289
-149
-239
-255
-208
-189
-44
-165
-154
-181
-190
-159
-271
-157
-156
-42
-153
-160
-221
-120
-259
-255
-214
-228
-169
-213
-222
-205
-133
-169
-226
-231
-100
-192
-212
-170
-258
-145
-182
-178
-226
-198
-119
-252
-363
-221
-175
-129
-295
-220
-229
-233
-459
-137
-255
-248
-173
-172
-345
-231
-199
-227
-248
-264
-176
-170
-175
33
-197
-228
-211
-61
-205
-155
-109
-198
-234
-296
-151
-174
-103
-248
-241
-258
-229
-200
-190
-119
-277
-253
-260
-239
-225
-298
-174
-224
-252
-127
-302
-225
-78
-237
-53
-203
-329
-222
-189
-77
-160
-126
-165
-229
-72
-224
-163
10
-96
-274
-179
-162
-144
-184
-169
-207
-272
-242
-138
-253
-234
-128
-151
-233
-198
-187
-206
-208
-75
196
-35
-189
433
-199
-302
3
-184
-178
-257
-219
-162
-255
-235
-182
-245
-236
-93
-349
-233
-167
-107
-185
-186
-229
-208
-183
-285
-170
-291
-451
-233
-72
-255
-232
-261
-235
-280
-156
-205
96
-291
-214
-154
-157
-244
-243
-273
-541
14
-253
-257
-251
271
-207
-227
-217
-143
-255
-189
-205
-36
-140
-200
-269
-192
-253
142
-250
-197
-59
-186
-280
-156
-74
-309
-274
-258
-120
-64
-200
-236
-262
71
-223
-140
-219
-158
-158
491
-252
-248
-247
-200
-238
-469
-213
-199
-207
-192
-254
-223
-52
-365
-307
-179
-210
-62
-161
-307
-230
-102
-237
-220
-174
-273
-256
-288
-169
-177
-191
-252
-256
-198
-264
-199
176
-223
-169
-253
-137
-228
-381
-208
-166
-173
-257
-217
-95
-275
-99
-211
-379
-194
-198
-420
173
-157
-253
-294
-248
-193
-166
-244
-255
-209
62
-228
-290
-242
-352
-214
-175
-214
-207
-239
-293
-131
-239
-164
-212
-145
-213
-289
-208
-76
-278
4
-139
-191
-130
-199
-307
-312
-151
-187
-260
-213
-203
-194
-155
-282
-238
-242
-179
11
-210
-251
-214
-233
-326
-222
-298
-233
-193
-193
-216
-276
-348
-193
-244
-276
-208
-215
-311
-203
-185
-67
-165
-157
-224
-260
-45
-62
-311
-175
-246
-303
-229
-170
-151
-200
-211
-269
-234
-223
-186
-187
-212
-127
-222
-283
-149
-264
-178
-172
-425
-206
-235
-205
-196
-286
-181
-285
-234
-296
-239
-204
-197
-193
-177
-195
-214
-157
-133
-233
-206
-131
-97
-156
-151
-156
-177
-237
-236
-268
-125
-270
-295
-244
-286
-244
44
-179
-137
-276
-163
-4
-104
-227
-192
-222
-166
-258
-253
-268
-194
-119
-226
-221
-147
-150
-135
-230
-189
-334
-208
152
-229
-125
-237
-74
-213
-241
-236
-234
-259
-176
-128
-249
-199
-166
-304
-73
-202
-245
-238
-240
59
-279
-295
-246
-147
-203
-277
-219
-42
-178
-201
-185
-244
-242
-290
-341
-200
-108
-180
80
-97
-192
-87
-252
-187
-245
-291
-162
-283
-256
-151
-274
-160
-315
-247
-269
-307
-175
-251
-113
-255
-224
-180
-152
-192
-237
-178
-223
-279
-231
-193
-231
-245
-199
501
-50
-222
-241
-169
-244
-200
-214
-113
-244
-198
-168
-176
-202
-261
-144
-93
-234
-175
-164
-318
-180
-465
97
-289
-144
-129
-227
1149
-12
-163
-190
-274
-109
-189
-163
252
-159
-98
-158
-263
-296
-226
-175
-200
-296
-208
-314
-221
-188
-248
-250
-196
124
-197
-181
-70
-240
-211
-251
-305
-214
-167
-288
-274
-290
-220
-116
-189
-237
-231
-161
-284
-209
-223
-273
-204
-195
-325
-210
-216
-171
-198
-175
-234
-71
-310
-127
-224
-193
-342
-225
-130
-84
-258
-291
-189
-330
-229
-222
175
-156
-112
-35
-153
-232
-134
-330
-137
-194
-229
-286
-255
-262
-260
-266
-152
-244
-244
-185
-214
-202
-258
-311
-224
-140
-131
-240
-165
-141
-228
-160
-135
-254
-220
-190
49
-125
-256
-191
-94
-186
-202
-172
-449
-268
-44
-75
-91
-124
-215
-320
-234
-263
-186
-190
-244
-169
-178
-175
-312
-4
-251
-221
-269
-128
-185
-271
-199
-245
-175
-72
-205
-216
-265
-237
-502
-53
-206
-176
-151
-202
-266
-235
-201
-158
-117
-265
-149
-246
-165
-117
-206
-207
-215
-213
-189
-151
-126
-168
-155
-260
-266
-201
70
-188
-166
-312
-234
-243
-487
-228
-252
-207
-201
-183
-80
-266
-167
-122
-263
-208
-313
386
-32
-344
-295
-185
-141
-182
-248
-206
-286
-122
-165
-251
-281
-265
-299
-160
-258
-250
-158
-212
-331
-140
-244
-291
-134
-197
-98
-188
-221
-224
-126
-139
-117
-222
-130
-255
-226
-199
-191
-19
-248
-235
-109
-284
-255
-145
-159
-206
-200
-205
136
-253
-342
-167
-217
-216
-284
-209
-207
-242
-45
864
-249
-28
-210
-185
-288
663
-160
-226
-228
-220
-193
-179
-263
-154
-256
-204
-264
-105
-171
-148
-250
-235
-175
-281
-229
-222
-116
-201
-176
-256
