3622
3563
3325
3288
3879
3546
3633
3615
3564
3416
3135
3156
3262
3156
3470
3380
3048
3129
3704
3706
3703
3400
3571
3671
3228
3774
3289
3638
3307
3386
3577
3291
3678
3660
3603
3515
3543
3501
3471
4012
3530
3649
3520
3501
3544
3375
3808
3577
3678
3512
3678
3466
3896
3206
3403
3203
3413
3217
3520
3236
3579
3113
2743
3425
3443
3430
3486
3555
3480
3759
3571
3648
3507
3016
3632
2988
3472
2729
3221
3349
3540
3688
3664
3400
2780
3167
3343
3373
3500
3628
3334
3570
4304
3373
3369
3148
2684
3313
3427
3664
3646
3688
3547
3330
3164
2499
3416
3594
3420
3212
3500
3468
3341
3660
3523
3410
3463
3568
3630
3392
3528
3056
3279
3359
2942
3257
3426
3082
3457
3373
3636
3268
2594
3444
3421
3694
3410
2971
3569
2821
3641
3659
3617
3652
3171
3411
3522
3410
3519
3568
3220
3431
3045
3599
3505
3319
3530
3374
3564
2700
3559
3611
3193
3606
3391
3606
3536
3310
3694
3499
3462
3443
3262
3734
3654
3223
3149
3330
3321
3353
3444
3572
3327
3643
3684
3491
3808
3512
3600
3420
3547
3858
3686
3318
3501
3565
3616
3379
3280
3048
3596
3485
2581
3278
3403
3453
3511
3297
3480
3381
3239
3633
3438
3381
3377
2441
2684
3657
2871
3416
3519
3633
3463
3169
3541
2583
3339
3294
3535
3566
3388
3495
3442
3553
3479
3320
3500
3064
3566
3246
3321
3536
3445
3114
3267
2732
3309
3288
3311
3252
3329
3848
3340
3434
3589
3393
3318
3297
3125
3409
3592
3494
3635
3431
3246
3174
3433
3389
3413
3601
3433
3486
3421
3298
3609
3622
2989
3506
3451
3592
3127
3620
3630
2850
3577
3122
3505
3769
3396
3617
3334
2904
3594
3412
3595
3007
2764
3823
3454
3459
3663
3537
3496
3537
3964
3483
3449
3632
6879
3483
3277
2658
3249
3409
3490
3266
3601
3551
3379
2716
3489
3374
3353
3543
3555
3607
3182
3499
3560
3404
3129
2636
3461
3819
3603
3396
3505
3653
3585
3450
3112
3742
3121
3508
3145
2618
3596
3583
3439
3749
3443
3626
3481
2523
3545
3515
3374
3309
3362
3524
3510
3258
3315
3239
3473
3580
3186
3565
3537
3220
3524
3380
3661
3490
3618
3563
3497
3442
3439
3704
3448
15311
3452
3749
3409
3446
3530
3579
3490
3603
3176
3354
3556
3181
3581
3485
3475
3373
3415
3589
3363
3019
3100
3452
3061
3407
3627
3261
3588
3539
3311
3434
3622
3468
3369
3281
3297
3433
3530
2897
3365
3355
3549
3289
3465
3463
3461
3485
3564
3197
3488
3281
3583
3263
3427
3770
3545
3372
3582
3535
3401
3597
3280
2426
3471
3451
3820
3311
3499
3303
3618
3570
3783
3498
3696
3574
3400
3575
3309
3566
3452
2853
3522
3623
3525
3153
3010
3237
3169
3264
3762
3160
3441
3496
3163
3428
3275
3537
3468
3454
3472
3553
2730
3411
3275
3520
3347
3480
3425
3479
3623
3467
3332
3590
3487
3399
2586
3252
3502
3301
3241
3505
3270
3279
3259
3572
3429
3382
3526
3477
3033
3186
3402
3532
3454
3537
3562
2704
3890
3349
3622
3118
3640
3460
3347
3452
3298
3562
3475
2647
3390
3351
3514
3384
3597
3321
3505
3338
3130
3732
3232
2735
3592
3284
3569
4031
3567
3374
3373
3503
3599
3158
3446
3655
3624
3427
3461
3187
3661
3542
3607
3439
3398
3641
3340
3412
3228
3513
3508
3504
3329
3624
3482
2819
3399
3478
3553
2552
3597
3468
3359
3432
3611
3343
3461
3522
4005
3530
3309
3487
3584
3547
3674
3273
3261
3252
3433
3420
3546
3415
3357
3638
3644
3415
3625
3444
3599
3242
3483
3466
3352
3242
3576
3089
2499
3402
3264
3636
3517
3263
3231
3501
3625
3445
3438
3677
3741
3415
3347
3647
3309
3344
3432
3508
3558
3359
3600
3545
3105
3633
3525
3354
3454
2908
3607
3210
3453
3490
3320
3471
3634
3526
3350
3241
2658
3232
3200
3442
3481
3242
3511
3601
3623
3704
3511
3300
3623
3384
3468
3359
2313
3466
3309
3273
3544
3453
3560
3619
3774
3495
3653
3615
3517
3523
3632
3451
3258
3511
3660
3594
3470
3568
3369
3652
3522
3604
3342
2952
3335
2719
3675
3546
3334
3355
3559
3298
3310
3397
3560
3521
3143
3585
3330
3360
3264
3603
3319
3501
3609
3206
3262
3441
3575
3382
3421
3566
3381
3299
3483
3587
3521
3603
3609
3717
3597
3286
3610
3220
3628
3028
3451
3576
3641
3361
3198
3607
3338
3410
3478
3581
3652
3621
3288
3425
3539
3249
3527
3478
3433
3003
3587
3484
3400
3559
3518
3132
3195
3596
