44
-89
-351
-44
-327
-346
-206
-419
-16
-92
-112
-244
84
-412
-95
-545
-391
-247
-90
-258
-431
-159
-58
-391
-241
-327
-249
3
-62
-159
-510
-283
-160
139
-187
-136
-98
-124
-254
-115
22
65
-159
-306
-169
-117
-177
-83
26
-86
231
-262
-332
-88
-465
-440
0
-6
78
18
-151
-269
-146
-43
-237
-484
-220
-304
223
-220
15
-403
-141
-63
-231
86
-117
-275
-306
-195
-166
-299
-218
-426
-191
-229
-192
-153
-66
-576
37
43
-436
-31
-293
142
-370
-62
-185
-127
-103
4
-350
-130
-97
-224
-205
-135
-59
-68
-102
-113
-55
3
-213
-222
-229
-64
-80
-304
-202
-115
-316
-1679
-176
-52
-55
-203
-91
-125
-234
-305
-161
-5
-2
-135
-259
32
-95
-114
-15
-29
-135
-514
-258
15
-101
277
-21
-267
-139
-293
-2
23
4
-304
-145
-202
-295
-92
-111
-118
-51
-239
-557
-137
-355
-354
75
-176
-150
116
-468
-160
-155
-284
-303
-115
-334
-372
-419
-496
-124
-154
-229
-164
-417
-57
-410
-198
-142
4
-451
-120
-281
-192
-52
-133
-258
-160
-98
-258
-262
-112
-57
-773
-82
-152
-220
-241
-193
-242
-189
-423
-154
-12
24
-153
-466
-5
-273
-439
-192
-345
-222
-1028
-215
275
-294
-30
-8
-57
-486
-115
-215
-143
-120
-108
-447
200
-275
-320
-73
-452
-77
-104
-261
-220
4
61
24
-446
34
-33
-251
-24
-25
212
-194
-213
-361
-42
-72
-136
-84
72
-143
-230
-287
-256
-279
-166
10
-201
-103
-102
-223
-239
-108
-23
-363
-513
-72
-113
130
-209
-423
-193
-99
-118
-257
-262
-123
-192
-404
-273
59
-235
-264
-236
59
-149
-146
-324
-452
-103
-187
32
-2730
-218
-45
-6
-442
-172
-146
-219
-215
-325
-161
72
-151
-396
-323
172
-61
-27
-218
-583
-103
38
-217
-206
-234
-613
-98
-33
61
-174
-185
-53
-194
-429
-140
-243
-188
87
-163
39
-168
280
-129
-114
-638
-189
-62
-51
-124
-227
-166
-275
-140
-96
-401
-189
-317
-303
-3
-148
-49
-45
263
-195
-148
-34
136
-179
-392
52
-34
-327
-109
5056
-71
-75
-511
-166
-20
-247
-52
-18
-284
-255
-281
-49
-224
-120
39
78
-316
-111
-227
-158
-388
-125
-130
-54
-199
200
-359
-149
-293
-211
-111
47
-114
-254
-258
-136
-249
-183
-187
-34
-327
-131
-231
-383
-134
41
23
-233
72
60
-72
-264
-59
-178
-124
-128
-22
-50
-245
-152
-274
59
-60
254
-160
-294
-299
-176
-364
-184
-402
-172
-431
-338
-26
-193
116
272
-120
32
-202
-491
-497
-44
-330
77
-287
-67
-77
-80
-265
-231
-32
43
-238
-306
9
-67
-94
-165
-49
-359
-67
-115
-204
-436
-20
-62
-83
-178
-241
-142
-202
51
-17
-291
-317
-468
-262
-290
-71
65
-283
-204
9
-261
-144
-34
-78
-275
-95
68
-177
-456
-61
-155
80
-151
-54
-327
-160
71
-144
-23
10
-51
-335
-75
-392
-33
-36
-253
-360
45
-261
-27
-270
388
-387
-169
-52
-109
12
68
-57
-172
-364
-284
-74
-3
-280
-218
-263
-28
-120
-338
-190
31
-24
-42
-385
-30
90
-353
-168
-196
-152
-160
-67
-334
-478
-116
-45
-221
-147
82
-372
95
-37
-271
-265
-256
-76
-29
-451
10
-221
-134
-207
-219
-207
49
-235
-218
-186
-73
-327
-204
-188
-121
62
-242
-489
-257
-251
-195
25
-45
-364
-33
-169
-249
-285
246
-3
-160
-85
139
-520
-189
-183
-219
-230
-248
-365
6
-289
-322
-390
-276
-461
-623
-81
-125
-333
-471
-232
-172
118
-245
143
151
-258
133
-300
-471
-255
-415
-477
-199
-444
-281
-134
-106
-559
-434
-230
-203
-313
-89
-469
-91
-370
-159
-230
-528
-377
-277
-476
22
-38
-71
-482
11
-410
-279
-290
-88
-308
-51
-324
-148
-242
-96
-208
-434
-90
-214
55
3
20
-144
-189
-254
-60
-17
-113
-124
-401
-118
27
-145
-389
-364
-648
-102
-96
-189
80
-339
-310
-370
-121
-406
98
-259
-332
-231
1543
-340
-239
-233
-276
-28
109
-38
-27
74
-197
-185
-47
-303
-364
-146
-115
-217
-156
-319
-207
-172
106
-22
-31
-371
-82
-84
-170
-324
-141
-181
-94
-268
16
66
83
-226
-69
-78
-240
-49
-200
167
-10
-139
-232
-167
