3381
3417
3193
3327
3211
3348
3186
3173
3361
3269
3188
3217
3245
3287
3384
3203
3173
3242
3339
3399
3220
3252
3415
3292
3324
3266
3165
3285
3159
3494
3360
3273
3284
3272
3497
3397
3155
3331
3245
3246
3398
3374
3260
3324
3322
3234
3365
3366
3463
3458
3158
3343
3344
3195
3224
3274
3406
3182
3387
3290
3279
3251
3299
3193
3405
3283
3423
3390
3321
3337
3402
3376
3405
3236
3316
3141
3257
3160
3332
3367
3389
3365
3307
3339
3261
3352
3199
3375
3451
3247
3290
3378
3182
3085
3314
3359
3106
3304
3302
3331
3449
3480
3222
3338
3183
3180
3322
3322
3355
3159
3285
3268
3296
3346
3426
3437
3305
3406
3280
3370
3261
3245
3423
683
3320
3183
3230
3124
3305
3338
3384
3402
3227
3340
3275
3408
3331
3225
3338
3204
3392
3380
3333
3049
3242
3337
3336
3081
3331
3194
3209
3169
3267
3349
3411
3264
3319
3202
3302
3187
3297
3265
3392
3411
3108
3362
3242
3271
3084
3322
3354
3309
3292
3344
3360
3415
3232
3343
3321
3268
583
3323
3449
3479
3421
3403
3105
3314
3246
3379
3328
3413
3148
3203
3234
3288
3362
3283
3351
3286
3353
3323
3395
3187
3218
2850
3432
3320
3357
3248
3244
3374
3320
3174
3330
3252
3277
3259
3205
3332
3351
3256
3357
3200
3309
1381
3328
3233
3324
3134
3115
3399
3283
3405
3369
3226
3212
3291
3268
3114
3376
3375
3271
3164
3389
3236
3358
3313
3169
3306
3298
3507
3291
3323
3282
3308
3330
3109
3299
3258
3395
3352
3502
3401
3227
3071
3170
3300
3261
3330
3288
3307
3335
3300
3371
3347
3172
3324
3282
3265
3226
3180
3426
3161
3201
3362
3218
3393
3307
3393
3234
3198
3327
3174
3187
3249
3325
3348
3273
3315
3350
3216
3348
3433
3311
3326
3282
3305
5880
3407
3198
3138
3143
3365
3385
3232
3271
3349
3335
3316
3404
3259
3296
3281
3365
3357
3328
3124
3376
3370
3268
3163
3368
3297
3271
3284
3125
3363
3399
3254
3309
3438
3294
3312
3305
3223
3276
3000
3288
3114
3300
3298
3263
3276
3406
3262
3185
3189
3245
3299
3257
3211
3305
3291
3344
3225
3245
3335
3316
3333
3151
3245
3400
3248
3077
3386
3323
3293
3215
3338
3341
1037
3309
3182
3082
3387
3407
3439
3415
3217
3326
3310
3328
3232
3444
3454
3244
3334
3299
3293
3240
3218
3208
3297
3338
3188
3360
3351
3272
3384
3344
3139
3363
3432
3301
3309
3308
3251
3447
3189
3309
3286
3237
3233
3352
3370
3368
3399
3357
3240
3220
3143
3371
3227
3404
3400
3229
3311
3361
3346
3268
3401
3247
3203
3374
3077
3265
3281
3361
3166
3351
3299
3287
3249
3403
3411
3266
3365
3055
3205
3307
3232
3431
3332
3148
3328
3168
3077
3357
3343
3298
3327
3376
3336
3209
3241
3478
3406
3203
3326
3348
3327
3286
3321
3323
3303
3319
3122
3285
3277
3327
3376
3402
3190
3343
3399
3312
3291
3269
3341
3184
3277
3177
3175
3312
3369
3326
3259
3349
3369
3235
3361
3398
3340
3227
3303
3361
3172
3329
3210
3391
3318
3304
3293
3277
3319
1367
3303
3347
3247
3304
3396
3407
3368
3228
3158
3442
3295
3229
3348
3282
3275
3474
3351
3311
3202
3251
3406
3198
3348
3441
3226
3236
3307
3284
3361
3331
3173
3296
3396
3386
3278
3352
3282
3284
3314
3295
3255
3394
3282
3252
3357
3215
3238
3253
3324
3415
3069
3234
3252
3270
3288
3373
3312
3398
3265
3160
3397
3190
3422
3415
3378
3351
3360
3343
3246
3268
3394
3346
3354
3361
3401
3324
3132
3322
3171
3356
3355
3250
3369
3288
3231
3375
3297
3161
3350
3197
3403
3377
3250
3039
3256
3487
3437
3382
3302
3244
3210
3293
3327
3198
3366
3258
3208
3443
3169
3260
3431
3204
3209
3263
3088
3261
3124
3354
3189
3240
3197
3212
3149
3418
3303
3245
3419
3195
3305
3179
3261
3352
3320
3350
3327
3334
3316
3423
3189
3375
3061
3232
3252
3072
3311
3282
3231
3336
3268
3238
3331
3360
3309
3471
3349
3255
3327
3380
3303
3264
3293
3267
3346
3462
3242
3310
3403
3310
3340
3208
3205
3261
3189
3338
3405
3230
3394
3271
3215
3159
2889
3404
3403
3274
3344
3228
3259
3257
3375
3094
3319
3373
3270
569
3413
3342
3274
3387
3368
3298
3249
3186
3252
3340
3374
3407
3313
3122
3290
3326
3173
3367
3235
3329
3307
3307
3261
3266
3328
3384
3340
3401
3241
3463
3391
3198
3251
3337
3189
2645
3300
3341
3269
3360
3339
3314
3204
3264
3256
3325
3385
