4014
3930
3945
3936
4013
4038
3946
3984
3893
3869
3863
3785
3966
4155
3974
3878
3901
3975
3935
4152
3907
4097
3929
3945
3937
3888
3955
3977
3821
3829
3841
3907
4001
3992
4052
4025
3904
3926
4010
3988
3896
3926
3979
3951
3865
3890
4219
3958
4103
3850
4029
3907
4088
4515
3969
3788
3866
3953
3855
3919
3829
3837
4087
4073
3863
3985
3920
3972
3902
3968
3810
3847
4018
3874
3999
3942
3774
4210
3867
3893
3911
3949
3974
3853
3800
3885
3798
3884
3946
3880
3776
3838
4384
3837
3734
3819
4018
4008
3860
3943
3936
4003
3853
3773
3825
3791
3940
3913
3926
3718
4037
3895
4065
3912
3917
3871
3884
3898
3829
3820
3971
4036
3973
3830
3905
3847
3835
3851
3901
3929
3907
3847
4092
3870
3871
3943
3949
3855
3928
4187
4006
4103
3953
3964
3884
6662
3921
3884
3835
3881
3803
3922
3749
3994
3864
3915
3987
3795
3962
2927
3965
3995
3758
3973
3857
3964
3867
3876
4405
4017
3918
3975
3902
4061
3895
4522
3831
3862
3821
3997
3830
3948
3968
4000
3984
3845
4004
4059
3857
3870
3954
4027
4155
3879
4003
3971
3989
3941
3947
3764
3949
4036
4095
3939
3933
3827
3998
3803
3955
3825
3863
3857
3965
3770
3941
3959
2946
3991
4241
3890
3947
4031
3934
3875
3950
3476
3846
3726
3875
3953
3828
3888
3936
3886
3902
3893
3903
3881
3867
3787
3919
3892
3826
3887
3871
3763
3905
3768
3731
3594
3869
4170
3874
3888
3954
3897
3873
3913
3766
3805
3931
3824
3990
3923
4055
3973
3786
3928
3832
3920
3914
3869
3868
3913
4036
3835
3797
3958
3911
3872
3797
3916
3882
3862
3973
3963
3868
4009
3861
3892
4005
3927
3925
3826
3888
3734
3598
4194
4014
3867
3995
3997
3909
3940
4333
4010
3823
3950
12274
3831
3720
3830
3835
4021
4041
3879
3943
3829
3855
3915
3863
3843
3769
3844
3867
3901
3909
3861
3838
3808
3787
3569
3861
3980
3922
3914
3872
3895
3972
3964
3729
4177
3917
3835
3892
4128
3896
3926
3867
3926
3974
3957
3814
4000
3941
3976
3914
3815
3869
3864
3954
3857
3892
3892
3939
3949
3863
3870
3935
3817
3943
4051
3955
3832
3961
3932
3856
3924
3820
3934
3979
4832
3889
3996
3868
3839
4000
3994
4034
3981
3752
3886
3919
3870
3985
3967
3807
3915
3895
3893
3824
3925
3813
3971
3846
3882
3927
3838
3920
3971
3969
3789
3890
4041
3829
3850
3896
3897
3866
3894
3855
3812
3978
3903
3880
3870
3827
3987
3933
3898
3842
3808
3858
3840
3870
3929
3848
3887
3992
3986
3906
3983
3841
4156
3896
3913
4010
3889
3821
3795
3821
3973
4152
3978
3918
3894
3812
3989
3768
3944
3861
3747
3963
3929
3927
3977
3929
3949
3911
3774
4034
3916
3986
3914
3753
3895
3923
3902
3930
3866
3962
3975
3494
3795
3947
3860
3738
3961
3870
3881
3909
3989
3861
4032
4081
3879
4409
3941
4002
3862
3860
3971
3749
3923
3856
4105
3869
3829
3911
4030
4045
3900
4004
3841
3868
3919
3879
3374
3946
3835
3896
3879
3977
3920
3977
3941
3878
3839
3862
3098
3934
4030
3902
3879
3914
3907
3967
3905
3850
4227
3852
3602
3914
3884
3906
3674
3922
4027
3868
3973
3903
3839
3904
3907
3915
3919
3887
3966
3885
3928
3826
3900
3991
3993
3906
3852
3968
3846
3990
3966
3818
3955
3901
3825
3978
3882
3913
4000
3894
3932
3842
3802
4018
3845
3923
3941
4061
4052
3902
3938
3916
3981
3916
3888
3794
3866
3872
3936
3902
3886
3823
3907
4000
3916
4008
3887
4071
3879
3945
3912
3956
3889
3886
3874
3487
3888
3809
3901
4027
3851
3875
3951
3875
3834
3955
3818
3870
3944
3828
3912
3823
3859
3832
3830
3906
3892
3997
3867
3873
3915
4005
3924
3864
3730
3903
3860
3959
3827
3907
3929
3966
3894
3793
3905
4400
3787
3785
3928
3973
3862
3886
3948
3900
3889
3890
3825
3959
3986
3876
3826
4049
3964
3926
3852
3831
3844
3988
3994
3918
4034
3969
3872
4042
3933
3949
3945
3867
3968
4075
3950
3836
4001
3878
3914
3851
3998
3803
3802
3847
3247
4104
3945
3905
3957
3990
3776
4055
3870
3914
3961
3726
3934
4022
3914
3922
3946
3939
3846
3878
3832
3936
3978
3872
3811
3872
3892
3922
3995
3912
3806
3993
4027
3859
4286
4037
3797
4002
3916
4036
3819
3825
3925
3992
3869
3835
3857
3861
3845
3930
3954
3920
4051
3845
4064
3874
3819
4318
4026
3785
3834
3916
3782
3859
3931
3924
3858
3870
4032
