3388
3512
3239
3324
3391
3393
3325
3268
3424
3339
3320
3268
3241
3325
3442
3242
3281
3351
3526
3443
3409
3331
3449
3378
3343
3331
3359
3429
3342
3495
3347
3399
3500
3351
3501
3450
3244
3390
3449
3355
3433
3411
3411
3253
3258
3349
2031
3365
3563
3559
3268
3496
3429
3227
3246
3374
3510
3343
3413
3365
3348
3250
3368
3290
3403
3317
3385
3446
3316
3379
3456
3364
3397
3320
3396
3235
3330
3304
3360
3354
3371
3425
3380
3301
3301
3419
3271
3526
3481
3233
3205
3351
3271
3235
3368
3335
3346
3299
3378
3428
3415
3548
3404
3328
3367
3263
3425
3348
3395
3286
3319
3367
3494
3376
3354
3470
3350
3477
3355
3459
3301
3331
3448
1623
3371
3313
3306
3251
3344
3401
3432
3425
3347
3355
3284
3344
3327
3412
3385
3377
3444
3517
3201
2968
3396
3353
3401
3165
3376
3389
3297
3243
3265
3372
3426
3283
3341
3373
3438
3410
3444
3441
3433
3502
3189
3426
3415
3276
3212
3374
3348
3400
3419
3409
3349
3406
3344
3360
3303
3256
594
3381
3411
3441
3391
3480
3334
3315
3297
3426
3341
3415
3390
3343
3335
3446
3444
3381
3369
3320
3359
3369
3330
3215
3308
1660
3477
3330
3404
3318
3312
3369
3406
3215
3382
3279
3354
3400
3263
3386
3405
3342
3485
3267
3443
2376
3405
3293
3347
2705
3244
3436
3273
3424
3401
3371
3432
3491
3310
3197
3303
3390
3405
3097
3309
3327
3407
3371
3252
3397
3330
3603
3424
3429
3470
3389
3343
3276
3328
3318
3447
3380
3461
3333
3343
3243
3145
3391
3384
3425
3368
3355
3371
3327
3380
3374
3335
3441
3360
3332
3341
3262
3448
3288
3255
3263
3392
3433
3390
3358
3402
3327
3424
3331
3311
3321
3455
3355
3392
3470
3416
3359
3369
3453
3670
3382
3310
3355
6841
3400
3222
3273
3268
3359
3499
3370
3581
3406
3396
3344
3417
3363
3320
3324
3376
3438
3382
2837
3371
3378
3390
3131
3464
3460
3151
3331
3250
3365
3375
3317
3355
3629
3336
3411
3376
3300
3352
3298
3498
3280
3357
3348
3196
3329
3389
3354
3304
3291
3424
3305
3189
3260
3330
3363
3320
3373
3226
3375
3389
3355
3209
3284
3476
3408
3007
3456
3406
3338
3247
3464
3432
756
3299
3324
3169
3432
3428
3454
3463
3288
3417
3445
3436
3318
3433
3555
3337
3328
3492
3406
3347
3327
3353
3406
3404
3280
3403
3415
3327
3448
3375
3254
3383
3546
3302
3336
3279
3326
3345
3361
3416
3374
3264
3386
3451
3357
3382
3430
3422
3360
3321
3212
3417
3277
3419
3568
3362
3422
3456
3390
3356
3439
3380
3279
3372
3027
3425
3382
3314
3232
3401
3358
3376
3375
3531
3419
3401
3455
3233
3282
3362
3409
3356
3379
3156
3359
3308
3229
3325
3338
2795
3330
3469
3446
3321
3306
3433
3491
3322
3364
3399
3317
3322
3323
3391
3348
3377
3290
3374
3369
3394
3405
3397
3382
3416
3389
3323
3342
3474
3417
3283
3373
3224
3301
3367
3455
3340
3308
3470
3397
3366
3388
3397
3369
3219
3304
3433
3304
3422
3352
3371
3355
3369
3375
3374
3377
2410
3450
3359
3350
3363
3418
3465
3422
3378
3115
3530
3428
3345
3596
3381
3368
3505
3446
3354
3322
3391
3435
3316
3347
3479
3328
3323
3354
3364
3362
3515
3251
3475
3321
3473
3370
3477
3371
3379
3372
3227
3377
3472
3384
3394
3381
3316
3303
3371
3332
3471
3293
3368
3374
3390
3357
3398
3349
3454
3361
3344
3514
3398
3520
3488
3467
3526
3409
3326
3309
3402
3388
3335
3506
3384
3482
3375
3319
3454
3333
3432
3321
3248
3490
3378
3340
3387
3346
3268
3342
3329
3385
3490
3303
2995
3328
3515
3518
3438
3399
3375
3283
3339
3414
3326
3362
3308
3259
3393
3313
3410
3430
3344
3300
3417
3217
3342
3214
3466
3321
3258
3132
3268
3340
3419
3377
3281
3334
3300
3315
3315
3223
3346
3362
3439
3458
3447
3475
3315
3322
3436
3373
3326
3327
3176
3399
3364
3340
3352
3356
3317
3446
3421
3420
3439
3401
3368
3345
3414
3285
3369
3364
3396
3416
3425
3410
3367
3416
3433
3383
3315
3361
3344
3328
3353
3322
3202
3385
3301
3386
3235
3087
3447
3388
3323
3386
3383
3284
3276
3355
3275
3389
3445
3350
743
3410
3394
3357
3440
3421
3342
3354
3278
3344
3390
3500
3381
3596
3339
3314
3390
3382
3487
3353
3351
3432
3389
3382
3332
3323
3410
3420
3435
3360
3361
3503
3246
3363
3443
3277
2778
3363
3369
3341
3505
3442
3410
3308
3310
3376
3390
3418
