-286
-133
-289
-309
-208
84
-210
-243
-176
-72
-218
-261
-251
-229
-232
-256
-256
-166
-186
-273
-237
-158
-151
-173
-196
-241
-330
-91
-243
-301
-194
-248
-201
-178
-346
-262
-195
-175
-203
-234
-411
-216
-214
-263
-215
-251
-201
-292
-162
-369
-186
-190
-191
-138
-249
-139
-105
-195
-221
-231
-254
-191
-208
-189
-236
-277
-143
-215
-235
-155
-190
-213
-220
-276
-244
-230
-194
-104
-209
-287
-271
-221
-261
-236
-202
-193
-297
-197
-160
-193
-123
-95
-204
-288
-241
-203
-178
-296
-264
-193
-180
-265
-166
-109
-156
-194
-166
-212
-218
-278
-173
-138
-292
-332
-259
-197
-292
-286
-260
-306
-229
-2
-198
-238
-326
-210
-190
-219
-175
-186
-230
-394
-84
-263
-151
-216
-203
-276
-181
-257
-77
-229
-282
-307
-295
-213
-235
-222
-209
-287
-247
-262
-222
-289
-275
-263
-185
-166
-160
-235
-252
-235
-258
-215
-215
-119
-231
-226
-256
-222
-240
-232
-288
-303
-251
-174
-185
-205
-180
-238
-213
-198
-132
-223
-238
-243
-307
-216
-326
-385
-178
582
-194
-219
-208
-202
-320
-127
-183
-326
-242
-273
-214
-295
-289
-256
-368
-209
-204
-226
-208
-271
-261
-169
-248
-160
-225
-304
-242
-264
-232
-225
-160
-204
-223
-285
-281
-128
-198
-262
-216
-291
-188
-132
-251
-198
-178
-192
-172
-252
-124
-304
-222
-233
-293
-232
-201
-173
-254
-205
-254
-163
-211
-198
-254
-172
-183
-287
-239
-199
-269
-260
-188
-250
-172
-208
-186
-252
-239
-173
-194
-226
-204
-182
-234
-230
-187
-204
-251
-320
-164
-255
-259
-162
-158
-264
-279
-194
-175
-264
-181
-219
-241
-243
-183
-114
-192
-280
-158
-305
-224
-219
-282
-207
-191
-184
-287
-274
-221
-234
-181
-115
-219
-217
-143
-216
-306
-203
-214
-215
-300
-405
-199
-247
-112
-333
-194
-182
-205
-72
-240
-116
-220
-185
-178
-185
-314
-273
-261
-160
-243
-273
-227
-235
-228
-230
-235
-225
-245
-193
-211
-374
-208
-259
-164
-207
-137
-200
-260
-274
-206
-247
-225
-204
-211
-222
-213
-195
-258
-120
-158
-262
-146
-233
-303
-261
-204
-228
-191
-182
-289
-271
-161
-183
-261
-214
-244
-306
-161
-223
-172
-223
-202
-293
-274
-193
-195
-272
-181
-182
-233
-211
-284
-159
-273
-197
-217
-262
-187
-256
-264
-286
-38
-167
644
-160
-285
-300
-242
-170
-169
-246
-207
-264
-210
-200
-225
-270
-354
-249
-71
-96
-203
-178
-242
-246
-236
-246
-143
-123
-160
-272
-161
-305
-206
-255
-197
-264
-134
-239
-163
-57
-189
-175
-229
-182
-290
-139
-254
-230
-282
-115
-185
-281
-237
-261
-161
-320
-211
-213
-160
-284
-365
-258
-225
-195
-204
-212
-282
-282
-222
227
-133
-127
-138
-285
-258
-260
-235
-236
-232
-163
-60
-232
-224
-146
-174
-146
-229
-261
-228
-218
-276
-250
-296
67
-334
-258
-288
-229
-192
-180
-237
-202
-143
-312
-331
-241
-173
-226
-230
-147
-210
-245
-283
-223
-293
-170
-207
-252
-168
-209
-227
-200
-239
-118
-182
-129
-211
-342
-206
-477
-196
-208
-245
-156
-304
-139
-216
-191
-229
-149
-169
-134
-195
-273
-260
-210
-239
-205
-209
-248
-230
-177
-208
-225
-209
-247
-226
-256
-260
-178
-180
-250
-169
-185
-201
-206
-276
-179
-313
-153
-280
-270
-312
42
-259
-230
-238
-186
-234
-249
-223
-195
-257
-214
-397
-198
-279
-239
-232
-202
-290
-207
-272
-267
-186
-138
-260
-188
-228
-175
-173
-158
-207
-262
-151
-178
-254
-175
-181
-189
-255
-199
-8
-156
-225
-176
-43
-223
-184
-178
-242
-188
-119
-190
-272
-202
-227
-210
-183
-227
-251
-211
-181
-197
-174
-193
-247
-304
-317
-230
-192
-205
-204
-291
-159
-201
-198
-220
-216
-214
-203
-226
-113
-344
-246
-209
-240
-234
-165
-211
-53
-293
-205
-283
114
-258
-137
-274
-274
-136
-137
-252
-259
-231
-151
-155
-311
-262
-293
-131
332
-248
-161
-161
-277
-267
-293
-147
-280
-254
-321
-229
-271
-211
-262
-246
-276
-208
-235
-152
-261
-204
-184
-461
32
-297
-163
-234
-286
-199
-216
-176
-223
-262
-239
-197
-204
-206
-139
-202
-276
-255
-225
-237
-238
-222
-305
-284
-142
-248
-247
-296
-216
-212
-255
-221
-203
-228
-248
-214
-208
-324
-273
-287
-203
-250
-288
-256
-284
-289
-186
-110
-216
-90
-129
-207
-112
-179
-223
-288
-165
25
-219
-207
-273
-248
-208
-238
-210
-285
-244
-140
-288
-149
-257
-234
-224
-207
-261
-223
-234
-240
-265
-250
-192
-261
-225
-195
-220
-229
-292
-161
-223
-247
-195
-195
-199
-170
-210
-181
-241
-186
-67
-258
-273
48
-238
-224
-309
-182
-158
-198
-110
-246
-289
-49
-233
-209
-192
-262
-245
-135
-273
-214
-282
-217
-156
-290
-214
-264
-286
-218
9
-241
-195
-256
-171
-209
-234
-262
-199
-198
-157
-224
-258
-267
-214
-262
-170
-212
-213
-168
-212
-244
-215
-211
-177
-229
-201
-173
-204
-218
-229
-256
-204
-280
-164
-287
-238
-217
-206
-227
-203
-190
-195
-234
-155
-246
-91
-80
-201
-199
8
-279
-317
-250
-197
-172
-161
-256
-191
-257
-229
-281
-246
-180
-154
-182
-343
-235
-280
-116
-148
-254
-279
527
-215
-291
-141
-284
-311
-247
-212
-128
-268
-154
-272
-201
-151
-203
-226
-268
-276
-234
2
-221
-213
-247
-184
-210
-237
-234
-145
-215
-6
-239
-101
-222
-156
-157
-246
-224
-170
-262
-233
-208
-168
-252
-235
-278
-199
-204
-296
-181
-117
-278
-221
-144
-207
-251
-259
-293
-245
-109
-187
-199
-201
-185
-303
-180
-231
-132
-179
-203
-215
-167
-195
-265
-278
-296
-236
-171
-218
-163
-106
-222
-176
-143
-294
-231
-314
-251
-198
-182
-217
-213
-166
-213
-193
-169
-240
-205
-199
-202
-194
-135
-224
-284
-214
-197
-208
-171
-69
-209
-292
-199
-177
-232
-208
-249
-271
-263
-226
-205
-264
-194
-180
-151
-150
-183
-283
-93
-249
-229
-56
-114
-211
-28
-283
-112
-235
-158
-225
53
-246
-252
-273
-197
-328
-72
-281
-265
-162
-274
-206
-212
-242
-163
-146
-274
-142
-183
-221
-263
-233
-221
-215
-154
-142
-157
-214
-261
-182
-200
-181
-290
-250
-258
-216
-216
-126
-285
-279
-129
-251
-274
-222
-258
-243
-138
-238
-216
-224
-53
-233
-279
-201
-267
-235
-112
-264
-214
-233
-245
-217
-304
-77
-180
-113
-198
-227
-219
-165
-136
-307
-241
-222
-183
-233
-240
-182
-209
-257
-72
-251
-172
-317
-243
-282
-295
-246
-192
-137
-284
-226
-212
-86
-202
-207
-254
-131
-239
-179
-266
-105
-256
-140
-230
-229
-290
-239
-73
-126
-219
-313
-190
-224
-220
-232
-319
-205
-289
-194
-196
-226
-284
-222
-179
-246
-291
-224
-192
-263
-239
-137
-255
-191
-222
-203
-240
-167
-222
-193
-247
-237
-316
-248
-219
29
-44
-144
-263
-193
-257
-247
-188
-116
-226
-161
-196
-288
-126
-253
-310
-159
-180
-293
-163
-159
-169
-209
-151
-129
-174
-221
-116
-226
-281
-249
-196
-137
-180
-299
-214
-197
-180
-296
-218
-256
-263
-226
-298
-221
-170
-199
-259
-191
-243
-174
-249
-167
-197
-239
-275
-400
-266
-184
-314
-174
-322
-206
-243
-220
-162
-196
-312
-245
-253
-204
-289
-196
-285
-308
-232
-292
-284
-348
-314
-154
-234
-196
-189
-214
-78
-230
-264
-204
-215
-315
-208
-593
-202
-221
-250
-153
-175
-270
-228
-202
-252
-130
-204
-228
-242
-230
-153
-232
-173
-216
-222
-263
-132
-260
-266
-173
-353
-219
-252
-147
-65
-202
-276
-136
-207
-255
-161
-252
-242
-213
-65
-262
-222
-118
-235
-260
-261
-210
-152
-183
-267
-275
-319
-271
-269
-204
-226
-175
-171
-43
-216
-270
-264
-201
-248
-274
-199
-206
-188
-256
-217
-147
-228
-169
-171
-208
-292
-266
-256
-155
-154
-78
-175
-288
-220
-202
-232
-271
-201
-201
-171
-111
-166
28
-259
-164
-276
-214
-347
-283
-124
-234
-255
-274
-211
-318
-255
-238
-146
-131
-302
-279
-234
-299
-237
-193
-206
-153
-213
-246
-245
-238
-224
-267
-283
-247
-268
-135
-273
-273
-306
-207
-319
-310
-261
-285
-244
-162
-213
-177
-310
-323
-156
-398
-225
-198
-231
-206
-275
-272
-297
-179
-242
-303
-212
-303
-245
-215
-246
-217
-250
-204
-166
-210
-205
-175
-136
-184
-204
-288
-263
-236
-163
-238
-206
-219
-225
94
-240
-244
-226
-238
-225
-244
-221
-153
-227
-94
-199
-283
-187
-265
-537
-331
-114
-249
-255
-234
-315
-260
-201
-82
-290
-176
-193
-228
-315
-222
-271
-221
-202
-166
-181
-159
-211
-202
-277
-321
-180
-84
-291
-306
-464
-148
-195
-188
-228
-199
-169
-54
-247
-235
-169
-247
-199
-141
-207
-383
-290
-305
-234
-181
-228
-318
-312
-212
-239
-257
-225
-259
-164
-150
-209
-246
-140
-301
-252
-200
-169
-292
-266
-259
-253
-289
-214
-89
-282
-161
-209
-203
-179
-108
-255
-285
-210
-314
-213
-114
-229
-148
-234
-261
-226
-272
-286
-114
-140
-255
-271
-139
-234
-156
-474
-230
-241
-199
-272
-266
-146
-236
-354
-194
-176
-199
-225
-187
-73
-223
-205
-177
-227
-117
-237
-223
-207
-264
-310
-257
-169
-171
-203
-240
-233
-375
-199
-299
-244
-271
-304
-163
-168
-205
-139
-242
-255
-168
-181
-191
-208
-246
-221
-192
-211
-277
-205
-159
-165
-168
-153
-267
-199
-233
-152
-241
-290
-279
-161
-179
-208
-133
-156
-234
-290
-151
-198
-283
-258
-230
-174
-32
-266
-231
-311
-170
-232
-253
-241
-185
-187
-213
-251
-40
-243
-160
-191
-235
-149
-253
-144
-215
-245
-208
-234
-182
-209
-129
-326
-216
-193
-223
-161
-235
-192
-206
-208
-194
-250
-287
-167
-190
-160
-162
-190
-200
-135
-208
-78
-130
-167
-292
-193
-261
-291
-160
-278
-179
-306
-211
-233
-269
-191
-201
-226
-187
-269
-227
-236
147
-233
-244
-191
-193
-273
-170
-395
-172
-239
-246
-210
-143
-43
-83
-239
-233
-220
-246
-234
-187
-210
-225
-240
-179
-295
-224
-407
-243
-219
-251
-254
-204
-189
-44
-289
-251
-185
-197
-160
-240
-224
-261
-222
-237
-261
-185
-168
-247
-177
-153
-99
-140
-258
-306
-263
-153
-187
-232
-228
-237
-253
-304
-245
-277
-204
-225
-259
-194
-223
-304
-317
-300
-245
-286
-274
-216
-198
-235
-417
-182
-135
-217
-180
-214
-226
-255
-319
-302
-276
-110
-227
-188
-269
-192
-179
-260
-269
-185
-134
-264
-234
-96
-235
-201
-187
-190
-207
-2
-203
-136
-230
-277
-170
-235
-276
-102
-319
-361
-123
-38
-162
-146
-263
-123
-210
-217
-200
-324
-189
-147
-222
-279
-244
-158
-258
-237
-220
-261
-209
-201
-217
-157
-201
-187
369
-181
-253
-238
-178
-197
-305
-210
-287
-195
-227
-227
-251
-134
-260
-256
-245
-144
-177
-299
-76
-177
-328
-285
-232
-288
-244
-294
-165
-240
-222
-325
-175
-160
-193
193
-229
-246
-279
-161
-306
-260
792
-229
-257
-235
-233
-154
-225
-174
-258
-269
-166
-275
-200
-280
-240
-216
-247
-184
-200
-225
-416
-203
-121
-197
-191
-186
-178
127
-240
-299
-200
-216
-284
-36
-247
-184
-178
-215
-266
-277
163
-169
-212
-353
-136
-284
-277
-62
-229
-203
-175
-247
-203
-206
-134
-199
-57
-235
-256
-217
-171
-208
-271
-184
-249
-229
-226
-183
-244
-256
-190
-166
-251
-218
-238
-237
-147
-277
-284
-191
-304
-240
-164
-170
-165
-78
-288
-295
-254
-170
-286
-151
-229
-202
-188
-178
-183
-199
-220
-193
-247
-196
-169
-188
-231
-51
-293
-209
-186
-301
-336
-244
-245
-181
-217
-233
-160
-201
-158
-210
-304
-221
-191
-198
-201
-223
-295
-199
-286
-207
-273
-176
-165
-290
-152
-223
-251
-257
-345
-221
-225
-256
-142
-204
-204
-241
-205
-75
-214
-158
-285
-221
-296
-203
-95
-219
-155
-198
-224
-289
-215
-256
-187
-259
-26
-211
-278
-207
-285
-254
-195
-255
-251
-155
-250
-198
-256
-217
-175
-219
-250
-221
-160
-278
-216
-166
-224
-166
-271
-168
-250
-700
-206
-311
-316
-267
-241
-201
-235
-218
-252
-287
-177
-455
-182
-41
-283
-259
-225
-303
-179
-274
-260
-278
-208
-290
-229
-255
-282
-225
-210
-241
-219
-324
-244
-235
-282
-238
-177
-291
617
-216
-375
-167
-312
-206
-257
-210
-305
-161
-244
-355
-124
-286
-195
-223
-262
-217
-290
-193
-244
-279
-112
-119
-200
-317
-202
-259
-193
-181
-266
-79
-252
-208
-149
-155
-242
-222
-271
-197
-176
-239
-172
-224
-204
-184
-261
-261
84
-168
-150
-69
-203
-243
-288
-235
-220
-265
-240
-293
-217
-138
-245
-247
-144
-255
-336
-281
-150
-200
-293
-267
-230
-234
-255
-104
-274
-219
-100
-153
-232
-183
-205
-295
-215
-192
-265
-296
-226
-223
-182
-208
-142
-187
-210
-241
-274
-256
-283
-201
-223
-171
-279
-194
-150
-252
-270
-141
-221
-191
-145
-251
-37
-265
-170
-130
-131
-198
-252
-120
-235
-221
-21
-359
-209
-355
-207
-183
-196
-365
-196
-75
-145
-254
-205
-262
-112
-234
-136
-171
-152
-224
-268
-155
-231
-211
-333
-134
-206
-205
-313
-173
-107
-158
-263
-212
-153
-258
-94
-258
-254
-248
-174
-238
-251
-104
-129
-232
-192
-228
-163
-310
-221
-153
-231
-213
-164
-264
-263
-159
-254
-205
-207
-258
-421
-199
-215
-282
-242
-157
-253
-141
-228
-135
-239
-247
-202
-257
-269
-231
-273
-181
-188
-217
-175
-177
-205
-216
-256
-257
-223
-122
-261
-209
-354
-201
-243
-217
-190
-324
-233
-152
335
-393
-192
-274
-227
-223
-259
-185
-188
-223
-216
-221
-188
-251
-243
-278
-121
-245
-157
-144
-241
-248
-46
-220
-169
-266
-239
-240
-269
-193
-176
-262
-198
-203
-260
-243
-220
-205
-202
-209
-150
-205
-235
-259
-238
-262
-263
-139
-185
-194
-189
-190
-174
-199
-252
-347
-255
-84
-248
-118
-375
-267
-210
-311
-167
-217
-252
-150
-128
-152
-271
-273
-236
-256
-185
-289
-227
-183
-211
-287
-207
-155
-267
-229
-190
-209
-250
-251
-215
-192
-220
-231
-195
-149
-269
-165
-243
-182
-280
-170
-122
-186
-183
-202
-200
-181
-256
-193
-148
-229
-164
-246
-221
-216
-201
-223
-139
-304
-256
-220
-184
-254
-154
-198
-223
-286
-252
-174
-224
-118
-223
-89
-216
-301
-196
-172
-195
-230
-152
-277
-242
-118
-215
-221
-225
-63
-247
-164
-166
-173
-261
-124
-219
-256
-242
-294
-264
-203
-266
-245
-267
-288
-258
-132
-234
-213
-209
-178
-142
-312
-243
-202
-221
-144
-215
-270
-204
-312
-255
-176
-156
-254
-267
-230
-192
-174
-200
-192
-186
-225
-232
-243
-270
-284
-185
-258
-193
-246
-207
-234
-204
-264
-113
-269
-220
-304
-218
-216
-368
-246
-196
-193
-172
-285
-267
-210
-128
-167
-258
-249
-214
-271
-201
-174
-224
-177
-160
-217
-222
-225
-274
-277
-217
-249
-55
-250
45
-224
-260
-139
-108
-366
-166
-250
-185
-218
-178
-304
-120
-150
-300
-282
-164
-243
-286
-252
-281
-203
-239
28
-311
-71
-266
-189
-290
-191
-378
-200
-134
-353
-157
-237
-161
-249
-314
-172
-192
-239
-210
-203
-194
-53
-257
-153
-88
-132
-197
-234
-196
-180
-279
-42
-254
-283
-282
-281
-156
-262
-286
-164
-245
-177
-207
-254
-133
-213
-90
-164
-217
-292
-235
-250
-106
-326
-387
-214
-208
-199
-234
-234
-208
-199
-255
-176
-178
-357
-243
-218
-133
-236
-135
-190
-154
-176
-261
-280
-262
-212
-241
-161
-290
-286
-221
-246
-122
-229
-171
-280
-229
-270
-236
-117
-242
-175
-236
-251
-250
-171
-205
-193
-264
-212
-204
-236
-263
-234
-240
-239
-193
-162
23
60
-306
-238
-175
-136
-252
-214
-176
-163
-190
-192
26
-373
-258
136
-291
-331
-193
-282
-227
-455
-329
-203
-334
-228
-255
-326
-262
-275
-80
-223
-240
-238
-179
-231
-232
-172
-171
-202
-130
-309
-182
-353
-352
-248
-276
-228
-259
-199
-270
-248
-241
-251
-305
-210
-268
-91
-207
-246
-239
-194
-191
-218
-118
-194
-195
-427
-261
-161
-258
-154
-129
-266
-159
-162
-99
-291
-189
-292
-224
-280
-165
-216
-213
-254
-231
-149
-250
-1
-301
-160
-185
-231
-175
-272
-200
-258
-251
-297
-275
88
-139
-171
-168
-179
-63
-232
-178
-239
-154
-58
-128
-82
-221
-198
-315
-299
-264
-232
-257
-117
-205
-177
-157
-165
-173
-218
-257
-179
-293
-231
-93
-269
-198
-245
-193
-208
-256
-132
-207
-262
-406
-261
-193
-152
-192
-162
-194
-218
-193
-113
-283
-207
-273
-255
273
-343
-195
-257
-184
-316
-129
-215
-183
-169
-164
-217
-241
-225
-233
-283
-291
-250
-319
-246
-291
-188
-275
-168
-145
-197
-132
-223
-250
-225
-110
-229
-206
-173
-207
-199
-243
-191
-262
-299
-281
-219
-277
-266
-293
-255
-192
-184
-258
-233
-261
-321
-185
-198
-185
-223
-238
-189
-241
-167
-240
-275
-149
-252
-269
-178
-207
-270
-192
-224
-213
-220
-208
-153
-160
-250
-281
-74
-227
-243
-274
-288
-154
-171
-163
395
-137
-174
-61
-270
36
-319
-308
-108
-193
-201
-216
-289
-272
-153
-323
-162
-165
-183
-216
-320
-212
-198
-174
-203
-241
-181
-254
-266
-333
-145
-220
-191
-202
264
-281
-222
-225
-174
-257
-89
-66
-313
-195
-291
-219
-201
-185
-272
-218
-217
-198
-157
-247
-198
-236
33
-214
-195
-145
-131
-229
-213
-167
-215
-204
-221
-250
-324
-377
-248
-283
-277
-132
-171
-251
-467
-197
-320
-266
-13
-213
-186
-272
-254
-139
-190
-332
-284
-255
-229
-106
-219
-207
