3647
3599
3345
3288
3947
3674
3609
3584
3544
3489
3144
3095
3246
3167
3559
3461
3250
3243
3761
3633
3695
3367
3580
3773
3256
3885
3150
3662
3345
3432
3661
3189
3721
3642
3593
3522
3698
3470
3642
3899
3606
3699
3723
3610
3482
3276
3828
3562
3748
3603
3644
3509
3892
3137
3527
3164
3458
3083
3519
3151
3595
3174
2705
3369
3473
3497
3463
3612
3468
3748
3694
3761
3560
3092
3704
3118
3526
2871
3112
3303
3544
3724
3755
3506
2875
3309
3332
3415
3553
3685
3374
3633
4251
3294
3400
3219
2770
3285
3524
3656
3717
3789
3537
3379
3172
2532
3420
3653
3564
3154
3577
3445
3259
3614
3558
3240
3397
3598
3651
3410
3476
2981
3343
3252
2837
3339
3510
3210
3489
3377
3648
3378
2758
3563
3500
3675
3544
3069
3577
2739
3784
3715
3673
3763
3286
3468
3635
3451
3582
3603
3277
3515
2943
3676
3684
3325
3530
3354
3594
2692
3640
3622
3233
3752
3384
3689
3564
3248
3532
3593
3573
3467
3264
3676
3792
3320
3065
3442
3308
3453
3452
3647
3482
3686
3684
3505
3802
3539
3651
3474
3630
4005
3810
3405
3592
3611
3631
3322
3389
3091
3633
3522
2803
3241
3405
3468
3481
3248
3565
3362
3272
3685
3426
3478
3487
2506
2847
3747
3008
3421
3582
3672
3536
3186
3497
2909
3247
3333
3568
3710
3375
3610
3454
3595
3523
3426
3503
3120
3630
3166
3320
3557
3457
3175
3262
2813
3229
3403
3341
3052
3335
4064
3352
3452
3662
3489
3429
3352
3225
3342
3683
3434
3659
3448
3274
3130
3469
3338
3418
3695
3466
3501
3418
3346
3669
3620
2957
3425
3384
3563
3192
3645
3665
2932
3628
3262
3606
3771
3391
3658
3374
2955
3579
3406
3627
2964
2863
3788
3519
3574
3704
3533
3549
3537
4198
3397
3336
3702
5469
3470
3244
2742
3282
3543
3567
3282
3658
3594
3561
2573
3563
3318
3417
3618
3602
3542
3222
3631
3601
3517
3124
2675
3425
3786
3720
3439
3440
3683
3623
3443
3154
3781
3151
3505
3192
2667
3709
3567
3450
3722
3515
3674
3617
2595
3600
3543
3414
3290
3364
3423
3657
3307
3337
3274
3498
3558
3176
3574
3622
3311
3536
3411
3754
3546
3679
3726
3588
3422
3387
3788
3559
13909
3564
3816
3416
3518
3554
3690
3532
3610
3304
3496
3575
3299
3624
3611
3534
3367
3517
3690
3326
3026
3148
3461
3051
3406
3637
3410
3618
3608
3399
3490
3673
3578
3448
3228
3377
3443
3543
3065
3410
3209
3587
3258
3482
3518
3443
3491
3605
3212
3556
3361
3594
3248
3590
3794
3554
3326
3591
3565
3398
3684
3344
2599
3534
3565
3881
3311
3633
3336
3642
3631
3780
3546
3787
3642
3415
3541
3242
3619
3501
3087
3637
3682
3606
3142
2987
3333
3226
3279
3787
3161
3446
3575
3183
3414
3354
3615
3492
3383
3557
3586
2798
3469
3367
3512
3334
3459
3320
3570
3626
3480
3327
3705
3564
3375
2688
3271
3640
3339
3224
3557
3222
3352
3255
3636
3367
3443
3644
3534
3152
3195
3399
3465
3479
3612
3619
2609
3789
3463
3629
3236
3747
3467
3381
3504
3339
3544
3561
2900
3440
3230
3673
3529
3668
3244
3559
3473
3263
3763
3255
2896
3540
3324
3661
3753
3552
3392
3479
3568
3669
3144
3492
3670
3663
3471
3513
3218
3678
3566
3597
3363
3441
3733
3363
3523
3261
3571
3478
3573
3415
3522
3487
2821
3457
3467
3566
2590
3765
3574
3351
3588
3652
3361
3561
3479
4083
3608
3217
3532
3643
3484
3795
3434
3238
3413
3559
3513
3493
3423
3345
3661
3639
3465
3627
3441
3784
3276
3575
3574
3424
3248
3635
3146
2547
3447
3265
3724
3596
3269
3252
3514
3682
3531
3511
3606
3743
3412
3315
3773
3414
3191
3353
3624
3507
3372
3583
3630
3186
3642
3533
3315
3518
3001
3677
3385
3409
3466
3307
3433
3699
3569
3432
3328
2788
3389
3164
3441
3554
3283
3569
3694
3680
3753
3535
3371
3676
3387
3493
3263
2569
3491
3403
3279
3607
3554
3637
3658
3710
3588
3674
3677
3509
3495
3637
3474
3211
3517
3666
3554
3475
3479
3453
3663
3544
3622
3474
2980
3376
2650
3765
3615
3356
3446
3665
3247
3343
3466
3632
3551
3191
3507
3278
3388
3297
3685
3411
3424
3638
3368
3110
3524
3622
3483
3493
3641
3370
3392
3465
3631
3554
3679
3662
3742
3488
3349
3638
3381
3679
3082
3531
3556
3722
3476
3235
3548
3335
3405
3544
3588
3744
3650
3291
3479
3539
3218
3396
3660
3468
3049
3593
3436
3352
3580
3576
3083
3319
3708
