3675
3642
3533
3515
3922
3755
3695
3668
3643
3506
3347
3514
3511
3626
3636
3546
3246
3454
3655
3965
3811
3699
3650
3661
3394
3735
3455
3685
3322
3533
3678
3573
3687
3633
3686
3562
3624
3704
3708
3865
3655
3814
3696
3637
3586
3478
4064
3603
3828
3645
3785
3592
3856
3175
3651
3252
3504
3523
3631
3355
3686
3378
2992
3682
3626
3626
3506
3593
3554
3722
3574
3715
3743
3228
3795
3309
3513
2997
3382
3373
3584
3727
3701
3628
3093
3307
3594
3596
3633
3599
3429
3616
4318
3593
3485
3287
2938
3517
3627
3698
3730
3757
3646
3521
3523
3216
3594
3684
3576
3440
3660
3593
3518
3764
3668
3520
3630
3620
3635
3502
3622
3275
3509
3578
3096
3342
3579
3120
3607
3616
3659
3553
2571
3568
3502
3751
3525
3195
3623
3163
3615
3707
3709
3693
3471
3472
3628
3492
3586
3546
3442
3538
3257
3685
3664
3570
3667
3634
3781
2781
3599
3630
3630
3687
3522
3711
3590
3446
3701
3639
3635
3617
3417
3824
3732
4044
3363
3446
3492
3538
3572
3655
3470
3860
3672
3537
3880
3641
3746
3543
3722
4054
3800
3526
3538
3733
3706
3639
3498
3369
3657
3721
2824
3557
3530
3600
3606
3465
3655
3578
3487
3625
3623
3631
3431
2769
2668
3759
3134
3419
3660
3654
3634
3356
3606
2766
3478
3292
3649
3648
3470
3646
3500
3757
3586
3500
3612
3353
3613
3333
3520
3610
3582
3378
3491
2689
3513
3462
3413
3106
3488
3977
3557
3541
3694
3565
3492
3480
3375
3508
3707
3571
3766
3529
3485
3442
3583
3536
3582
3641
3489
3490
3494
3557
3669
3656
3254
3608
3514
3666
3348
3753
3684
2990
3645
3382
3577
3818
3527
3607
3485
2992
3649
3661
3705
3186
2955
3975
3505
3625
3732
3586
3673
3623
4180
3796
3478
3660
9348
3733
3415
2504
3385
3547
3686
3568
3731
3669
3596
2771
3553
3495
3426
3500
3552
3690
3447
3597
3671
3495
3343
2985
3592
3749
3708
3501
3530
3633
3652
3548
3388
3917
3390
3668
3382
2647
3665
3612
3546
3699
3540
3775
3639
2610
3585
3563
3579
3331
3529
3607
3717
3371
3458
3398
3593
3700
3524
3504
3672
3429
3641
3577
3743
3539
3735
3671
3619
3542
3543
3750
3558
2260
3667
3779
3566
3611
3667
3717
3679
3727
3295
3533
3627
3360
3678
3628
3624
3460
3478
3715
3500
3195
3380
3542
3289
3629
3749
3456
3510
3621
3584
3525
3704
3611
3459
3396
3490
3603
3674
2904
3481
3334
3682
3401
3609
3563
3585
3536
3630
3178
3557
3354
3603
3534
3565
3822
3650
3458
3681
3677
3531
3716
3360
2653
3582
3495
3905
3535
3640
3390
3573
3702
3879
3730
3691
3647
3496
3678
3293
3673
3541
3171
3744
3751
3674
3477
3376
3369
3482
3436
3888
3402
3658
3557
3370
3562
3408
3649
3566
3458
3551
3715
2998
3554
3470
3574
3497
3660
3602
3592
3656
3614
3655
3612
3761
3581
3013
3493
3517
3322
3332
3609
3439
3505
3486
3683
3574
3533
3605
3705
3261
3344
3569
3597
3563
3627
3674
2702
3791
3524
3705
3236
3787
3752
3652
3621
3508
3595
3652
2796
3568
3486
3661
3605
3702
3438
3646
3608
3305
3851
3438
2877
3593
3490
3621
3894
3650
3593
3493
3678
3673
3522
3636
3638
3764
3486
3646
3382
3735
3613
3619
3515
3542
3730
3386
3520
3408
3635
3535
3557
3585
3591
3568
3356
3476
3586
3605
2441
3695
3640
3435
3583
3699
3520
3579
3618
3997
3707
3452
3597
3695
3589
3682
3543
3448
3516
3634
3598
3583
3590
3584
3704
3705
3622
3685
3475
3736
3565
3641
3594
3619
3296
3650
3374
2643
3521
3455
3715
3722
3490
3447
3659
3701
3437
3615
3643
3723
3576
3505
3713
3408
3473
3611
3681
3781
3553
3681
3683
3365
3760
3614
3398
3549
3175
3636
3465
3616
3610
3464
3614
3678
3573
3485
3526
2604
3412
3222
3646
3630
3379
3649
3664
3630
3731
3594
3387
3679
3572
3545
3490
2377
3642
3592
3462
3601
3620
3646
3614
3723
3651
3672
3692
3626
3598
3584
3624
3475
3678
3677
3664
3596
3689
3442
3650
3683
3729
3596
3309
3466
2964
3735
3668
3504
3507
3683
3428
3515
3553
3579
3594
3394
3642
3294
3550
3597
3711
3514
3568
3700
3478
3422
3699
3707
3515
3610
3686
3520
3570
3723
3688
3704
3756
3632
3998
3628
3478
3752
3452
3742
3311
3588
3672
3725
3513
3412
3672
3368
3520
3574
3622
3689
3735
3556
3511
3616
3413
3670
3617
3478
3253
3579
3511
3429
3655
3593
3435
3384
3688
