-219
-3
-184
-214
-296
-243
-246
-254
-114
-234
-314
-231
-219
-138
-271
-175
-111
-155
-289
-199
-130
-147
-257
-181
-203
-285
-293
-105
-164
-237
-270
-134
-289
-203
-239
-449
-124
-207
-210
-264
-113
-285
-188
-180
-248
-189
-147
-280
161
-265
-236
-204
-228
-226
-185
-197
-239
-268
-168
-214
-243
-283
169
-252
-119
-214
-85
-278
-223
-212
-299
-366
-229
-285
-225
-153
-366
-239
-226
-337
-319
-280
-224
-256
-139
-227
-135
-264
-240
-263
-86
-184
-270
-321
-275
-308
-336
-216
-212
40
-158
-295
-346
-240
-206
-244
-63
-215
-220
-47
-244
-195
-271
-197
-290
-314
-176
-225
-270
-218
-256
-291
-119
-72
-169
-144
-157
-310
-261
-291
-282
-190
-290
-251
-46
-241
-143
-299
-319
-204
-289
-251
-226
-233
-167
-318
-244
-136
712
-184
-246
285
-217
-277
-302
-259
-182
-204
-148
-277
-293
-310
-214
-197
-299
-186
-101
-205
-217
-239
-172
-254
-104
-42
-343
-359
-9
64
-279
-193
-270
-206
-31
-224
-267
-352
-254
-341
-239
-316
-241
-213
-295
-242
-210
-268
-300
-309
-279
-251
-290
-281
-218
-266
-178
-191
-301
-210
-178
-220
-236
-385
-273
-248
-289
-233
-97
-169
-185
-191
-232
-247
-247
-243
-250
-138
-247
-371
-368
-214
-215
-225
-181
-160
-48
-325
-226
-152
-209
-203
-297
-152
-185
-295
-236
-231
-248
-161
-101
-78
-278
-262
-332
-230
-260
-250
-215
-263
-239
-141
-219
-315
-222
-266
-213
-375
-227
-194
-164
-159
-240
-280
-11
-291
-272
-257
-351
-238
-194
-308
-214
-214
-200
-302
-180
-283
-184
-217
-207
-292
-62
-229
-180
-270
-129
-177
-231
-259
-342
-172
-285
-352
-189
-191
-155
-279
-284
-301
-366
-97
-217
-164
-13
-180
-121
-258
-280
-224
-120
-292
-214
-155
-316
-243
-6
-293
-300
-275
-325
-247
-140
-196
-210
-311
-228
-202
-217
-195
-144
-207
-212
-132
52
-95
-168
-273
-100
-187
-216
-55
-285
-166
-171
-246
-249
-210
-221
-247
-195
-251
-143
-204
-82
-295
72
-120
-96
-224
-187
-228
-296
-284
-191
-195
-206
-198
-129
-202
-242
-308
-219
-223
-230
-236
-248
-280
-269
-51
-314
-199
-225
-205
-296
-226
-284
-212
-292
-324
-263
-233
-315
-252
-218
-246
-248
-73
-323
-157
-266
-353
41
-345
-2
-213
-24
-347
-75
-214
-115
-253
-313
-241
-304
-181
-291
-294
-194
-196
-249
-192
-309
-57
-233
-216
-198
-306
-287
-243
-242
-205
-239
-465
-320
-247
-152
-311
-172
-143
-236
-243
-204
-266
-272
-249
-304
-168
-62
-69
-259
-248
-351
-278
-315
-23
-112
-34
-269
-265
-245
-186
-202
-332
-284
-297
-185
-211
-306
-19
-209
-215
-251
-273
-216
-116
-292
-237
-79
-249
-159
-231
0
-186
-37
-58
-277
-230
-270
-200
-203
-279
-228
-202
-291
-150
-155
-284
-263
-273
-203
-179
-140
-296
-212
-233
-227
-195
-201
-209
-364
-381
-192
-245
-210
-259
-197
-251
-257
-186
-183
-234
-145
-239
-131
-76
-314
-315
-163
-214
-204
-226
-284
-189
-222
-213
-193
-141
-341
-248
-113
-290
-238
-232
-234
-217
-234
-71
-200
-182
-264
-218
-239
-279
-370
-42
-349
-177
-208
-474
-43
-194
-119
-251
-276
-220
-185
-303
-221
-232
-283
-185
-168
-321
-116
-192
-230
-197
-203
-214
-255
-222
-184
-179
-175
-243
-151
-208
-197
-158
-191
-298
-245
35
-99
-242
-392
-282
-276
-150
-192
-230
-342
-304
-215
-254
-243
-266
-225
-323
-214
-257
-58
-189
-243
-197
-116
-293
-127
-137
-243
-64
-221
-219
-221
-255
-313
-158
-224
-295
-180
-298
-476
-228
-192
-105
-260
-263
-264
-272
-148
-273
-279
-244
-173
-252
-266
-241
-306
-284
-239
-172
-228
-258
12
-214
-185
-297
-335
-250
-104
-185
-284
-88
-314
-235
-306
-234
-192
-174
-225
-384
-254
-250
-274
-55
-90
-233
-203
-92
-227
-243
-152
-270
-248
-217
-241
-169
-153
-224
-178
-221
-181
-250
-226
-389
-110
-235
-153
-225
-113
-353
-108
-251
-204
-304
-306
-197
-239
-115
-44
-257
-198
-255
-143
-276
-208
-194
-194
-234
-104
-200
-308
-240
-156
-189
-244
-186
-189
-276
-217
-191
-111
20
-328
-200
-238
-277
-223
-117
-386
-261
-75
-270
-291
-284
-69
-237
-230
-206
-192
-190
-262
-112
-320
-219
-10
-266
395
-162
-172
-269
-246
-197
-182
-66
-274
-229
-235
-175
-166
-314
-270
-238
-210
-238
-127
-192
-249
-195
-307
-211
-179
-204
-299
-256
-213
-191
-60
-397
-222
-131
-243
-377
-204
-200
-130
-295
-277
-282
-168
-146
-289
-249
-234
-93
-244
-206
-311
-142
-295
-227
-215
-484
-366
-276
-235
-40
-137
-208
-343
-173
-323
-258
-204
-190
-162
-105
-240
-48
-110
-280
-217
-304
-112
-286
-210
-130
-230
-197
-265
-247
-245
-290
-214
-166
-265
-12
-64
-274
-208
-201
-329
-241
119
-306
-185
-99
-155
-248
-380
-216
-231
-131
-180
-264
-222
-284
-210
-311
-243
-126
-70
-266
-212
-305
-259
-207
-152
-260
-259
-288
-146
-101
-236
-261
-304
-146
-216
-202
-227
-264
-95
-289
-265
-280
-83
-252
-238
-200
-227
-31
-349
-237
-153
-320
-145
-181
-107
-260
-242
-196
-248
-350
-271
-214
-195
-234
-217
-293
-282
-232
-183
-154
-226
-142
-211
-116
-199
-249
-300
-101
-263
-227
-104
-242
-246
-212
-188
-212
-256
-223
-177
-366
-230
-270
-194
-237
20
-212
-193
-227
-108
-533
-178
-195
-308
-226
-277
-241
-225
-259
-175
-255
-173
-270
-241
-251
-296
-60
-247
-261
-221
-297
-409
-211
-76
-294
-234
-289
-287
-227
-266
-224
-194
-232
-190
-145
-205
1040
-264
-200
-162
-264
-371
-203
-304
-127
-237
-195
-204
-254
-345
-298
-304
70
-160
-209
-178
-143
-115
-269
-306
-200
-267
-70
-249
-183
-268
-213
-198
-205
-94
-250
-241
-303
-281
-106
-217
-219
-150
-253
-178
-213
-300
-317
-115
-201
-241
-327
-142
-59
-160
-168
-188
-309
-265
-213
-155
-223
-249
-241
-119
-287
-229
-283
-274
-299
-98
-169
-153
-282
-87
-160
-192
-258
-125
-216
-251
-129
-278
-251
-231
-186
-203
-279
-224
-247
-151
-195
-163
-171
-285
-202
-198
-220
-221
348
-249
-273
-116
-216
-219
53
-355
-183
-232
-49
-259
-290
-170
-160
-194
-195
-240
-217
-268
-103
-194
-218
-184
-228
-176
74
-253
-257
-36
-163
-388
-230
-268
-216
-285
-231
-273
-298
-264
-289
-188
-221
-251
-211
-271
-189
-92
-290
-251
-351
-50
-142
-75
-302
-264
78
-8
-160
-231
-99
-258
-189
-263
-210
-296
-189
104
-247
-85
-262
-202
-175
-257
-185
-199
-276
-142
-329
-238
-156
-228
-199
-251
-210
-205
-123
-288
-286
-145
-187
-205
-225
-201
-265
-339
-334
-211
-101
35
-198
-219
-322
-164
-235
18
-205
-227
-182
8
-200
-281
-181
-183
-214
-265
-236
-294
-104
-171
-221
-180
-294
-204
-286
-237
-309
-261
-173
-181
-195
-176
-211
-188
-148
-248
-258
-207
88
-224
-279
-240
-206
-200
-165
-319
-251
-216
-283
-227
-252
-202
-108
-287
-161
-200
-212
-238
-72
-199
-173
-261
-290
-202
-244
-222
-250
160
-257
-249
-191
-368
-288
-178
-352
-119
-206
-250
-219
-156
-255
-202
-340
-256
-184
-290
-264
-172
-274
-247
-178
652
-260
-275
-240
-234
-294
-277
-358
-226
-263
-304
-92
-202
-227
-191
-201
-250
-266
-211
-142
-240
-200
-118
-193
-170
-261
-237
-168
-194
-253
-230
-266
-288
-182
-340
-142
-278
-296
-270
-215
-284
-205
-282
-205
-259
-217
-184
-250
-294
-152
-201
-269
-213
-122
-160
-170
-411
-236
-280
-235
-248
1
-161
-95
-259
-262
-209
-245
-152
-175
-246
-491
-234
-139
-124
-254
-131
-252
-275
-368
-314
-225
-231
-297
-211
-189
-218
-177
-218
-187
-317
-407
-321
-224
-250
-272
-300
-290
-331
-335
-282
-206
-277
-169
-236
-212
-226
-182
-162
-183
-278
-520
-270
-221
-123
-211
-213
-236
-129
-217
-235
-312
-245
-306
-265
-42
-221
-246
-232
-307
-291
-161
-240
-296
-275
-189
-273
-298
-269
-207
-398
-185
-211
-251
-281
-338
-176
-239
-193
623
-213
-283
-276
-219
-248
-260
-306
-268
-282
-218
-263
-256
-243
-278
-277
-268
-162
-280
-336
-320
-343
-339
-249
-241
-117
-165
17
-278
-275
-293
-180
-173
-274
-130
-169
71
-195
-349
-40
-317
-247
-215
-264
-205
123
-287
-133
-245
-49
-229
-215
-273
-221
-160
-301
-198
-286
-254
-158
-283
-111
-159
-264
-96
-185
-285
-216
-261
-121
-165
-327
-235
-179
-51
-268
-328
-146
-177
-240
-241
-258
-169
-202
-294
-181
-363
-147
-87
-273
-144
-305
-278
-253
-272
-238
-191
-103
-204
-165
-144
-230
-169
-374
-215
-207
-6
-192
-174
-195
-179
-53
-60
-124
-222
-256
-172
-209
-194
126
-226
-224
-280
-334
-148
-154
-190
-177
-242
-217
-173
-107
-131
-255
-212
-283
-308
-260
-282
-341
-193
-249
-182
-180
-175
-161
-280
-232
-279
-268
-78
356
-253
-237
-272
-214
-200
-295
-224
-202
-173
-205
-286
-133
-212
-255
-193
-223
-238
-291
-117
-270
-231
-242
-259
-225
-284
-149
-111
-151
28
-341
-193
-248
-180
-142
-253
-315
-337
-225
-135
-171
-235
-289
-261
-219
102
-104
-294
-117
-152
-127
-128
-235
-111
-232
-41
-133
-319
-21
-362
-66
-212
-203
-170
-117
-184
-225
-201
-257
-242
-134
-129
-249
-246
-217
-380
-361
-336
-290
-202
-267
-238
-276
-228
-257
-252
-236
-197
-153
-218
-194
-170
-221
-312
-272
-249
-231
-247
-267
-309
-255
-174
-146
-341
-334
-218
-235
-177
-221
-150
22
-267
-225
-291
-177
-232
-271
-216
-263
-208
-220
-44
660
-182
-253
-346
-203
-276
-234
-251
-248
-178
-152
-244
-171
-292
-142
-267
-206
-277
-278
-144
-300
-169
-258
-171
-200
-311
-169
-114
-204
-227
-202
-259
-233
-292
-245
-177
-278
-255
-108
-144
-265
-188
-307
-200
-138
-163
-261
-87
-312
-248
-262
-167
-281
-138
-296
-291
-169
-165
-200
-287
-106
-147
-170
-272
-117
-279
-334
-293
-124
-239
25
-179
-257
-183
-272
-141
-145
-275
-255
-286
-348
-222
-219
-238
-176
-158
-163
-261
-233
-258
-356
-215
-251
-172
-298
-265
-205
-212
-273
-106
-295
-168
-242
-325
26
-204
-135
-223
-187
-197
-249
-223
-249
-251
-227
-228
-223
-430
-253
-204
-191
-228
-214
-322
-224
-255
-230
-403
-243
-270
-270
-298
-139
-244
-198
-315
-241
-66
-253
-363
-191
-270
-262
-254
-181
-259
-252
-139
-88
-237
-276
-200
-229
-159
-213
-261
-120
-192
-98
-284
-312
-293
-145
-100
-165
-236
-263
-309
-275
-220
-155
-289
-71
-226
-75
-187
-187
-268
-284
-106
-247
-228
-209
-227
-324
-95
-199
-171
-215
-241
-262
-282
-194
-159
-289
-181
-263
-194
-261
-263
-357
-114
-223
-123
-265
-139
-210
-247
-243
-182
-211
-217
-285
-245
-176
-168
-225
-215
-344
-258
-288
-234
-191
-275
-226
-92
-202
-135
-250
-216
-233
-203
-198
-228
-179
-227
-291
-329
-102
-157
-328
-265
-244
-195
-325
-179
-168
-223
-216
-223
-198
39
-296
-258
-191
-219
-163
-240
-237
-334
-241
-62
-310
-207
-224
-198
-175
-176
-227
-195
-177
-242
-248
-252
-175
-118
-188
-142
-205
-274
-181
-124
-407
-127
-173
-154
-224
-213
-245
-254
-257
-303
-248
-136
-172
-202
-265
-290
-199
-199
-183
-143
-244
-239
-127
-24
-345
-208
14
-202
-46
-178
-175
-216
-261
-263
-167
-169
-168
-292
-267
-104
-273
-171
-240
-135
-247
-246
-139
-223
-214
-255
-227
-96
-201
-253
-187
-197
-138
-164
-190
-242
-167
-130
-245
-262
-193
-248
-218
-414
-266
-263
-99
-220
-279
-203
-232
-294
-236
-246
-198
-322
-243
-233
-273
-249
-179
-257
-294
-192
-183
-241
28
-88
-278
-277
-118
-52
-148
-289
-161
-262
-196
-388
-236
-294
-227
-224
-302
-251
-188
-232
-147
-271
-359
-187
-173
-201
-147
-377
-165
-349
-207
-264
-75
-194
-212
-177
-142
-297
-384
-112
-234
-103
-217
-221
-170
-178
-259
-175
-135
-237
-130
373
-262
-179
-138
-264
-223
-364
-289
-366
-259
-246
-29
-51
-284
-176
-223
-153
-41
-206
-208
-283
-119
-112
-232
-318
-267
-244
-239
-211
-264
-306
-257
-197
-217
-185
-371
-195
-154
-206
-291
-227
-316
-117
-103
-243
-217
-276
-199
-179
-179
-92
-174
-196
-660
-121
-300
-231
-236
-252
-203
-221
-231
-162
-170
-271
-70
-221
-241
-301
-403
-158
-247
-219
-259
-229
-412
-264
-178
-228
-233
-291
-68
-238
-211
-236
-212
-178
-261
-168
-345
-180
-242
-306
-200
-94
-11
-257
-178
-101
-217
-186
-255
-176
-355
-323
-318
63
-170
-203
-343
-281
-66
-272
-270
-223
-266
-283
-349
-156
-65
-133
-293
-261
-243
-229
-265
-102
-217
-284
-223
-228
-354
-169
-259
-227
-51
-211
-231
-238
-195
-247
-151
-270
-266
-292
-267
-192
-198
-154
-274
-147
-107
-267
-162
-249
-219
-246
-234
35
-207
-263
-201
-198
-188
-195
-126
-220
-247
-298
-410
-343
-297
-232
-202
-224
-203
-263
-124
-265
-394
-180
-223
-251
-294
-189
-224
-154
-113
-299
-193
-269
-254
-226
-184
-301
-241
-280
-5
-157
-252
-273
-249
-89
-277
-289
-167
-121
-160
-180
-134
-194
-275
-210
-218
-207
-241
-248
-204
-218
-263
-168
-317
-294
-228
-229
-250
-325
-183
-221
-182
-99
-232
-199
-278
56
-262
-194
-187
-224
-229
-238
-194
-285
-272
-217
-284
-224
-165
-242
-172
-13
-243
-213
72
-196
-200
-196
-143
-247
-248
-105
-163
24
-164
-198
-219
-137
-273
-248
-199
-213
-259
-244
-268
-161
-211
-229
-308
-289
-157
-253
-288
-293
-181
-278
-388
78
-118
-261
-123
-144
-265
-218
-222
-104
-289
-144
-225
-202
-99
-296
-185
-243
-184
-253
-284
34
-345
-196
-245
-185
-144
-200
-332
-345
-340
-83
-320
-292
357
-332
-173
-298
-245
-161
-290
-192
-285
-204
-275
-136
-274
-187
-187
-217
-173
-273
-168
-241
-320
-201
-299
-179
-304
-331
-259
-117
-208
-318
-317
-78
-262
-212
-268
-167
-219
-213
-241
-258
-159
-290
-134
-246
-211
-221
-253
-346
-288
-730
-181
-315
-76
-188
-261
-104
-265
-189
-154
-220
-317
-321
-83
-282
146
-204
-220
-275
-331
-181
-243
-287
-213
-186
-218
-750
-238
-199
-262
-293
-231
-203
140
-253
-249
-340
-96
-108
-263
-111
-152
-161
-266
-71
-253
-191
-296
-222
-160
-187
-228
-230
-257
-242
-233
-275
-170
-107
-337
-186
-181
-225
-174
-266
-224
-290
-280
-119
-335
-261
-283
-183
-198
-231
-253
-270
-286
26
-141
-190
-278
-32
-307
-191
-303
-190
-275
-357
-291
-70
-331
-190
-254
-221
-320
-362
-203
-259
-175
-210
-170
-193
-232
-194
-254
-143
-345
-179
-317
-250
-162
-341
-104
-236
-298
-299
-142
-240
-208
-206
-291
-168
-180
-184
-245
-343
-253
-224
-316
-164
-242
-142
-127
-229
-67
-383
-217
-409
-139
-205
19
-291
-308
-215
-298
-257
-233
-261
-195
-217
-173
-90
-240
-188
61
-314
-200
-346
-272
-256
-221
-183
-300
-289
-256
-338
-280
1170
-185
-251
-345
-182
-230
-221
-230
-278
-268
-281
-248
-231
-360
-61
-197
-239
-184
-217
16
-141
-185
-221
-292
-236
-262
-183
-233
-333
-296
-168
-274
-186
-199
-243
-213
-198
-272
-171
-270
-260
-267
-128
-234
-146
-173
-231
-295
-210
-250
-239
-211
-76
-129
-157
-375
-41
-221
-139
-299
-95
-216
-212
-341
-337
-206
-305
-142
-209
-256
-234
-198
-145
-255
-339
-202
-261
-227
-326
-207
-224
-211
-265
-164
-258
-316
-237
-281
-279
-341
-260
-227
-15
-177
-258
-250
-297
-236
-278
-221
-237
-289
-224
-264
-292
-167
-355
-241
-239
-334
-183
-278
-245
-253
-267
-152
-297
-208
-227
-306
-272
-237
-78
-279
-149
-229
-136
-254
-220
-36
-234
50
-242
-216
-195
-179
-218
-257
-229
-275
-193
-296
-284
-144
-211
-316
-126
-198
-282
-254
-269
-243
-224
-249
-251
-217
-232
-245
-169
-277
-175
-318
-233
-205
-145
-226
-203
-227
-152
-256
-175
-259
-218
-38
-250
-68
-211
-163
-276
-121
-313
-211
-312
-248
-315
-215
-265
-65
-317
-278
-229
-228
-166
-311
-404
-265
-290
-246
-221
-158
-330
-335
-231
-280
-180
-158
-242
-175
-199
-185
-136
-184
-133
-237
-191
-294
-236
65
-217
-255
-363
-200
-117
-178
-311
-248
-224
-351
-152
-304
-154
-193
-235
-249
-51
-336
-153
-100
-171
-269
-75
-339
-151
-262
-281
-229
-238
-195
-212
-259
-120
-217
-281
-281
-186
-269
-119
-225
-235
-174
-169
-279
-214
-308
-178
-212
-69
-69
-180
-194
-285
-356
-221
-264
-251
-252
-296
-187
-274
-287
-204
-182
-155
-193
-342
-219
-180
-361
-245
-226
-242
-425
-99
-35
-179
-99
-157
-266
-174
-299
-225
-295
-238
-162
-164
-227
-147
-241
-201
-30
-274
-303
-393
-246
-364
-243
-228
-269
-1
-150
-260
-12
-157
-277
-115
-305
-134
-273
-237
-150
-262
-291
-185
-231
-143
-164
-68
-234
-249
-206
-150
-327
-214
-308
-205
-316
-205
-363
-115
-168
-285
-273
-245
-221
-110
-200
-241
-208
-207
-74
-228
-238
-231
-164
-221
-253
-328
-241
-15
-199
-299
29
-248
110
-249
-245
-206
-287
-341
-450
-73
-288
-250
-242
-213
-276
146
-214
-199
-141
-230
-138
-189
-232
-99
-204
-166
-110
-228
-198
-222
-305
-52
-145
-204
