3582
3564
3243
3108
3775
3460
3489
3510
3449
3378
3042
2797
3183
3100
3440
3458
3193
3205
3737
3436
3509
3243
3404
3609
3224
3669
3109
3564
3225
3417
3530
3181
3528
3462
3462
3521
3452
3304
3506
3450
3486
3610
3600
3458
3231
3120
3892
3540
3629
3458
3646
3416
3704
3097
3380
3209
3351
2896
3289
3035
3433
3003
2947
3235
3371
3418
3360
3521
3290
3625
3574
3649
3411
3068
3543
3056
3314
3013
3119
3297
3420
3605
3724
3335
2699
3104
3342
3291
3464
3599
3359
3380
3546
3100
3249
3200
2977
3142
3387
3517
3700
3667
3535
3271
3088
2720
3148
3616
3392
3268
3411
3238
3205
3433
3435
3213
3277
3529
3478
3281
3349
2979
3148
3167
2907
3277
3388
3089
3456
3203
3540
3262
2817
3488
3379
3562
3327
3128
3391
2784
3612
3626
3589
3778
3198
2901
3535
3284
3509
3425
3190
3320
2951
3572
3469
3164
3414
3165
3620
2783
3485
3524
3165
3730
3216
3621
3457
3137
3149
3488
3433
3328
3129
3546
3674
3150
3067
3315
3211
3323
3114
3617
3317
3574
3590
3453
3696
3415
3591
3373
3449
3799
3571
3185
3467
3549
3471
3293
3338
2914
3464
3326
2875
3217
3188
3388
3345
3128
3470
3244
3047
3543
3296
3453
3312
2714
2983
3754
3241
3249
3502
3526
3439
3053
3380
2834
3229
3121
3448
3651
3344
3442
3402
3492
3369
3358
3271
3109
3497
3131
3028
3482
3477
3159
3217
2836
3149
3254
3155
3054
3242
3773
3377
3323
3592
3326
3177
3243
3096
3214
3631
3219
3520
3293
3109
3298
3341
3299
3226
3522
3308
3391
3404
3200
3527
3496
2829
3315
3188
3485
3144
3618
3580
2868
3440
3176
3591
3662
3224
3544
3204
3054
3594
3409
3453
3037
3058
3411
3558
3441
3808
3433
3486
3428
4045
3380
3227
3606
3681
3460
3264
2818
3357
3321
3497
3211
3575
3453
3375
2659
3402
3331
3261
3573
3481
3470
3042
3386
3480
3366
3111
2703
3315
3725
3706
3307
3224
3582
3557
3327
3114
3864
3034
3410
3008
2881
3517
3440
3392
3718
3402
3491
3525
2657
3523
3423
3234
3166
3277
3333
3510
3126
3212
3231
3417
3562
3168
3343
3424
3119
3409
3341
3575
3408
3632
3625
3552
3262
3272
3717
3410
13774
3515
3669
3355
3418
3437
3637
3453
3381
3181
3336
3383
3163
3516
3589
3444
3221
3444
3533
3184
2875
3078
3369
3062
3168
3454
3272
3503
3549
3342
3373
3666
3481
3172
3197
3316
3304
3389
3034
3338
2997
3484
3210
3320
3325
3309
3305
3444
3261
3361
3264
3361
3191
3504
3724
3315
3200
3493
3410
3279
3521
3282
2703
3355
3569
3787
3220
3446
3236
3424
3561
3676
3340
3746
3608
3279
3432
3234
3526
3321
3169
3468
3583
3550
3058
3073
3329
3046
3180
3809
2971
3370
3444
3141
3393
3229
3594
3403
3320
3425
3426
2891
3368
3270
3380
3411
3419
3130
3461
3552
3417
3283
3712
3510
3258
2910
3165
3623
3281
3154
3562
3147
3368
3200
3567
3165
3335
3512
3429
3041
3139
3231
3268
3408
3613
3468
2646
3644
3237
3596
3125
3628
3235
3364
3340
3189
3426
3437
3044
3336
3212
3595
3374
3559
3241
3406
3264
3131
3854
3289
3003
3488
3274
3587
3562
3345
3229
3465
3351
3623
3100
3452
3580
3547
3442
3361
3216
3552
3452
3456
3297
3284
3628
3337
3419
3087
3504
3351
3470
3161
3383
3409
2941
3276
3388
3372
2914
3638
3560
3310
3546
3526
3159
3409
3321
3934
3543
3186
3466
3624
3403
3674
3254
3102
3279
3352
3408
3524
3379
3176
3650
3634
3245
3459
3226
3785
3100
3444
3350
3354
3146
3539
3074
2752
3255
3203
3644
3463
3212
3230
3301
3609
3481
3412
3361
3471
3299
3254
3625
3265
3073
3268
3487
3436
3209
3452
3461
3078
3402
3483
3203
3353
3093
3620
3380
3319
3462
3184
3326
3729
3386
3392
3259
2808
3216
3207
3428
3442
3287
3566
3728
3649
3673
3393
3200
3603
3367
3316
3280
2765
3497
3454
3187
3477
3430
3492
3362
3603
3525
3612
3706
3359
3341
3562
3448
3051
3486
3661
3377
3330
3302
3365
3617
3435
3478
3289
3019
3212
2796
3767
3533
3207
3221
3452
3130
3173
3272
3611
3460
2961
3297
3333
3282
3176
3590
3369
3333
3562
3127
2742
3359
3629
3373
3439
3632
3348
3354
3327
3434
3410
3440
3496
3835
3302
3138
3583
3354
3616
2998
3347
3457
3549
3397
3085
3420
3222
3306
3444
3571
3676
3471
3143
3458
3413
3160
3270
3570
3347
2800
3493
3313
3232
3448
3377
3124
3246
3593
