3388
3402
3375
3350
3306
3317
3293
3485
3507
3348
3199
3005
3209
3170
3433
3289
3303
3283
3447
3026
3169
3154
3428
3368
3265
3324
3137
3404
3147
3496
3524
3105
3309
3421
3474
3407
3384
3296
3324
3155
3481
3370
3480
3265
3491
3216
3202
3489
3459
3464
3262
3468
3334
2872
3342
3173
3430
2982
3428
3244
3332
3223
2872
3157
3450
3451
3412
3433
3329
3346
3467
3517
3359
3157
3385
3040
3423
2980
3282
3231
3442
3449
3440
3357
3111
3225
3295
3407
3426
3422
3294
3335
2429
3347
3276
3385
2764
3200
3434
3452
3511
3454
3393
3262
3189
2995
3422
3483
3315
3165
3307
3422
3231
3276
3440
3355
3373
3521
3410
3167
3363
2603
3261
3306
2986
3296
3318
3205
3417
3168
3440
3372
2904
3343
3442
3441
3324
3214
3416
2903
3441
3438
3415
3443
3420
2281
3505
3413
3400
3182
3428
3402
3078
3441
3518
3255
3400
3082
3447
2846
3412
3557
3356
3530
3259
3379
3402
3194
2290
3420
3560
3328
3223
3290
3510
2813
3303
3257
3384
3306
3310
3511
3375
3384
3439
3423
3388
3363
3500
3365
3442
3233
3331
3420
3401
3361
3481
3242
3285
3233
3438
3314
2829
3259
3357
3128
3391
3262
3442
3225
3297
3450
3254
3267
3410
2985
2893
3473
2771
3255
3363
3337
3431
3298
3402
2792
3308
3119
3424
3435
3262
3378
3292
3517
3434
3331
3326
3202
3458
3173
3338
3482
3414
3266
3380
2866
3242
3338
3345
2682
3291
3248
3318
3444
3512
3306
3145
3256
3398
3292
3431
3299
3438
3432
3155
3272
3348
3383
3355
3449
3387
3402
3358
3467
3493
3438
3119
3397
3351
3385
3116
3394
3495
2945
3367
3424
3396
3326
3213
3564
3268
3092
3335
3408
3212
3171
3082
3043
3451
3414
3473
3379
3484
3459
3386
3366
3148
3472
2291
3461
3329
2866
3305
3283
3435
3368
3469
3495
3404
2792
3399
3289
3270
3322
3455
3407
3241
3424
3498
3371
3194
3101
3413
3319
3394
3388
3367
3471
3470
3386
3185
3623
3269
3476
3286
2817
3483
3317
3361
3354
3358
3417
3449
2945
3455
3417
3330
3233
3236
3270
3386
3327
3282
3327
3342
3423
3242
3404
3400
3134
3433
3378
3466
3298
3382
3438
3515
3367
3175
3537
3378
1588
3441
3355
3361
3477
3353
3470
3472
3311
3219
3369
3350
3328
3446
3559
3354
3125
3367
3446
3370
3266
3247
3333
3209
3207
3437
3347
3388
3490
3309
3454
3457
3437
3373
3264
3370
3294
3370
2897
3284
2990
3332
3297
3171
3301
3363
3263
3469
2974
3447
3276
3405
3234
3413
3472
3160
3314
3379
3289
3300
3458
3241
2748
3373
3300
3341
3294
3308
3184
3469
3493
3343
3259
3503
3487
3456
3414
3302
3288
3288
2834
3494
3462
3389
3094
3181
3241
3186
3421
3326
3198
3393
3433
3363
3420
3351
3463
3274
3312
3334
3294
2975
3312
3359
3342
3301
3464
3200
3381
3433
3418
3190
3433
3470
3407
2979
3314
3497
3256
3275
3393
3349
3224
3362
3557
3266
3324
3388
3416
3204
3277
3385
3489
3309
3245
3320
2859
3295
3302
3491
3020
3408
3327
3391
3470
3381
3401
3400
3093
3146
3313
3536
3411
3474
3306
3318
3458
3292
3678
3088
2921
3424
3241
3430
3005
3417
3417
3298
3310
3459
3169
3330
3499
3424
3398
3295
3212
3376
3499
3480
3346
3413
3414
3319
3356
3332
3491
3399
3415
3395
3517
3477
3094
3294
3427
3537
2862
3418
3434
3246
3508
3410
3264
3414
3410
3092
3567
3270
3533
3490
3377
3511
3329
3229
3315
3306
3430
3406
3411
3349
3578
3486
3370
3427
3239
3473
3144
3379
3348
3531
3184
3512
3257
2918
3475
3210
3563
3461
3210
3198
3379
3491
3476
3392
3359
3311
3284
3326
3457
3339
3131
3310
3258
3457
3304
3442
3451
3211
3419
3394
3204
3498
3205
3489
3407
3340
3493
3439
3259
3511
3430
3419
3254
2800
3186
3126
3423
3406
3289
3491
3500
3432
3453
3435
3321
3483
3298
3383
3347
2955
3454
3332
3207
3421
3426
3394
3386
3451
3430
3455
3420
3224
3407
3473
3362
3158
3537
3489
3451
3420
3466
3329
3501
3405
3307
3334
3161
3327
2727
3523
3380
3373
3414
3444
3210
3090
3240
3417
3489
3173
3419
3197
3450
3314
3479
3294
3325
3420
3255
3227
3461
3465
3365
3358
3430
3368
3308
3351
3357
3387
3371
3476
3725
3052
3331
3442
3254
3507
3088
3404
3380
3441
3311
3399
3303
3256
3330
3368
3506
3447
3448
3293
3422
3452
3173
3009
3452
3388
3146
3382
3309
3306
3330
3322
3218
3331
3506
