-196
-567
-268
-227
-216
-182
-195
-97
-95
-288
-241
-234
-62
-503
-222
-95
-399
-89
-314
-105
-188
-210
-166
39
-179
-163
-187
-251
-242
24
-124
-422
-255
-285
-11
-205
56
-247
-335
-271
-220
90
-276
-341
51
-168
-106
-227
-305
-246
-333
-411
-148
-183
-69
-283
-108
-96
-179
-373
-299
-193
-33
-206
-451
-86
-213
-313
-320
-152
-251
82
-236
-223
-266
6
-78
-276
-151
-265
-206
-249
-119
-274
-248
-215
-224
-387
-136
-266
-243
-230
-110
-71
-116
-532
-150
-286
-207
-194
1182
-438
-101
-47
-374
-142
-216
-75
-180
-370
-147
-49
-156
-185
-143
-155
-284
-97
-394
-248
-163
-236
-10
-204
-64
-386
-149
-348
-120
-2
-218
-199
-242
-138
-161
-316
-265
-466
-212
-133
-169
-227
-246
-289
-303
-302
-271
-53
-8
-218
-72
-480
-193
-504
-164
-197
-305
-200
-139
-84
-288
-254
-228
-130
-96
-32
-249
-93
-71
-493
132
-252
-180
-216
-162
-159
-436
-218
-180
-154
-169
-339
-88
-221
-262
113
-104
-382
-49
-239
-299
-183
-123
-201
-322
3
-86
-244
-390
-420
-242
-482
-215
-490
-202
-179
-155
-170
-162
-241
-236
-315
10
-134
-260
-212
-118
-122
-374
-334
-123
-306
-18
-159
-431
-291
-232
-205
-177
-331
-153
117
-148
-576
-259
-155
-127
-4
-356
29
-22
-190
-204
-401
-162
-132
-79
-395
-121
-304
-252
-251
-113
-29
-174
-188
-229
-217
-158
-202
-238
-119
155
-150
-430
-313
-164
-193
-94
-299
-125
39
-273
-309
-304
-274
-246
-174
-223
-89
-449
-116
-144
-34
-355
-621
33
-218
-260
-364
-107
-158
-295
-76
13
-135
-227
-134
-346
-12
-345
-163
-148
-299
-209
-257
-189
-332
-255
-271
-118
-3
-213
-317
-341
-233
-33
-175
-282
-211
-42
-302
-470
-228
-1
-454
-92
-63
-320
-180
405
3
-126
-109
-282
-178
-305
-364
-60
-172
-205
-375
-261
-86
-67
-115
-247
-273
-152
-165
-176
-176
-121
-144
-228
-369
-276
-214
-190
-167
-268
-226
-35
-293
-274
-151
-238
-289
-117
-260
-3
-228
-275
-77
-219
-268
-293
-163
-150
-381
-84
-252
-122
-156
-48
-122
-82
-248
-181
-130
-157
-200
-84
-285
-139
-350
-207
-348
-94
-116
-285
-24
-127
-22
-102
-411
-334
-280
-287
-199
-228
-348
-101
-1
-209
-124
-185
-287
-168
-133
-292
-204
-77
-168
-245
-576
-39
-231
-134
-15
-399
78
-217
-143
-114
-220
-296
-124
-197
-396
-118
-183
-162
-73
-238
-205
-75
-111
-269
62
-243
-224
-405
-133
-236
-303
-123
-235
-213
-24
-216
-277
-255
-299
-147
-214
-130
-210
-170
-209
-96
-324
-44
-291
-207
-433
-361
-271
-193
-219
-385
-271
-73
-292
-198
-246
-188
-61
21
-399
-119
-63
-164
-61
-62
-182
-125
-123
-330
-274
-382
-232
-409
-349
121
-288
11
-183
-59
18
-360
-216
-297
-239
-156
-241
-239
-111
-570
-256
-304
-26
-197
-288
-312
-134
60
-310
-344
-140
-160
-141
-182
-242
-188
-234
-87
-337
-192
-308
-45
-285
-64
-239
-180
-197
3
-235
-134
-463
-201
-154
-336
-471
-133
-97
-260
-252
-65
-369
-132
-105
-242
-356
-10
-274
-165
-155
-192
-105
-176
-57
-467
-280
-108
-117
-234
-107
-138
-103
-223
-244
-260
-37
-539
-380
-164
-230
-211
-197
-139
-303
-157
-294
-352
-93
-190
-187
-352
-135
-359
-240
-209
-254
161
-270
-312
-199
-114
-210
-159
-47
-218
-353
-379
-304
-240
-160
-149
-112
-149
-227
-718
-192
-117
-132
-210
-109
-307
-279
-202
-304
-323
-238
-223
-201
-468
-113
-190
-117
-309
-124
-259
-373
73
-215
-174
-332
-50
-393
-233
-61
-260
-117
-47
2
-321
-273
-114
-255
-221
-82
-383
-142
-134
-191
-449
-249
-385
-226
19
-53
-189
-285
-252
-175
-180
-40
-427
-233
-133
-385
-271
-192
-256
-223
-299
-451
980
-202
-270
-64
-202
-284
-218
-235
-401
-325
-313
-377
-190
-252
-137
-96
-148
-162
-316
-336
-248
-442
-277
-72
-231
-239
-190
-12
-132
-185
-157
-167
-113
-380
-202
-262
-215
-81
-87
-185
-278
-351
-163
-211
-137
-272
-132
-557
-331
-146
-103
-268
-124
-189
-239
-54
-213
-247
-201
-213
-134
-338
-229
-307
-481
-146
-202
-126
-36
-166
-231
-280
-243
-238
-228
1207
-171
-236
-264
-11
-64
-150
-472
-399
-235
-273
-344
-75
-304
-93
-257
-453
-93
-380
-352
-211
-33
-250
-148
-45
-192
-261
-307
-185
-165
-235
-260
30
-364
-209
-303
-192
-232
-274
-282
-138
-612
-475
-437
-16
237
-207
-378
-134
-106
-499
-109
-339
-308
-239
-23
-467
-115
-291
67
-268
-228
-497
-109
-70
-38
53
-72
-233
-482
-46
-74
-320
-380
-56
6
-175
-336
-142
-63
-272
-120
-700
-204
-76
-260
-469
100
-172
-158
-184
-171
-198
66
-136
-340
-478
-244
-149
-289
-220
-227
-363
-261
-287
-102
-532
-251
-110
-265
-178
-43
-203
-83
-259
-542
14
-238
-300
-266
80
-293
-307
-126
-316
-247
-281
-458
-168
-274
-117
-262
-198
-333
121
-490
-28
-250
54
-422
-195
-154
-206
-283
24
-147
-207
-275
-295
-328
-287
-226
-592
-112
-248
-245
-198
-153
-109
-287
-103
-219
-532
-216
-76
-273
-234
-169
-161
-300
-262
-164
-356
-111
-241
-240
-220
-343
-215
-243
-274
-86
-588
-186
-171
-253
-94
-210
-210
-67
-324
-44
-326
52
-192
-88
-300
-150
-218
-223
-468
-513
-114
-390
-183
-320
-300
-277
-169
-221
-173
-393
-82
-215
-175
-589
-222
-129
-422
-230
-122
-21
-123
-290
-226
-123
-234
-304
-104
-75
-447
-334
-216
-261
-348
-165
-187
-287
-91
-94
-7
-494
-19
-104
-1
-246
-255
-302
-287
-223
-229
-280
-202
-26
-221
-51
-56
-225
-145
-235
3
-110
-163
-379
-367
-202
-56
7
-370
-207
-503
-259
-161
-471
243
-118
-219
-159
-352
-303
-277
32
-171
-161
-459
-762
-95
-299
-139
-230
-145
-351
-259
-162
-110
-193
-358
-109
-206
-194
-65
-87
-229
-244
-177
-323
-168
-158
-249
-97
-473
12
-153
-320
-336
-343
-78
-204
-110
-114
-78
-206
-245
-150
-89
-217
-87
-164
-205
-164
-260
77
-190
-408
-94
-208
-239
-451
-245
-257
-112
-159
-143
-169
-416
-360
-218
-423
-239
-217
-306
-20
-365
345
-247
-235
-135
-26
-178
-37
-355
-460
-61
-329
-203
-297
-49
-131
-284
-212
-87
395
-266
-188
-233
-269
-304
-470
-169
-347
-270
-205
-316
-109
-540
-61
-234
-54
-126
-70
-331
-202
-193
-215
-295
-202
-4
-148
-231
-194
-274
-72
-321
-109
-38
-162
-223
-222
-159
-210
-547
108
1
-148
10
-153
-408
-185
-75
-194
-219
-372
-261
-140
-277
-62
-108
42
-237
-141
-257
-93
-48
-220
-222
-223
-291
-174
-66
-866
-227
-378
-223
-200
-149
-273
-137
-48
-154
-102
131
-38
-267
-386
-250
-9
33
22
-22
-220
-188
-280
-192
-153
-236
-388
-181
-275
-279
-220
-350
-209
-5
-80
-140
-58
-242
-227
-299
-322
-204
-317
-236
-328
-63
-233
-105
-432
-148
-212
-82
-277
-127
-178
-269
-230
-218
-67
-138
-196
-192
-328
-305
-205
-274
86
-343
-378
-114
-282
-105
-140
-155
-96
-164
-158
-98
-248
-350
-213
-111
-226
-289
-301
-312
-144
-383
-334
-157
-221
-172
-144
-293
-53
-260
-253
-481
-281
-159
-73
61
-381
-264
-101
9
-231
-155
-227
-214
-148
-412
-95
-27
-382
-241
-326
-128
-331
-252
-417
-205
-80
-190
-274
-60
-94
-324
-174
-36
-289
16
-266
-299
-145
-278
-14
-295
-80
-307
-97
-210
-266
-156
-580
-212
-265
-225
-157
-462
-169
-48
-251
-234
-245
-136
-221
-151
-328
-106
-149
-242
-189
-130
-136
-83
-188
-215
-178
-470
-142
-143
-88
-57
-15
-210
-197
-196
-196
-184
-115
-113
-229
-211
-341
-184
-93
-409
-216
-112
-63
-229
-154
-297
-222
-293
-340
59
-167
-218
-150
-257
-437
-330
-486
-398
-109
-223
-241
-140
-350
-209
18
-230
-301
-257
-100
-321
-233
-89
-289
-237
-192
-19
-168
-163
-173
-114
-225
-251
-318
-191
-298
-216
-65
-295
-225
-39
-55
-125
-188
37
-71
-161
-188
-174
-156
175
-152
-211
-170
-153
-121
-164
-307
-272
-146
-44
-191
-208
-14
-189
-102
26
-175
-310
-95
-184
-176
-156
-363
-104
-346
-20
-240
16
-190
-351
-173
7
-222
-143
-169
-228
-55
-197
-130
-177
-137
-182
101
-203
-224
-326
80
-382
-203
-422
-238
-371
-445
-154
-204
-364
-170
-233
-330
-108
-186
-367
-299
70
-100
-399
-415
1115
-193
-134
-232
-217
-165
-218
-86
-312
-281
-540
-266
-69
-191
-184
-298
-78
-102
-108
-401
-42
-291
-156
-91
-87
-417
-192
-288
-107
-400
-202
-302
-113
-158
-314
-95
-315
-311
-112
-150
-84
-76
-242
-330
-73
-50
-177
-172
-45
-198
-128
-264
-216
-89
-238
-196
-214
-187
-144
-247
-131
-30
-393
-161
-282
-312
-15
-131
-71
-86
-125
-144
-273
-253
-140
-202
-76
-162
-177
-207
-687
-40
-468
-120
-389
-256
-188
-335
-177
-129
-41
-257
70
-170
-180
-215
-230
-234
-199
-260
-217
-251
-121
-282
-199
-150
-192
-91
-210
-123
-455
-270
-278
-172
-109
-72
-178
-374
-66
-224
-209
-338
-339
-35
-147
-22
-120
-316
-203
-247
-179
-188
-461
-131
-210
-244
-160
-89
-203
-125
-103
-280
-219
19
-575
-283
-246
-169
-294
-142
-377
-119
-119
-215
-259
62
-243
-198
-512
-68
-142
-152
-257
-161
108
-203
-133
-101
-305
-86
-272
-538
-60
-215
-372
-277
-379
-5
-284
-104
-266
-54
-325
-150
20
-203
-181
-52
-144
33
-182
-436
-177
-172
-265
297
-100
-446
-191
-176
-58
-170
-476
-148
-721
-319
-159
-279
-125
-385
-227
-261
-4
-149
-283
-81
-396
-59
-281
-341
1
-252
-217
-26
-79
-253
6
-252
-147
-241
-151
-247
-112
-242
-68
-123
13
-793
-431
-243
-351
-50
-220
-264
-390
-72
-140
-322
-189
-269
-46
-147
-144
-144
-52
-283
-263
-194
-188
-412
-196
-484
-345
-427
-371
-219
-119
-229
-223
-332
52
-171
-95
46
-213
-129
-200
-315
399
-403
-170
-133
-186
-239
-61
-450
-104
-170
-386
-535
-205
2
-381
-188
65
-219
-279
-404
-292
-228
-371
-118
-243
-241
-151
-331
-285
-244
-221
3
-434
-188
-31
-226
-205
-284
-16
-107
-154
-276
-350
-168
585
-301
-200
-258
-311
-269
-81
-131
-269
-356
-140
-194
-321
-503
35
-162
-130
79
-265
-39
-46
-354
-135
61
-154
-272
-164
-302
-108
-218
-405
-40
-489
-151
-167
-268
-185
-168
-427
-272
-271
-281
-79
-380
-113
-125
-361
-181
-114
-136
-204
-39
23
-395
-196
-121
-268
-388
-155
31
-360
-240
-430
-210
-302
-355
-276
-213
-218
-251
-167
-331
37
-1
60
-253
-251
-112
-213
-487
-135
-215
-366
-239
-258
-345
-301
-147
-275
-223
-154
-192
-371
-237
-144
-278
-1
-81
-359
-294
-209
-151
-331
-15
-175
-235
-261
-68
-223
-235
-93
-137
-279
-149
-83
-431
-48
-304
-190
-119
-156
-201
-87
13
-168
-467
-289
-28
-245
-274
-246
69
-204
631
-388
-153
-148
-356
-131
-262
-63
-362
-87
-172
-118
-272
-189
-132
-159
-345
-164
-40
-258
-81
-16
-435
-247
-69
-72
-255
-348
-129
-109
-316
-64
-204
-210
-301
-27
-221
-234
-151
-267
-45
-402
28
-192
-65
-245
-250
-90
-395
9
-257
-285
-145
-239
-414
-208
-33
-228
-274
-263
-145
110
-202
-224
-320
-350
-201
-273
-19
-366
-109
-216
-189
-274
-244
-212
-161
-366
-169
-77
-520
-603
-76
-347
-264
-218
-101
-309
-134
-58
85
-309
-66
-240
-259
-30
-178
-104
-252
-232
-392
-329
-137
-93
-53
42
-335
-161
-221
-89
-166
-229
-157
-302
-145
-277
-248
-287
-233
-368
-300
-209
-169
-146
-381
-282
806
-108
-127
-205
-7
-179
128
-109
-230
-131
-172
-109
-120
-418
-274
-379
-92
-308
11
-427
-151
-358
15
-208
-204
-109
-425
-451
-245
-290
-242
-169
-54
-382
117
-358
-326
6
-31
-27
-47
-247
-206
-149
-154
-195
-339
-389
-243
-406
-193
-123
-376
-328
-224
-312
109
-76
-72
-224
-280
-220
-134
-378
-244
-162
-114
-218
-175
-121
-251
-256
-8
-158
-150
-291
-284
-198
-39
-26
-201
-321
-245
14
-198
-356
-494
-523
-303
-26
18
-164
-189
-114
-99
-81
-52
-18
-156
-316
-301
-50
-289
-137
-182
-146
-236
-311
-92
-224
-209
-512
-131
-83
-356
-162
-266
8
-310
-263
-60
-159
-137
-410
-244
-272
-160
-204
-148
-199
-252
-216
-330
-90
-147
-161
-164
-256
-210
-460
-195
-69
-225
-131
-203
-257
-128
-115
-162
-259
-243
-32
-609
14
-373
-174
-46
60
-133
-186
-52
-293
-306
-336
-112
-87
-461
-177
-317
143
-67
-299
-250
-15
-107
-254
-213
-168
-340
-207
-107
-197
-135
-329
-102
-236
-206
-257
-193
-300
-151
23
-62
-244
-116
-282
-170
-140
-254
-279
-81
57
-79
-264
-453
-156
-174
-398
-178
6
-225
-444
-230
-446
-432
-144
-410
-253
-475
-133
-259
-259
-104
-184
-176
-142
-193
-186
-393
-150
-210
-189
-13
-269
-159
-294
-321
-264
-122
-99
-82
-251
-150
-87
-204
-186
-313
-113
-48
-372
-34
-303
-340
-120
-283
-393
-161
-143
-141
-492
-537
-240
-362
-261
-198
-189
-370
-382
-32
-366
-277
-321
-342
-333
-84
-270
-488
-302
-225
-357
-36
-212
-327
-575
-146
-299
-207
-431
-217
-321
-322
22
-357
-212
-203
-266
-62
-281
-383
-118
-241
-526
-202
-26
-94
-360
-208
-220
-83
-265
-89
-362
-167
-227
-367
28
-323
-252
-15
-373
-200
-139
-98
-326
-78
-245
-457
-28
-188
-146
-183
-301
-53
-141
-160
-256
-86
-219
-73
-319
-545
-226
-286
-198
-390
-110
-156
-187
-67
-363
-613
-95
-256
-375
-394
-244
-129
-98
-159
-255
-84
-223
-105
-230
-115
-259
25
404
-102
-387
-373
-219
-264
-213
-70
79
-129
-584
-204
-155
-322
-429
-233
-186
-320
-268
-68
-149
-213
-133
-152
-157
-123
-122
-298
-356
119
-108
-368
-376
-169
-137
-178
-72
-259
-255
-199
-471
-236
-297
-152
-169
-105
-266
-123
-258
-339
-319
183
-101
-215
-341
-332
-126
-503
-103
-142
-227
-305
-140
-410
-81
-165
-267
-193
-245
140
-149
-463
-17
-310
-383
-97
-410
-189
-290
-201
-275
-129
-217
-256
-327
-287
-164
-289
-146
-146
-278
-100
-221
-77
-120
-423
-423
-264
-36
-106
-237
-161
-118
-245
-150
-272
-159
-308
-157
-365
34
-168
474
-222
-36
-350
-248
-80
-266
-159
-216
-196
-216
-345
-496
-274
-111
-266
57
-344
-65
-400
-341
-129
-74
-258
-319
-80
-162
-72
-145
-72
-246
-153
-187
-332
-91
-256
-187
-177
-406
-378
-6
-142
-70
-206
-170
-253
-344
-95
-180
-322
-386
-57
1
-193
-113
-349
-265
-393
-88
-243
-100
-198
-172
-253
-398
-89
29
-137
158
-336
-216
-304
-52
-313
-115
-117
-305
-298
-122
-216
-245
-329
-403
-354
-610
-162
-224
-407
-329
-185
-176
-150
-171
-344
-25
-159
-138
-88
-263
-337
-71
-25
-291
-260
-321
-18
-267
-463
-243
-298
-309
-440
-157
179
-195
-172
-354
47
-170
-422
-287
-238
-383
-181
-243
-89
-144
-463
-136
-256
-278
-70
-243
-60
-121
-29
-185
-270
-209
-305
-3
577
-215
-16
-1
-265
-18
-216
-32
-10
-191
-228
-176
-60
-217
-213
157
-150
-111
-76
-118
-162
997
-432
-65
62
-69
-385
16
-265
152
-28
-193
-224
-308
-129
-221
-132
-107
-110
-219
-421
-404
-178
-260
-215
57
-103
-123
-6
-73
-123
-180
-181
-21
-102
-201
-175
-31
-770
-136
-37
-262
-395
-171
-215
-348
-333
-130
-211
-208
-176
-190
-372
-133
-304
-146
-224
-379
11
-339
-217
-418
-52
-302
-325
-156
-178
-88
-119
-268
-209
-250
-65
-274
-129
-16
-258
-211
-444
-352
-156
-256
-279
-97
-127
-232
-232
-99
-192
-338
-285
-324
-226
-36
-247
-326
-54
-312
-245
-615
-482
-426
-190
-445
-489
-474
-278
-251
61
-130
-234
-149
25
-273
-255
-72
-306
-149
-171
-69
-272
-143
-449
-343
-465
-283
-233
-339
-271
-223
48
-141
-345
-193
-896
-430
-83
-141
-420
-425
-81
-274
-113
-254
-182
-280
-78
-268
-227
-212
-401
-87
151
-702
-81
-155
-213
-360
-93
-302
-177
-436
-421
-213
-96
-246
846
-205
-228
-277
-118
-158
-173
-191
-248
-146
-9
-293
-171
-143
-94
-306
-126
-243
-141
-313
-289
-193
-185
-335
-223
-225
52
-130
-137
-153
-467
-109
-116
-150
359
-172
-178
-246
-64
51
-25
-275
-160
-182
-335
-166
-428
-105
-144
-269
-146
-161
-298
-388
-260
-83
-287
-610
-231
-320
-216
-229
-190
-334
-199
-283
-183
-80
-364
-468
-246
-282
-197
-270
-124
-175
-231
-256
-155
-386
-241
-113
-145
-139
-209
-209
-189
51
-1
-128
-164
-266
-256
-304
-117
-147
-227
-18
-22
-145
-207
-382
-175
-175
-481
-22
-88
-254
-206
-188
-401
-333
-111
-159
67
-325
-588
-114
-208
-220
-244
-299
-88
-147
-216
-282
-90
-126
-303
-146
-401
-189
88
-183
-218
-297
23
-447
-167
-309
-436
-282
-157
-165
-206
-330
13
-210
-111
-289
-265
-206
-200
6
-407
-112
-281
-69
-264
-243
-127
-346
-187
-141
-282
848
-129
-230
