3576
3513
3418
3457
3314
3493
3425
3606
3597
3556
3414
3188
3316
3333
3574
3490
3416
3509
3589
3325
3450
3329
3561
3494
3378
3347
3238
3442
3118
3585
3603
3312
3358
3514
3627
3509
3491
3383
3427
3077
3563
3502
3612
3420
3629
3366
3439
3651
3611
3536
3417
3525
3424
2971
3388
3281
3519
3079
3620
3311
3553
3387
2887
3290
3605
3484
3560
3503
3374
3519
3423
3583
3539
3372
3595
3137
3455
3036
3377
3317
3536
3615
3539
3429
3247
3323
3301
3509
3542
3455
3379
3525
2380
3402
3375
3460
3067
3333
3504
3630
3632
3616
3620
3354
3374
2917
3555
3584
3504
3353
3497
3475
3343
3484
3549
3510
3375
3674
3586
3364
3450
2935
3404
3476
3167
3271
3380
3408
3501
3311
3619
3455
3067
3365
3540
3599
3422
3404
3481
2961
3564
3529
3615
3612
3471
2472
3610
3481
3480
3118
3507
3411
3127
3541
3579
3381
3526
3237
3500
3154
3529
3615
3443
3568
3441
3539
3503
3252
2402
3603
3618
3483
3274
3260
3590
2956
3468
3434
3412
3412
3466
3664
3535
3527
3579
3466
3524
3455
3557
3473
3578
3395
3410
3493
3434
3470
3588
3304
3376
3359
3503
3445
2914
3346
3511
3304
3554
3391
3523
3394
3453
3489
3481
3381
3471
3146
3024
3606
3097
3321
3497
3522
3502
3341
3492
2740
3409
3315
3507
3496
3444
3570
3395
3620
3583
3489
3361
3308
3594
3238
3491
3635
3539
3417
3510
3159
3241
3414
3345
2745
3359
3459
3475
3582
3601
3419
3317
3447
3397
3537
3585
3514
3551
3577
3241
3315
3607
3447
3512
3624
3557
3567
3488
3570
3695
3561
3294
3548
3392
3494
3286
3525
3617
3078
3535
3547
3451
3529
3373
3673
3334
3021
3437
3468
3389
3306
3091
3238
3488
3594
3622
3518
3528
3613
3311
3509
3215
3598
2512
3576
3517
3013
3397
3475
3609
3554
3588
3574
3448
2949
3487
3392
3317
3432
3610
3610
3412
3535
3575
3430
3342
3168
3574
3465
3548
3460
3374
3553
3546
3488
3318
3757
3466
3611
3376
3028
3571
3406
3436
3366
3507
3571
3577
3112
3562
3562
3503
3396
3366
3397
3539
3439
3416
3347
3526
3522
3303
3573
3524
3367
3494
3542
3575
3492
3520
3598
3611
3525
3421
3587
3457
1475
3553
3404
3444
3566
3428
3578
3573
3471
3307
3469
3379
3417
3580
3662
3469
3254
3476
3575
3493
3270
3437
3579
3291
3384
3569
3428
3400
3607
3417
3436
3584
3599
3505
3384
3474
3521
3608
3016
3458
3021
3627
3372
3328
3425
3502
3301
3556
3231
3604
3266
3511
3343
3559
3595
3350
3438
3555
3459
3405
3582
3344
3091
3530
3403
3506
3345
3488
3252
3557
3607
3461
3399
3644
3660
3612
3570
3406
3443
3421
3058
3641
3477
3471
3391
3314
3308
3481
3487
3503
3325
3488
3503
3452
3492
3421
3509
3366
3422
3586
3504
2979
3508
3393
3487
3458
3511
3323
3478
3513
3542
3361
3563
3623
3516
3081
3405
3524
3349
3374
3515
3485
3310
3423
3687
3372
3555
3526
3593
3357
3367
3467
3616
3477
3242
3522
3103
3340
3434
3577
3154
3607
3398
3469
3587
3526
3616
3541
3152
3321
3365
3680
3500
3615
3487
3517
3506
3404
3846
3391
3093
3552
3406
3526
3059
3484
3465
3298
3411
3602
3289
3445
3538
3594
3518
3507
3300
3470
3551
3524
3431
3509
3576
3303
3456
3354
3588
3514
3586
3447
3673
3519
3217
3470
3499
3644
3075
3570
3576
3321
3605
3535
3499
3516
3566
3115
3639
3416
3625
3602
3571
3590
3505
3245
3414
3466
3567
3581
3550
3570
3705
3602
3462
3552
3304
3573
3283
3455
3510
3662
3227
3561
3329
3235
3537
3386
3632
3546
3394
3206
3525
3587
3553
3484
3450
3460
3457
3569
3612
3446
3133
3411
3361
3567
3385
3552
3641
3346
3476
3431
3302
3577
3351
3602
3449
3449
3611
3502
3301
3654
3457
3402
3360
3083
3288
3162
3557
3537
3470
3572
3704
3517
3591
3559
3366
3549
3454
3479
3458
2987
3594
3475
3352
3579
3549
3351
3366
3536
3477
3632
3594
3368
3554
3562
3485
3265
3669
3499
3607
3461
3658
3434
3585
3462
3482
3413
3275
3474
2968
3612
3506
3464
3578
3567
3446
3237
3353
3577
3603
3158
3500
3174
3550
3505
3531
3482
3465
3629
3415
3304
3539
3635
3480
3493
3538
3457
3424
3439
3488
3522
3525
3533
3834
3052
3437
3536
3372
3691
3248
3553
3513
3564
3459
3393
3459
3429
3517
3500
3564
3578
3557
3391
3439
3453
3343
3113
3537
3465
3152
3492
3386
3461
3306
3516
3337
3519
3656
