3641
3566
3284
3165
3780
3533
3543
3519
3455
3402
3154
2944
3188
3136
3408
3416
3080
3211
3787
3463
3586
3288
3523
3708
3142
3731
3144
3634
3200
3432
3582
3115
3609
3578
3561
3409
3526
3310
3588
3725
3481
3643
3641
3463
3379
3199
3692
3540
3651
3520
3600
3425
3880
3032
3488
3142
3376
2913
3436
3066
3554
3109
2774
3214
3431
3375
3477
3535
3300
3706
3579
3716
3536
2979
3616
3046
3372
2902
3118
3261
3470
3629
3675
3362
2737
3141
3303
3355
3474
3595
3300
3442
4255
3177
3282
3157
2853
3136
3431
3581
3688
3684
3553
3350
3112
2571
3244
3601
3449
3222
3440
3355
3267
3535
3446
3187
3357
3523
3461
3330
3444
2985
3219
3208
2882
3246
3457
3208
3403
3232
3549
3280
2873
3496
3414
3596
3376
3130
3487
2787
3673
3603
3618
3738
3232
3195
3492
3364
3539
3418
3182
3362
2917
3609
3567
3174
3385
3194
3497
2829
3508
3599
3138
3688
3205
3631
3412
3065
3359
3513
3501
3394
3123
3530
3681
3210
3154
3200
3235
3325
3269
3669
3398
3615
3601
3426
3800
3407
3607
3321
3488
3967
3783
3227
3466
3498
3522
3265
3361
3023
3541
3324
2716
3122
3225
3392
3363
3182
3525
3290
3137
3464
3352
3435
3272
2619
2855
3656
2906
3302
3480
3610
3471
3100
3451
2846
3264
3189
3496
3617
3285
3466
3379
3550
3373
3327
3392
3148
3554
3155
3165
3404
3355
3080
3232
2712
3116
3351
3210
3067
3224
3945
3310
3375
3584
3394
3266
3269
3084
3245
3620
3345
3519
3313
3190
3204
3326
3371
3201
3650
3341
3471
3439
3284
3614
3544
2870
3417
3274
3528
3038
3582
3587
2913
3487
3167
3619
3724
3309
3590
3281
3003
3577
3378
3492
2964
2935
3661
3539
3482
3756
3508
3404
3508
4145
3344
3224
3692
5001
3461
3194
2807
3149
3373
3481
3244
3611
3523
3472
2636
3436
3355
3367
3544
3459
3487
3040
3415
3507
3437
3048
2671
3358
3771
3749
3345
3374
3638
3552
3413
3076
3753
2987
3416
3049
2757
3569
3502
3361
3661
3467
3541
3530
2759
3500
3480
3304
3187
3317
3365
3479
3202
3207
3266
3382
3505
3132
3507
3482
3201
3441
3421
3624
3433
3699
3594
3473
3364
3322
3708
3475
13697
3489
3717
3326
3424
3550
3625
3465
3508
3204
3367
3481
3174
3564
3584
3543
3229
3445
3601
3237
2966
3009
3380
3041
3282
3566
3239
3491
3541
3405
3453
3608
3539
3270
3177
3354
3328
3427
2984
3363
3012
3501
3237
3381
3399
3377
3437
3492
3247
3342
3283
3542
3175
3554
3700
3440
3225
3606
3456
3290
3552
3237
2749
3374
3519
3820
3187
3458
3303
3560
3605
3732
3359
3755
3654
3342
3483
3235
3562
3334
3082
3524
3626
3497
3076
3067
3210
3142
3142
3825
2969
3327
3370
3061
3348
3268
3534
3377
3357
3470
3502
2791
3250
3423
3409
3368
3428
3196
3503
3590
3439
3265
3615
3487
3266
2743
3153
3596
3271
3110
3501
3067
3217
3144
3597
3263
3325
3532
3445
2979
3088
3272
3386
3407
3678
3509
2556
3719
3304
3631
3165
3631
3385
3320
3400
3254
3520
3449
2890
3334
3297
3531
3361
3565
3209
3417
3320
3215
3702
3176
2905
3469
3301
3574
3762
3503
3287
3496
3419
3630
3186
3494
3664
3638
3446
3377
3139
3544
3450
3494
3338
3418
3659
3406
3412
3051
3542
3469
3588
3274
3600
3404
2843
3346
3400
3496
2691
3631
3489
3217
3562
3527
3180
3464
3413
4000
3598
3101
3548
3582
3472
3693
3270
3226
3273
3441
3449
3484
3465
3222
3663
3635
3363
3584
3317
3702
3043
3458
3472
3344
3151
3535
2975
2642
3363
3238
3689
3473
3176
3212
3366
3586
3355
3441
3464
3544
3319
3210
3613
3350
3153
3253
3550
3457
3231
3482
3545
3128
3513
3429
3191
3400
2934
3648
3382
3386
3449
3320
3350
3659
3493
3369
3208
2694
3310
3223
3394
3522
3273
3481
3659
3654
3690
3430
3174
3656
3325
3395
3232
2594
3493
3323
3209
3540
3403
3472
3497
3676
3540
3586
3639
3430
3350
3566
3491
3034
3409
3586
3458
3356
3385
3272
3560
3500
3524
3347
2921
3258
2711
3745
3581
3224
3282
3560
3120
3216
3311
3583
3514
2959
3412
3275
3274
3225
3655
3344
3332
3600
3232
2874
3469
3548
3347
3497
3573
3313
3321
3339
3500
3396
3651
3531
3628
3378
3177
3576
3280
3623
2985
3443
3506
3608
3414
3169
3461
3302
3346
3445
3524
3696
3578
3126
3400
3476
3150
3432
3612
3330
2906
3553
3343
3362
3499
3308
3075
3263
3624
