-256
-182
-126
-164
-181
-322
-137
-210
-132
-225
-348
-167
-76
-210
-444
-325
-249
-122
-506
-127
-19
-164
-197
-284
-186
-207
166
-163
-233
-113
-355
22
-484
-174
-272
-259
-167
-254
-253
-383
-219
143
-243
44
-148
-118
-307
-77
-230
-332
-176
-255
-144
-169
-214
-275
-287
-185
-203
-231
-361
-169
-217
-341
-310
-162
-52
-296
275
-79
-108
-132
-331
-209
-58
-173
-131
-177
-247
-256
15
-70
0
-191
-213
-336
-344
-264
-337
-261
-288
-182
-193
-136
88
-330
-309
-163
-100
-290
-131
-188
-139
-84
-348
-344
-280
-223
-126
-209
-222
-72
-293
-240
-45
-329
90
-338
16
-242
-152
-301
-49
-251
-220
-266
-288
-233
-198
-368
-292
-280
-289
-200
-104
-315
-324
-317
-247
-417
-53
-317
-189
-66
-234
-268
-105
-341
-210
-117
-45
-89
-425
-109
-259
-204
-187
-343
-276
-206
-253
-203
-51
-117
-175
494
-248
-347
-109
-254
-171
-109
-274
-257
-167
-342
-412
-273
-309
-110
-267
-256
159
-207
-343
-320
-379
-277
-281
-111
0
-127
-97
-447
-176
-107
-135
-236
-165
-391
-55
-405
39
-84
-187
-307
-372
-276
-430
-176
-299
-335
-266
-318
-203
-97
-323
-98
-4
-245
38
-155
45
-162
-339
-251
-255
-356
-368
-169
-52
-377
-200
-217
-317
-129
-247
-323
-315
-273
-145
-372
-112
-146
-245
-228
109
-94
-23
-191
-248
-364
-200
-172
138
-26
-158
-147
-294
-61
-83
-139
-320
-106
-257
57
-226
-333
43
-123
-206
-161
-174
-392
-126
-245
-215
-397
-425
-250
-283
-106
-413
-231
-120
-288
-156
-223
-335
-193
-303
-426
-441
-410
326
-89
-303
-146
-303
-167
-311
-184
-243
-408
-288
-5
-327
-238
-287
-278
-272
-282
-267
-231
-256
-43
-222
-156
-136
-313
-181
-294
-238
-180
-358
-224
-131
-31
-150
-291
-305
-166
-274
-235
-115
-156
-136
-246
-78
-83
-123
-310
-329
-336
-238
-259
-284
-235
-174
-173
-372
-222
-439
-213
-89
-176
-249
-252
-197
-233
-236
-85
-215
-446
-269
-225
-213
-182
-145
-276
-376
-93
-226
-181
-246
-319
-220
-114
-196
-323
-191
-81
-135
-311
-188
-299
-308
-222
-204
-221
-298
-269
-200
-291
-283
-145
-202
-149
-403
-63
-202
-191
-240
-365
-286
52
-365
-288
-348
-106
-141
-183
-163
-62
-212
-96
-269
-135
-7
-288
-177
-192
-180
-118
189
-300
-204
-3
-280
-394
-237
-217
-332
-48
-331
-276
-127
-265
-295
-111
-106
-302
-14
-250
-158
64
-336
-140
-51
-236
-170
-374
-209
-107
-286
-170
-298
-308
-241
-263
-117
-209
226
-308
-229
20
-204
-126
-153
-204
-114
-185
-146
-309
-95
51
-272
-431
-357
-265
-268
-287
-212
-188
-310
-276
-187
529
-191
-63
-97
-342
-302
-112
-103
-341
-76
-162
-29
-387
-34
-301
-210
-229
-177
-356
-88
-327
-379
-203
-85
-203
-159
-315
-103
-132
45
-54
-261
-234
-23
-23
-281
-91
-356
-270
-207
-295
-165
-210
-174
-193
-75
-402
-10
-268
-275
-34
-233
-132
-91
-314
-235
-344
-155
-261
330
-180
-22
-64
-677
-96
-194
-457
-111
-248
92
-131
-282
-172
-151
-299
-272
100
-262
-450
-106
-408
-147
-87
-511
-172
-143
-173
-241
-228
-47
-151
-209
-79
-116
-209
-148
-272
-186
-331
198
-856
-505
-284
-373
-141
-295
-200
-278
-140
-164
-293
-269
-175
-208
-193
-153
-198
-214
-296
-190
-264
-322
-215
-126
-159
-126
-279
-227
-164
-297
-200
-343
-290
-56
140
-98
-226
-142
-102
-76
-111
-11
-21
-182
-430
-324
-223
-190
-295
-130
-195
-153
-126
-77
-210
-271
-289
-334
-67
-280
-116
-68
-232
-188
-133
-259
-96
-46
-259
-34
-81
-509
-333
-97
13
-259
-263
-278
-345
-239
-312
-262
-27
-184
-447
-320
-350
-138
-265
-352
-167
-388
-237
-234
-172
-178
-211
-267
-372
-257
-112
-139
-334
-279
-217
-390
-135
-480
-194
-195
-124
-103
-151
-189
-100
-177
-178
16
-775
-222
-162
-165
-42
-189
-203
-216
-75
-238
-208
-261
-148
-225
-331
176
-138
-307
-348
-187
-235
-286
560
-260
-288
-213
-389
-158
-116
-293
-136
-277
-165
-169
-215
-284
1176
-300
-273
-110
-308
-401
-213
247
-208
-144
-251
-386
-268
-253
-282
-348
-171
-228
-209
-192
-174
-287
-99
-322
-168
-289
-226
-239
-106
-215
-320
-173
-117
-138
177
-233
-343
-265
-256
-182
-243
-201
-126
-185
-83
-237
-184
102
-97
-31
-266
-227
-81
-76
-289
-259
-32
-321
-281
-265
-152
-177
-243
-193
-201
-206
-295
-359
-176
15
-142
-246
-214
-258
-250
-156
-291
-155
-152
-330
-126
-171
-50
-69
-254
-9
-174
-201
-354
-193
-95
-205
-342
-298
-211
-432
-39
-267
-258
-138
-343
-342
-172
-364
-235
-111
-151
-258
-304
-241
-172
-109
-326
-335
-251
58
-211
-170
-305
-240
-145
-300
-343
-263
-294
-304
-261
-268
-301
-247
-214
-111
-373
-237
-175
-131
-249
-203
-373
-330
-278
-880
-313
-141
-21
-313
-8
-193
-200
-38
-267
-349
-186
-147
-235
-204
-254
-209
262
25
-472
-244
-605
-194
-211
-398
-281
-125
-52
-439
-243
-243
-466
-429
-244
-176
-244
-274
-181
-170
-116
-286
-281
-107
-406
-192
-314
197
-182
-290
-315
-187
-21
-179
-187
4
-30
-102
-217
-470
-208
-304
-274
-168
-203
-188
-162
-240
-349
-124
-273
-202
-41
-313
-150
-129
-156
-63
-17
-102
-169
-178
-286
-325
-471
-265
-308
-198
-261
-327
-104
-60
-314
-317
-231
-245
-301
-142
-305
-182
-231
-249
209
-95
-267
-317
-120
-151
-177
-104
-292
-121
-265
-228
-129
-276
-43
-330
-115
-186
-271
-254
-341
-158
-371
-338
-346
-333
-565
-343
-257
-405
-271
-331
-111
-180
-267
-303
-124
-170
-181
-265
-320
-313
-296
-177
-180
30
-245
-131
-385
-214
-322
-239
-48
-240
-276
-109
-202
-229
-126
-206
-333
-108
107
-237
-216
-168
-66
-286
-282
-256
-141
-208
-26
-367
-335
-94
-400
-309
7
-141
-287
-252
-114
-309
81
-249
-7
-218
-429
-251
-264
-354
-357
-101
-222
-185
-86
-119
-127
-288
-166
-256
-288
-371
-164
-132
-101
-347
-339
-69
-127
-219
-137
-367
-153
-97
-519
-130
-229
-232
-278
-302
-261
-324
-173
-209
-202
-225
-158
-168
-98
-215
-239
-189
-228
77
-125
-250
-243
-35
-494
-107
-282
-102
-177
-133
-116
-392
-194
-234
-154
-131
-82
-258
-87
-169
-110
-341
-267
-414
-93
-248
-306
-183
-228
-56
-228
-42
-197
-255
59
-128
-307
-378
-192
-186
-232
-35
-218
-438
-226
-329
-242
-306
-176
-17
-308
-284
-177
-147
-427
-264
-26
-206
-126
-336
-164
-260
-135
-245
-247
-43
-152
-231
-241
-212
-277
-239
-162
-220
-251
-399
-212
-246
-311
-254
-158
-224
-363
-166
-251
-127
-347
-386
-273
-118
-289
-256
-263
-311
-226
-177
-323
-395
-161
35
-361
441
-445
-237
-470
-200
32
-77
-115
-191
-473
-256
-164
-177
-269
101
-234
-164
-208
-116
-278
-119
-338
-173
-217
-969
-9
-114
-242
-284
-92
-408
-234
-190
-120
-261
-56
-202
-226
-321
-241
-169
-240
-79
-143
-299
-70
15
-109
-179
-234
-280
-323
-163
-318
-151
-341
-321
-89
-280
-219
-407
-372
-362
-289
-316
28
-161
-174
-178
-244
-264
-297
-239
-238
-199
-456
-233
-91
-240
-155
-221
-404
418
-237
-221
-231
-154
-161
-32
-319
-221
-320
172
-128
-277
-135
-94
-176
-236
-182
-285
-190
-411
-199
-256
-198
-243
-180
-210
-314
-470
204
-329
-261
-91
-85
-90
438
-51
-297
-195
-752
-355
-174
-178
-186
-184
-205
-232
-150
-255
-134
-254
141
-281
-370
-145
-143
-245
-139
-298
0
-324
-357
-178
-290
-545
-172
-117
-22
-161
-307
-193
-176
-286
-46
-239
-165
-220
-223
-274
-268
-204
-114
-247
-283
-194
-294
1052
-222
-145
-166
-355
-313
-360
-474
-57
-466
-332
-359
-296
-252
-361
-278
-300
-195
-138
-231
-232
-299
-151
-195
-235
-203
-282
-237
-148
-407
-205
-180
-304
-58
-49
-90
-119
-255
-173
-259
-237
-20
-304
-263
-266
-257
-50
111
-114
-389
-242
-331
-205
-223
-324
-145
-213
-193
-129
-364
-38
-107
-181
-215
-214
-159
-253
-98
-82
-320
-153
-328
-197
-131
161
-193
-264
-337
16
-286
-123
-119
-229
-328
-58
-153
-182
-140
-94
-256
-30
-264
-243
-275
-187
-286
-238
-300
-271
-313
-283
-175
-197
-77
-157
-216
57
-212
-384
-183
-216
-214
-227
-177
-200
-235
-93
-68
-279
-11
-391
-184
-212
1
-22
-168
-59
-246
-88
-296
-209
-269
-405
-115
-154
-308
-215
-174
-228
59
-237
-82
-156
-136
-366
-224
-165
-307
-235
-271
-178
-275
-294
151
-228
-266
-164
-383
-340
-268
-351
-252
-274
-270
-303
-261
-206
-58
-253
-151
-373
-318
-319
-111
-169
-220
-147
-182
-308
-338
-214
-289
-161
-260
-237
-253
-223
-281
-324
-117
-213
-99
-25
-364
-420
-25
-299
-199
-346
-343
-210
-344
-199
-195
47
-108
-323
-175
-118
-133
-47
-224
-231
55
-106
-251
-238
-232
-327
-88
-224
-347
-486
-135
-165
-227
-255
-175
-315
-152
-147
-234
-211
-403
-184
-226
-160
-492
-119
-299
-231
-138
-345
-327
-269
-293
-270
-293
-81
-179
-317
-117
-202
-276
-221
-378
-223
-75
-256
-304
-218
-333
-254
-139
-185
-171
-154
-174
-130
-117
-298
-129
-486
-342
-222
-230
-153
-202
-130
11
-287
-207
-31
-437
-274
-126
-291
-370
114
-273
-66
-15
-264
-136
-329
-180
-75
-310
-328
-307
-146
-158
-87
-80
-221
-100
-228
-226
-240
-285
-209
-246
-208
-298
-205
-249
-242
-159
-290
-291
-210
-173
-272
-216
-299
-221
-255
-126
-126
-243
-12
-228
-259
-189
-195
-358
-191
-41
-315
-276
-241
-187
-364
-248
-188
-320
-159
-90
-160
32
-187
90
-276
-177
-310
-290
-228
15
-288
-303
-184
-95
-96
-277
-252
-250
-240
-34
-171
-143
-73
-177
-153
-310
-157
-99
-320
-156
-291
-201
-33
-228
-370
-193
-217
-214
-163
-153
-36
-276
-105
-212
-81
-178
-222
-394
-166
-209
-423
-313
148
-68
-222
-44
-277
-289
-336
-208
-230
-268
-280
-307
-300
-277
-317
-211
-379
-174
-312
-260
-173
-327
-381
-158
-373
-162
-343
-118
-243
-27
-182
-129
-321
-308
36
-310
-260
75
-250
-278
-278
-178
-155
-614
-56
-190
-207
-25
-297
-539
-162
-176
-127
-141
-269
-329
-326
-175
-310
-221
-234
-203
-384
-146
-157
-112
-50
5
-208
-267
-382
-136
-139
-25
-119
-112
77
-294
-166
-156
-135
-189
-162
-237
-117
-83
-155
-179
-286
-233
-104
-231
-325
-177
-68
-116
-151
-249
-233
-287
-143
-15
-309
-173
-244
-236
-226
-164
-176
-195
-192
9
-234
-259
-348
-52
-395
-121
-241
-294
-276
-500
-208
-222
-50
-248
-156
-79
-300
-318
-94
-306
-181
-304
-221
-139
-40
-195
-203
-92
-281
-322
-332
-354
-247
-342
-187
-158
-225
-328
-211
-22
-310
-461
-184
-388
-269
-296
-188
-167
-248
-184
-235
-13
-184
-149
-379
-267
-15
-217
-176
-85
-113
-126
-140
-250
-2
-162
-258
-205
-294
-313
167
-73
-261
-258
-202
-143
-260
-161
-272
-98
-180
-115
-217
-223
-336
-381
-163
-245
-74
-231
-220
-169
115
-319
-245
-232
-287
-135
-64
-287
-147
-224
-114
-290
-163
-190
-211
-71
-290
-133
-260
-188
-347
166
-268
-359
-202
-390
-224
-142
-284
-285
-239
-220
-105
-204
-268
-84
-256
-335
-216
-155
-463
-138
-282
-99
-271
-313
-136
-218
69
-157
-295
-40
-277
-250
-171
-264
-266
-451
-163
-133
-149
-278
-267
-407
-231
-198
-193
-126
-248
-123
-244
-308
-256
-256
-354
-253
-185
-304
-198
-202
-188
-106
-114
-255
-286
-417
-246
-380
-262
-311
-139
-195
-146
-194
-94
-130
-366
-293
-237
-201
-295
-327
-294
-137
-215
-313
-92
-216
-213
-254
-215
-332
-220
-186
-82
-66
-160
-207
-110
-361
-246
-164
-212
-123
-333
-287
-321
-172
-344
-290
-387
-222
-528
-281
-244
-124
-165
-344
-128
-187
-263
-266
-31
-156
46
-238
-218
-280
-147
-139
-260
-89
-189
-142
-183
30
-115
-147
-343
-93
-177
-262
-468
-135
-410
-253
-63
-232
-247
-232
-222
-111
-247
-246
-205
-211
-308
-104
-299
-143
-242
-324
-208
-138
-256
-217
-251
-166
-216
-111
-177
-228
-204
-189
-459
-160
-245
-219
-183
-90
-276
-371
-90
-219
-217
-154
-304
-105
-399
-151
-137
-258
-278
-279
-179
-130
-347
-275
-225
-180
-161
-194
9
-127
-102
-268
-274
-278
-873
-222
-196
-215
-170
-53
-98
-861
-361
-248
-407
-241
-123
-142
-272
-195
-221
-235
-302
-156
-81
-287
-129
-222
-228
-313
-264
-239
-309
-242
-81
-366
-159
-256
-244
-221
-190
-139
-157
-288
-83
-358
-283
-380
-50
-120
-184
-325
-289
18
-301
-243
-110
-118
-124
-409
-221
-276
-277
-267
-367
74
-227
243
-140
-176
-46
-448
-187
-301
-226
-359
-418
-404
-225
-118
-227
-351
-179
-347
-207
-225
-156
-272
-90
-144
-141
-196
-359
-206
-106
-149
-159
53
-287
-298
-243
-127
-342
-303
-149
-229
-313
-336
-278
-370
-161
-206
-212
-239
-226
-405
-241
-191
-417
-297
-320
-258
-151
-173
-128
-236
-298
-184
-355
-237
-128
-355
-61
-259
-294
-49
-152
-174
-217
-223
-115
-274
-286
-334
-344
-274
-331
-18
-238
-197
-394
-182
-52
-271
-399
-100
18
-169
-243
-186
-248
-280
-75
-269
-186
-277
-90
-323
-226
-241
-279
-209
-108
-225
-135
-225
-312
-335
-320
-140
-187
-342
-128
-194
-252
-311
-196
-247
-237
-312
-198
-192
-327
-124
-65
-272
-152
-282
-342
-91
-140
-150
-175
-393
-368
-292
-317
-220
-67
-443
-198
-355
-237
-366
-227
-172
-159
-236
-269
-261
-85
-235
-279
-92
-328
-228
-446
-307
-218
-176
-237
-270
-362
-219
-141
-373
-234
-295
-129
-118
-32
-159
-295
-57
-390
-154
45
300
-274
-121
-362
-308
-104
-304
-216
-329
-110
-269
-355
-228
-313
-207
-38
-301
-208
-387
-254
-107
-329
-259
-159
-19
-416
-78
-81
-247
-166
-339
-340
-189
-166
-292
-211
-168
-280
-261
-301
-252
-211
-292
-208
-215
-187
-301
-289
-349
-210
-178
-287
-276
-298
-326
-236
-76
-92
-250
-59
-126
-238
-204
-150
71
-440
-187
-269
-198
-91
-177
-251
-294
-218
-184
-239
-241
-205
-249
-55
-4
-502
-169
-139
-222
-342
-330
-414
-246
-126
-232
-361
-186
-185
-246
-230
-156
-273
-193
-11
-320
-151
-84
-296
-189
-230
-268
-211
-314
-258
-352
-95
-211
-256
-131
-285
-334
-398
-349
-172
-117
-303
-112
16
-299
-245
-348
-240
-337
-141
-241
-154
-155
-39
-112
-181
-87
-210
-87
-68
-17
-191
-323
-432
-166
3
-222
-202
-304
-370
-200
-206
-211
-218
-134
-191
-250
-152
-324
-246
-112
-379
-300
-257
-239
-231
-185
-323
-319
-165
-253
-247
-63
-27
-165
-48
-191
-267
23
-38
21
-201
-159
-322
-196
-161
-325
-217
-303
-65
-187
-172
-222
-76
115
-172
-230
-291
-324
-192
-424
-177
-368
-287
-263
-72
-237
-140
-176
-302
-80
-8
-302
-378
-251
-221
-216
-130
-217
23
-149
-267
-261
292
-303
-279
-248
-157
-72
-206
-334
-278
-73
-261
-198
-334
-255
-328
-118
-154
-170
-156
-336
-137
-181
-139
-273
-207
-144
-71
-242
-325
-126
-121
-201
0
-251
-169
-138
-123
-450
-386
-214
-242
-129
-231
-91
-450
-409
-349
-319
-384
-198
-156
72
-443
-86
-283
-316
-124
-271
-227
-101
-287
-191
-277
-105
237
-329
-171
-43
25
84
-46
-64
7
-201
-202
-177
4
-266
-48
-170
-288
-91
-292
-230
-338
-102
-479
-254
-187
-340
-76
-147
-261
-122
-203
-487
-95
-273
-224
-215
-208
-215
-167
-369
-274
-255
-329
-45
-175
-457
-239
-38
398
-416
-98
-316
-440
-80
-180
-181
-242
-278
57
-269
-223
4
-173
-124
-459
-271
-149
-161
-222
-79
-358
-88
-145
-288
-318
-167
-103
-189
-160
-190
-297
-325
-127
-283
-216
-316
-212
-110
-212
-258
-103
-334
66
-120
-210
-431
-230
-363
-310
-291
-209
-193
-43
-182
-282
-317
-254
-176
-350
-274
-247
-267
-411
-315
-205
-174
-437
-307
-123
-171
-197
-311
-99
-133
-518
-256
-160
-364
-227
-174
-202
-312
-229
-150
-17
-137
-306
-204
-558
-151
-169
-155
-199
-440
-238
-368
-251
-129
-335
-254
-168
-221
-106
-364
-218
-278
-208
-103
-80
-115
-213
-379
16
-143
-225
-167
-83
-169
-462
-241
-734
-333
-130
-144
-118
-245
-71
-119
-143
-278
-131
-110
-197
-141
-125
-209
-339
-310
-117
-449
-65
-210
-331
-275
-236
-144
-260
-223
209
-107
-241
-106
-290
-189
-227
-221
-197
-230
-291
-273
-238
-165
270
-280
-297
-184
-362
-219
-301
-250
-321
-224
-207
-254
-193
-206
-79
-525
-277
-215
-363
-355
-434
-116
-135
-185
-288
-170
-211
-198
-320
-123
-189
-225
-164
-385
-337
-170
-185
68
-138
-298
-277
-255
384
-131
-113
-44
-270
-151
-238
-261
-125
-158
-225
-125
-257
-241
-270
-217
-259
-256
-267
-114
-122
-80
-216
-253
-82
-77
-187
-265
-367
-360
-261
-111
-125
-200
-88
4
-81
-311
-217
-173
-219
40
-223
-165
-276
-254
55
-194
-328
-149
-159
-435
-322
-178
-340
-173
-206
-90
-287
-132
-422
-182
-322
-314
-426
-69
-468
-127
