3608
3513
3486
3496
3404
3527
3469
3691
3722
3494
3376
3132
3330
3177
3599
3480
3568
3405
3713
3279
3395
3304
3581
3586
3407
3532
3344
3556
3370
3534
3686
3416
3522
3568
3638
3594
3606
3391
3448
3273
3646
3526
3667
3464
3716
3447
3435
3667
3595
3643
3410
3553
3445
3042
3423
3431
3663
3198
3642
3373
3607
3463
2868
3332
3662
3535
3610
3629
3486
3554
3615
3684
3542
3443
3579
3345
3576
3233
3317
3427
3635
3698
3615
3422
3194
3459
3368
3468
3645
3645
3561
3604
2573
3513
3402
3430
2947
3265
3553
3655
3767
3727
3534
3325
3359
2488
3528
3737
3402
3399
3538
3551
3329
3525
3634
3477
3542
3668
3622
3404
3489
2671
3399
3437
3098
3482
3545
3392
3562
3350
3644
3515
2927
3465
3610
3606
3455
3417
3553
2799
3646
3588
3621
3639
3579
1716
3667
3593
3565
3322
3531
3524
3268
3653
3721
3385
3528
3245
3505
2709
3630
3696
3424
3659
3506
3525
3523
3353
2386
3606
3657
3539
3362
3496
3642
2635
3512
3545
3474
3568
3608
3770
3535
3488
3578
3572
3526
3528
3659
3540
3590
3356
3460
3636
3521
3458
3650
3317
3487
3366
3543
3442
2796
3400
3582
3358
3574
3397
3660
3403
3415
3623
3394
3444
3549
2865
3005
3665
3064
3468
3579
3530
3546
3476
3558
2815
3424
3365
3556
3633
3499
3513
3468
3679
3561
3461
3494
3359
3683
3326
3535
3642
3590
3435
3534
2916
3318
3556
3451
3190
3499
3421
3523
3651
3690
3515
3429
3449
3602
3534
3649
3507
3545
3560
3215
3364
3598
3499
3558
3652
3580
3607
3488
3534
3714
3669
3398
3603
3530
3509
3282
3535
3725
2877
3620
3615
3604
3524
3378
3758
3377
3163
3490
3600
3414
3360
2994
3207
3566
3539
3667
3618
3631
3676
3520
3392
3248
3641
1669
3586
3508
2893
3523
3431
3651
3483
3651
3611
3534
3220
3552
3509
3432
3578
3648
3590
3365
3585
3626
3580
3372
3072
3516
3586
3584
3624
3502
3725
3684
3586
3356
3766
3433
3622
3456
2608
3627
3459
3614
3579
3559
3613
3639
2930
3671
3653
3524
3469
3382
3585
3576
3547
3392
3498
3503
3621
3379
3565
3586
3448
3594
3579
3618
3563
3510
3641
3656
3588
3391
3717
3573
2245
3589
3494
3462
3692
3448
3596
3568
3452
3307
3493
3522
3591
3670
3751
3487
3438
3587
3629
3507
3298
3492
3625
3289
3462
3663
3513
3590
3691
3505
3527
3674
3705
3500
3405
3552
3502
3571
2937
3489
3127
3519
3431
3451
3531
3623
3472
3595
3365
3626
3504
3564
3480
3613
3732
3399
3572
3522
3476
3406
3654
3480
2743
3641
3413
3538
3448
3565
3365
3722
3706
3548
3336
3693
3732
3648
3596
3458
3486
3491
2960
3658
3549
3560
3254
3309
3496
3376
3589
3574
3423
3502
3639
3452
3551
3526
3591
3391
3500
3584
3467
3193
3543
3486
3544
3444
3553
3308
3675
3652
3477
3296
3575
3554
3501
2728
3423
3636
3437
3415
3660
3505
3444
3377
3684
3461
3532
3600
3611
3447
3419
3460
3662
3471
3354
3480
2825
3497
3487
3677
3288
3538
3434
3561
3712
3539
3669
3549
2984
3345
3327
3719
3532
3677
3535
3524
3579
3475
3843
3388
2900
3585
3407
3636
3105
3583
3507
3463
3434
3673
3237
3606
3664
3596
3622
3516
3323
3571
3549
3685
3395
3530
3657
3486
3554
3447
3646
3659
3652
3467
3697
3618
3151
3515
3600
3730
2888
3643
3633
3490
3597
3582
3412
3579
3593
3274
3666
3362
3655
3676
3541
3736
3511
3372
3508
3519
3650
3610
3551
3537
3791
3664
3485
3643
3460
3654
3313
3517
3546
3640
3429
3685
3411
3050
3623
3378
3725
3580
3363
3429
3615
3647
3593
3563
3591
3534
3498
3513
3651
3592
3290
3419
3450
3517
3492
3630
3658
3415
3545
3542
3527
3640
3315
3699
3621
3519
3665
3679
3376
3720
3557
3495
3467
2875
3425
3268
3572
3649
3454
3619
3707
3678
3673
3618
3485
3715
3463
3601
3479
2983
3582
3486
3355
3701
3548
3531
3524
3734
3512
3667
3670
3460
3630
3678
3480
3375
3719
3634
3690
3646
3611
3522
3681
3567
3433
3396
3382
3482
2963
3733
3566
3423
3579
3602
3460
3217
3466
3670
3609
3316
3508
3345
3618
3480
3740
3482
3567
3712
3374
3357
3605
3673
3503
3543
3618
3500
3500
3484
3545
3466
3578
3635
3860
3273
3411
3542
3332
3613
3286
3542
3594
3673
3464
3471
3515
3486
3524
3538
3704
3698
3642
3373
3515
3534
3400
3075
3609
3542
3262
3526
3480
3527
3442
3551
3315
3471
3752
