3489
3329
3427
3193
3611
3388
3383
3561
3405
3416
3335
3309
3241
3328
3347
3426
3373
3283
3582
3357
3462
3347
3281
3327
3274
3340
3375
3514
3420
3314
3493
3325
3292
3405
3417
3243
3488
3331
3529
3348
3382
3385
3433
3492
3278
3323
4866
3393
3407
3442
3568
3372
3314
3291
3457
3458
3293
3320
3272
3330
3480
3344
3272
3433
3404
3456
3301
3465
3567
3422
3375
3454
3345
3342
3425
3497
3367
3505
3331
3317
3357
3467
3457
3327
3267
3248
3571
3191
3294
3587
3403
3340
3389
3416
3339
3339
3501
3337
3311
3453
3426
3472
3383
3346
3405
3249
3187
3476
3343
3606
3413
3386
3276
3299
3219
3241
3322
3302
3382
3253
3346
3341
3356
9007
3258
3338
3460
3374
3358
3357
3395
3291
3247
3343
3342
3362
3365
3318
3376
3323
3440
3457
3482
3809
3370
3235
3383
3599
3405
3376
3354
3487
3334
3429
3327
3339
3421
3486
3486
3474
3472
3385
3321
3478
3558
3427
3408
3472
3447
3373
3308
3441
3283
3331
3427
3242
3321
3357
3280
3389
9255
3454
3268
3378
3413
3291
3646
3385
3483
3267
3357
3320
3459
3365
3391
3512
3522
3269
3475
3230
3352
3230
3272
3390
3353
5355
3268
3274
3341
3439
3327
3377
3421
3564
3445
3275
3368
3507
3376
3343
3362
3465
3420
3303
3371
6283
3332
3366
3365
3951
3451
3319
3377
3346
3416
3390
3398
3435
3361
3505
3233
3361
3418
3509
3423
3292
3292
3357
3409
3257
3414
3461
3285
3372
3516
3295
3216
3543
3269
3388
3461
3343
3215
3353
3374
3466
3516
3305
3364
3433
3359
3487
3380
3364
3431
3428
3270
3323
3405
3411
3436
3577
3390
3283
3484
3178
3536
3638
3345
3369
3350
3577
3284
3557
3534
3370
3335
3215
3438
3262
3534
3391
3454
3281
3476
3354
3331
3462
2167
3241
3549
3402
3522
3286
3410
3183
3427
3280
3448
3178
3365
3552
3324
3584
3422
3339
3247
3739
3339
3285
3368
3223
3305
3570
3514
3336
3448
3310
3442
3385
3353
3496
3304
3282
3235
3384
3406
3584
3311
3615
3277
3368
3633
3247
3420
3484
3417
3357
3331
3348
3503
3287
3306
3334
3343
3590
3389
3410
3438
3189
3624
3304
3442
3508
3758
3423
3295
3418
3371
3484
3429
13101
3396
3590
3625
3381
3376
3431
3412
3495
3461
3332
3342
3346
3288
3306
3426
3421
3457
3456
3345
3338
3428
3310
3301
3408
3266
3351
3387
3427
3380
3498
3471
3266
3344
3253
3236
3429
3243
3391
3456
3277
3516
3343
3345
3370
3288
3268
3346
3350
3456
3624
3381
3306
3352
3482
3406
3321
3296
3411
3471
3400
3343
3306
3326
3955
3416
3490
3413
3447
3358
3559
3616
3398
3509
3381
3275
3285
3606
3534
3424
3329
3446
3527
3561
3218
3487
3634
3329
3339
4057
3354
3463
3410
3266
3386
3211
3577
3448
3357
3454
3206
3181
3340
3439
3407
3460
3648
3334
3340
3374
3364
3303
3670
3390
3320
3275
3328
3656
3396
3617
3419
3401
3544
3246
3458
3335
3298
3350
3415
3371
3307
3398
3401
3439
3397
3417
3273
3504
3355
3445
3412
3438
3372
3340
3312
6293
3314
3392
3249
3427
3213
3440
3331
3467
3530
3360
3375
3320
3558
3346
3415
3399
3415
3638
3504
3427
3367
3500
3284
3408
3410
3426
3579
3316
3364
3295
3575
3536
3320
3292
3243
3342
3547
3409
3516
3282
3529
3277
3433
3340
3274
3371
3289
3303
3297
3303
3538
3535
3394
3476
3461
3444
3341
3336
3395
3572
3496
3417
3349
3407
3350
3417
3438
3247
3421
3326
3300
3304
3336
3200
3464
3404
3497
3459
3390
3591
3271
3458
3271
3344
3449
3357
3242
3324
3343
3477
3527
3330
3541
3613
3371
3295
3396
3424
3455
3438
3470
3269
3530
3397
3247
3438
3511
3295
3407
3455
3426
3272
3427
3335
3489
3454
3442
3413
3617
3425
3518
3397
3365
3384
3403
3365
3204
3367
3388
3520
3487
3374
3452
3386
3478
3414
3488
3317
3430
3434
3603
3399
3327
3560
3442
3335
3396
3394
3479
3408
3385
3362
3594
3451
3521
3332
3384
3391
3442
3279
3378
3580
3403
3332
3410
3432
3358
3387
3371
3454
3355
3334
3427
3525
3380
3375
3285
3468
3433
3578
3707
3382
3372
3293
3286
3578
3256
3316
3500
3775
3299
3408
3354
9124
3372
3438
3366
3381
3467
3384
3581
3490
3346
3255
3363
3374
3682
3387
3357
3474
3389
3337
3338
3411
3469
3404
3466
3324
3391
3326
3395
3376
3509
3443
3378
3427
3441
3369
3510
4105
3375
3398
3376
3472
3239
3341
3476
3377
3295
3326
3450
