3649
3599
3343
3300
3954
3669
3614
3588
3536
3481
3136
3096
3255
3165
3555
3461
3245
3239
3761
3628
3697
3375
3581
3774
3255
3886
3150
3662
3341
3427
3654
3190
3727
3643
3593
3536
3702
3468
3643
3896
3605
3697
3720
3607
3480
3283
3827
3559
3747
3617
3641
3507
3889
3142
3531
3159
3463
3088
3513
3155
3595
3174
2702
3363
3472
3499
3459
3608
3466
3744
3694
3760
3556
3100
3701
3116
3521
2868
3108
3301
3542
3725
3754
3513
2872
3301
3334
3414
3545
3687
3371
3632
4248
3289
3393
3219
2775
3282
3521
3653
3723
3787
3541
3376
3174
2531
3414
3655
3570
3156
3571
3440
3262
3612
3563
3240
3394
3597
3650
3409
3475
2973
3341
3249
2835
3337
3514
3212
3486
3374
3645
3378
2763
3566
3499
3668
3540
3071
3572
2748
3786
3714
3670
3757
3284
3465
3638
3449
3572
3604
3279
3517
2943
3677
3684
3322
3536
3352
3594
2685
3626
3625
3229
3746
3383
3694
3573
3241
3528
3594
3578
3466
3273
3680
3793
3319
3057
3434
3301
3451
3448
3649
3476
3677
3688
3504
3802
3536
3650
3478
3632
4003
3816
3407
3595
3601
3632
3322
3388
3090
3632
3526
2810
3241
3405
3469
3485
3250
3573
3360
3272
3683
3430
3480
3487
2514
2851
3743
3010
3419
3581
3671
3540
3185
3494
2909
3242
3340
3562
3710
3380
3612
3449
3596
3530
3418
3501
3123
3634
3163
3324
3548
3457
3173
3264
2807
3225
3404
3343
3052
3335
4063
3357
3455
3663
3497
3425
3353
3227
3335
3684
3432
3654
3444
3274
3130
3471
3337
3417
3696
3470
3494
3416
3348
3664
3618
2957
3429
3386
3566
3189
3647
3662
2926
3623
3262
3613
3774
3388
3653
3372
2953
3580
3403
3627
2954
2865
3785
3524
3573
3699
3527
3548
3536
4197
3396
3330
3703
5476
3468
3245
2741
3284
3547
3570
3280
3655
3594
3559
2577
3565
3320
3416
3616
3597
3546
3232
3626
3597
3517
3128
2679
3428
3787
3715
3440
3443
3677
3624
3448
3150
3782
3146
3502
3189
2664
3711
3578
3455
3726
3515
3674
3614
2591
3598
3539
3410
3294
3363
3418
3663
3302
3329
3278
3492
3558
3176
3577
3618
3307
3534
3417
3759
3544
3685
3724
3586
3421
3387
3786
3559
13911
3562
3810
3426
3517
3553
3692
3532
3611
3303
3501
3575
3294
3629
3608
3535
3366
3515
3691
3333
3028
3147
3457
3057
3405
3643
3410
3620
3608
3400
3490
3675
3580
3447
3232
3376
3442
3538
3070
3408
3204
3586
3256
3483
3522
3441
3491
3601
3206
3557
3356
3592
3243
3589
3792
3556
3334
3588
3565
3402
3678
3350
2594
3535
3567
3880
3308
3632
3334
3646
3636
3774
3543
3787
3646
3411
3541
3238
3618
3509
3080
3645
3683
3611
3142
2990
3333
3219
3283
3785
3161
3441
3579
3180
3420
3347
3616
3489
3380
3565
3573
2792
3468
3367
3513
3334
3458
3325
3567
3627
3472
3327
3704
3563
3367
2678
3261
3636
3340
3223
3552
3222
3357
3252
3631
3362
3440
3643
3530
3150
3196
3400
3466
3478
3611
3623
2601
3788
3464
3630
3240
3738
3462
3380
3499
3339
3541
3557
2907
3437
3235
3670
3529
3668
3242
3560
3474
3260
3763
3248
2898
3543
3326
3658
3753
3555
3394
3474
3558
3668
3147
3488
3668
3662
3474
3512
3221
3686
3569
3592
3365
3443
3733
3357
3521
3260
3566
3482
3573
3417
3527
3484
2823
3449
3473
3562
2590
3760
3573
3360
3590
3652
3363
3563
3470
4083
3606
3218
3538
3641
3478
3796
3436
3232
3408
3561
3507
3494
3427
3348
3663
3634
3463
3629
3435
3784
3276
3579
3576
3425
3244
3641
3145
2544
3444
3261
3723
3593
3265
3248
3507
3681
3531
3517
3604
3738
3413
3311
3772
3412
3193
3349
3625
3506
3371
3579
3627
3187
3638
3524
3322
3517
2997
3675
3387
3403
3470
3298
3430
3699
3569
3434
3335
2795
3392
3166
3442
3555
3286
3576
3692
3671
3754
3534
3370
3673
3386
3490
3264
2570
3494
3404
3280
3602
3556
3644
3657
3706
3594
3675
3683
3512
3484
3637
3483
3212
3514
3664
3553
3476
3479
3449
3663
3553
3623
3474
2976
3368
2651
3762
3614
3357
3445
3671
3246
3339
3467
3638
3545
3186
3509
3280
3379
3290
3693
3405
3419
3639
3366
3109
3528
3622
3477
3490
3639
3370
3391
3466
3629
3551
3678
3667
3748
3484
3356
3642
3383
3675
3085
3532
3558
3717
3467
3233
3552
3331
3406
3548
3584
3739
3648
3291
3479
3539
3222
3400
3658
3473
3055
3593
3436
3349
3582
3573
3077
3322
3703
