2615
2576
2724
2523
2615
2607
2690
2596
2566
2566
2568
2681
2486
2664
2587
2555
2674
2468
2635
2580
2573
2576
2551
2592
2595
2550
2542
2589
2688
2557
2622
2597
2587
2612
2613
2581
2615
2502
2546
2616
2588
2613
2580
2546
2733
2627
2794
2602
2805
2621
2638
2731
2826
2491
2533
2610
2596
2464
2481
2694
2736
2516
2522
2535
2591
2622
2593
2661
2587
2584
2575
2506
2612
2627
2534
2677
2479
2497
2646
2605
2609
2594
2581
2697
2542
2583
2675
2552
2630
2806
2545
2589
2633
2530
2533
2683
2644
2575
2566
2549
2675
2612
2517
2597
2741
2569
2592
2541
2586
2187
2639
2618
2623
2572
2710
2846
2565
2604
2575
2527
2704
2589
2635
2661
2590
2532
2627
2612
2722
2764
2536
2531
2595
2565
2512
2732
2602
2591
2604
2536
2572
2588
2203
2563
2618
2663
2584
2547
2705
2540
2586
2616
2533
2649
2560
2750
2719
2539
2725
2463
2579
2556
2539
2580
2602
2529
2724
2603
2601
2584
2563
2603
2558
2567
2737
2677
2927
2599
2525
2546
1867
2715
2533
2590
2560
2526
2555
2596
2612
2558
2605
2708
2792
2572
2613
2553
2534
3073
2606
2643
2497
2547
2767
2488
2757
2186
2605
2620
2735
2583
2605
2593
2732
2610
2542
2595
2547
2603
2558
2531
2640
2418
2563
2570
2633
2622
2732
2655
2515
2626
2583
2566
2471
2587
2661
2501
2522
2642
2644
2543
2496
2640
2623
2561
2549
2602
2601
2631
2672
2546
2720
2590
2573
2528
2689
2681
2563
2589
2702
2446
2622
2583
2573
2559
2598
2779
2820
2619
2601
2568
2678
2615
2670
1970
2578
2648
2811
2579
2454
2654
2527
2620
2586
2723
2554
2628
2528
2641
2662
2562
2574
2775
2525
2574
2545
2552
2496
2782
2647
2536
2514
2713
2711
2512
2649
2582
2494
2618
1120
2556
2645
2575
2627
2554
2598
2438
2568
2576
2669
2584
2545
2522
2533
2601
2699
2662
2521
2570
2573
2595
2545
2506
2542
2784
2587
2528
2633
2540
2609
2465
2598
2540
2591
2533
2670
2611
2603
2597
2529
2644
2619
2598
2566
2610
2605
2662
2570
2574
2568
2617
2415
2578
2552
2517
2637
2641
2531
2532
2611
2570
2491
2557
2620
2544
2597
2604
2513
2605
2604
2621
2633
2195
2528
2512
2526
2581
2511
2665
2624
2552
2787
2686
2559
2634
2572
2618
2584
2589
2768
2607
2620
2601
2719
2838
2583
2480
2582
2574
2909
2697
2595
2630
2618
2573
2680
2601
2609
2555
2578
2608
2618
2880
2475
2646
2612
2586
2619
2666
2562
2620
2652
2602
3190
2574
2540
2565
2833
2489
2593
2589
2550
2377
2663
2559
2612
2537
2571
2625
2551
2566
2582
2436
2726
2502
2566
2578
2587
2663
2583
2617
2595
2690
2691
2546
2593
2548
2655
2594
2550
2698
2478
2545
2543
2926
2595
2623
2552
2536
2518
2598
2629
2583
2516
2676
2559
2560
2584
2672
2512
2588
2599
2537
2573
2653
2587
2570
2647
2543
2639
2491
2569
2559
2628
2618
2522
2987
2598
2606
2607
2592
2606
2626
2676
2614
2536
2492
2677
2527
2558
2605
2666
2516
2572
2714
2530
2566
2532
2537
2586
2488
2679
2508
2524
2846
2591
2511
2885
2527
2569
2498
2589
2703
2729
2569
2636
2526
2663
2582
2533
2663
2531
2705
2652
2779
2573
2619
2565
2492
2570
2557
2604
2614
2702
2844
2588
2607
2428
2500
2440
2599
2771
2545
2542
2584
2595
2803
2581
2659
2763
2584
2632
2643
2649
2510
2620
2557
2697
2564
2122
2514
2699
2579
2553
2577
2555
2522
2566
2562
2560
2636
2527
2628
2551
2619
2749
2540
2593
2545
2584
2808
2529
2702
2629
2491
2502
2829
2684
2590
2590
2530
2521
2549
2693
2622
2659
2550
2586
2528
2614
2723
2534
2619
2601
2589
2620
2697
2608
2676
2610
2854
2605
2629
2515
2501
2677
2736
2550
2602
2559
2593
2486
2555
2623
2543
2601
2564
2697
2589
2503
2589
2601
2726
2610
2630
2536
2526
2663
2099
2591
2667
2646
2537
2553
2526
2660
2621
2566
2588
2581
2532
2662
2580
2522
2680
2752
2549
2544
2863
2577
2610
2568
2532
2588
2631
2588
2650
2791
2601
2478
2688
2618
2660
2665
2602
2568
2575
2641
2626
2653
2590
2508
2541
2568
2581
2562
2604
2735
2727
2628
2553
2581
2617
2613
2700
2591
2563
2536
2805
2598
2535
2562
2778
2555
2639
2568
2554
2552
2568
2614
2567
2656
2658
2461
2901
2583
2637
2600
2641
2684
2654
2670
2595
2178
2675
2530
2543
2676
2623
2584
2654
2510
2501
2595
2581
2577
2577
2552
2625
