-200
-567
-269
-224
-215
-182
-191
-98
-94
-287
-236
-236
-59
-503
-223
-95
-405
-88
-313
-107
-185
-209
-166
39
-178
-162
-183
-249
-239
25
-125
-422
-258
-288
-12
-205
58
-248
-337
-269
-222
90
-279
-337
54
-169
-105
-230
-305
-242
-331
-412
-145
-184
-68
-281
-104
-98
-181
-370
-300
-189
-37
-204
-450
-86
-211
-314
-324
-149
-254
85
-241
-222
-266
4
-80
-275
-148
-264
-200
-249
-120
-275
-248
-218
-225
-390
-137
-265
-247
-230
-110
-69
-118
-534
-151
-285
-205
-194
1184
-441
-101
-50
-371
-142
-215
-78
-181
-370
-149
-49
-156
-182
-143
-154
-284
-101
-392
-247
-163
-237
-13
-206
-60
-389
-146
-351
-118
0
-220
-198
-244
-139
-158
-314
-265
-466
-214
-134
-171
-233
-246
-288
-301
-302
-268
-51
-8
-218
-73
-478
-192
-504
-166
-195
-307
-201
-140
-84
-288
-253
-228
-130
-95
-32
-248
-96
-72
-493
131
-255
-183
-214
-161
-159
-438
-219
-180
-154
-172
-339
-90
-218
-260
113
-104
-381
-51
-239
-300
-186
-119
-203
-320
-1
-85
-245
-392
-422
-244
-483
-214
-492
-199
-176
-155
-171
-163
-242
-235
-317
8
-135
-263
-213
-114
-122
-375
-336
-125
-309
-18
-156
-431
-292
-234
-210
-177
-330
-155
117
-146
-570
-262
-156
-130
-3
-355
29
-24
-187
-209
-396
-159
-132
-80
-396
-123
-304
-252
-254
-114
-26
-173
-186
-229
-217
-157
-204
-235
-119
155
-149
-429
-310
-163
-189
-92
-295
-127
38
-276
-307
-305
-270
-249
-174
-223
-88
-449
-116
-146
-31
-360
-625
30
-219
-264
-362
-106
-157
-295
-76
11
-135
-227
-136
-344
-12
-347
-162
-148
-301
-208
-253
-188
-331
-257
-269
-118
-2
-211
-314
-339
-232
-32
-173
-278
-208
-43
-301
-469
-229
-1
-454
-90
-64
-319
-178
408
4
-129
-108
-281
-178
-308
-361
-61
-175
-203
-377
-261
-84
-66
-114
-248
-272
-153
-165
-179
-176
-121
-146
-226
-368
-275
-214
-190
-168
-267
-226
-35
-297
-278
-151
-233
-290
-118
-261
-2
-229
-278
-77
-216
-265
-295
-166
-152
-381
-86
-254
-125
-157
-47
-120
-79
-251
-179
-128
-156
-202
-84
-285
-141
-348
-208
-352
-91
-117
-284
-20
-130
-21
-102
-409
-332
-281
-287
-202
-229
-350
-101
1
-207
-127
-185
-284
-170
-129
-292
-206
-73
-169
-244
-581
-41
-230
-133
-19
-398
78
-218
-143
-118
-222
-297
-125
-192
-394
-117
-183
-162
-74
-239
-206
-72
-109
-267
63
-247
-223
-408
-132
-237
-304
-126
-235
-211
-21
-215
-275
-253
-299
-148
-213
-130
-211
-169
-213
-97
-323
-41
-290
-207
-432
-361
-272
-192
-221
-382
-271
-75
-291
-199
-246
-189
-58
17
-398
-123
-65
-161
-62
-63
-183
-127
-122
-326
-273
-384
-227
-408
-349
125
-293
14
-184
-58
14
-360
-218
-299
-240
-154
-243
-241
-111
-569
-257
-303
-26
-199
-288
-316
-132
59
-311
-345
-138
-158
-136
-184
-241
-187
-235
-87
-340
-188
-303
-46
-282
-62
-237
-183
-197
2
-235
-134
-460
-204
-156
-336
-471
-133
-98
-259
-250
-66
-370
-128
-108
-241
-358
-11
-278
-162
-156
-193
-105
-176
-60
-466
-280
-109
-116
-236
-107
-137
-104
-229
-242
-260
-37
-539
-383
-162
-227
-213
-198
-139
-305
-154
-293
-353
-94
-190
-188
-353
-136
-361
-239
-208
-254
161
-272
-311
-199
-115
-211
-162
-48
-218
-354
-378
-304
-244
-162
-149
-110
-149
-229
-717
-191
-118
-131
-208
-107
-309
-279
-201
-301
-324
-242
-228
-204
-468
-108
-189
-117
-310
-121
-261
-373
73
-215
-179
-328
-53
-393
-231
-59
-262
-116
-50
3
-319
-269
-115
-253
-221
-81
-382
-141
-131
-187
-447
-249
-384
-224
17
-52
-186
-288
-254
-176
-180
-39
-425
-231
-135
-385
-273
-190
-251
-222
-299
-447
982
-200
-276
-66
-204
-286
-216
-235
-399
-325
-312
-377
-192
-254
-136
-97
-149
-162
-313
-337
-248
-441
-281
-70
-230
-239
-190
-13
-133
-186
-156
-171
-114
-379
-203
-261
-212
-83
-88
-187
-279
-352
-164
-207
-137
-271
-135
-557
-333
-143
-105
-265
-124
-194
-237
-52
-214
-250
-208
-213
-135
-337
-228
-307
-482
-143
-202
-125
-35
-168
-231
-282
-242
-242
-226
1209
-169
-234
-268
-12
-62
-153
-472
-402
-230
-275
-340
-76
-305
-91
-258
-455
-90
-384
-351
-214
-33
-249
-147
-46
-192
-264
-306
-185
-165
-233
-256
31
-363
-207
-302
-196
-230
-273
-280
-136
-605
-475
-440
-15
237
-212
-377
-137
-109
-497
-113
-342
-310
-242
-24
-463
-114
-295
69
-273
-225
-500
-109
-73
-34
53
-74
-234
-479
-41
-74
-324
-381
-53
3
-175
-336
-140
-63
-276
-117
-700
-205
-74
-258
-465
99
-169
-163
-187
-171
-198
67
-139
-340
-476
-245
-152
-291
-220
-227
-364
-262
-286
-103
-532
-251
-113
-265
-181
-43
-205
-81
-260
-541
19
-238
-298
-267
80
-295
-307
-125
-315
-248
-280
-456
-164
-273
-119
-260
-199
-338
122
-491
-27
-252
52
-422
-191
-155
-203
-283
27
-149
-208
-278
-293
-328
-288
-225
-591
-113
-246
-246
-195
-154
-108
-284
-107
-222
-535
-218
-77
-273
-235
-170
-156
-299
-264
-162
-355
-110
-245
-240
-220
-343
-211
-244
-273
-86
-585
-185
-171
-256
-96
-209
-210
-69
-324
-44
-327
54
-193
-84
-302
-149
-213
-221
-466
-511
-114
-391
-180
-320
-299
-276
-169
-219
-177
-392
-81
-213
-175
-592
-223
-128
-420
-233
-120
-14
-122
-291
-223
-121
-240
-306
-102
-76
-447
-331
-212
-259
-348
-166
-189
-285
-90
-92
-6
-494
-20
-99
-1
-251
-256
-306
-288
-225
-230
-280
-202
-26
-221
-48
-56
-225
-144
-233
1
-113
-164
-379
-368
-202
-57
6
-370
-209
-507
-257
-160
-470
242
-116
-220
-159
-354
-305
-276
33
-171
-161
-459
-762
-94
-294
-141
-233
-143
-351
-261
-163
-110
-190
-356
-109
-206
-194
-64
-87
-230
-241
-179
-325
-170
-158
-251
-95
-473
9
-152
-321
-339
-343
-80
-205
-105
-116
-73
-207
-245
-151
-92
-218
-81
-163
-206
-166
-261
76
-189
-409
-93
-208
-236
-450
-242
-257
-114
-160
-144
-165
-414
-361
-218
-423
-242
-219
-303
-19
-368
347
-246
-234
-131
-19
-178
-38
-358
-459
-62
-329
-198
-300
-55
-131
-285
-212
-85
399
-265
-188
-234
-273
-306
-470
-169
-351
-266
-202
-316
-110
-542
-60
-232
-57
-125
-70
-333
-201
-193
-217
-290
-199
-2
-149
-227
-194
-273
-71
-318
-108
-37
-163
-221
-223
-155
-209
-547
108
4
-148
10
-157
-406
-183
-76
-195
-216
-375
-265
-142
-278
-62
-109
41
-237
-142
-255
-93
-46
-220
-221
-221
-289
-173
-64
-866
-227
-380
-224
-206
-150
-275
-136
-50
-152
-101
133
-38
-267
-388
-255
-11
35
21
-22
-221
-186
-278
-197
-153
-233
-388
-182
-274
-279
-217
-350
-210
-5
-80
-135
-53
-243
-227
-299
-324
-206
-316
-234
-327
-64
-230
-105
-432
-147
-217
-82
-273
-127
-177
-269
-227
-217
-65
-135
-194
-193
-326
-306
-204
-274
86
-341
-374
-116
-283
-103
-138
-158
-95
-158
-159
-97
-248
-351
-211
-110
-227
-290
-302
-311
-146
-380
-337
-154
-222
-176
-144
-292
-52
-257
-255
-482
-281
-155
-69
59
-387
-264
-101
6
-234
-154
-223
-218
-147
-414
-96
-28
-382
-242
-325
-131
-332
-250
-417
-201
-80
-192
-275
-59
-95
-325
-172
-34
-286
14
-270
-298
-143
-279
-17
-296
-82
-310
-98
-212
-264
-158
-581
-214
-267
-221
-155
-459
-172
-51
-253
-238
-248
-135
-221
-152
-332
-101
-149
-241
-189
-130
-137
-77
-188
-212
-180
-468
-142
-140
-89
-57
-18
-212
-195
-198
-193
-185
-114
-112
-229
-211
-343
-185
-91
-408
-217
-112
-62
-229
-151
-296
-221
-293
-343
60
-162
-218
-150
-257
-438
-329
-487
-397
-110
-222
-240
-139
-352
-210
16
-232
-301
-260
-103
-320
-232
-86
-287
-237
-194
-18
-167
-166
-170
-118
-226
-254
-315
-193
-298
-216
-63
-295
-226
-41
-56
-126
-186
38
-69
-161
-192
-175
-156
177
-153
-210
-171
-156
-121
-163
-308
-272
-146
-46
-190
-206
-14
-188
-105
28
-174
-310
-94
-187
-175
-158
-366
-100
-343
-22
-238
18
-193
-350
-175
7
-218
-143
-169
-229
-57
-200
-127
-177
-138
-184
103
-203
-224
-327
77
-383
-201
-419
-242
-374
-445
-155
-205
-361
-169
-236
-329
-108
-180
-366
-299
68
-101
-402
-413
1120
-198
-135
-233
-216
-164
-215
-85
-309
-283
-539
-266
-71
-189
-185
-297
-74
-100
-107
-400
-42
-287
-159
-93
-89
-414
-192
-288
-105
-403
-203
-303
-114
-160
-313
-95
-316
-308
-111
-150
-83
-76
-240
-333
-76
-51
-174
-169
-45
-197
-128
-264
-218
-86
-239
-198
-210
-187
-144
-248
-135
-26
-393
-162
-285
-314
-17
-135
-70
-87
-127
-142
-273
-251
-142
-205
-77
-159
-176
-207
-684
-41
-470
-121
-392
-256
-188
-335
-178
-130
-42
-258
73
-172
-179
-215
-230
-236
-202
-261
-216
-252
-121
-281
-199
-151
-191
-92
-208
-120
-451
-271
-281
-170
-110
-72
-178
-376
-67
-224
-211
-339
-341
-31
-147
-20
-118
-314
-202
-245
-183
-188
-467
-134
-210
-241
-160
-90
-207
-124
-103
-280
-222
18
-574
-282
-247
-169
-297
-145
-376
-121
-113
-215
-258
64
-242
-191
-507
-71
-142
-153
-256
-164
109
-202
-130
-100
-305
-84
-271
-540
-59
-210
-369
-278
-382
-4
-284
-103
-268
-56
-323
-146
21
-199
-183
-53
-143
37
-181
-433
-177
-174
-267
295
-100
-451
-188
-173
-56
-170
-477
-145
-719
-318
-160
-279
-125
-384
-226
-261
-3
-148
-285
-82
-398
-60
-286
-339
1
-248
-216
-24
-79
-255
5
-248
-146
-242
-150
-247
-113
-244
-73
-125
13
-794
-431
-242
-351
-52
-221
-264
-389
-71
-138
-319
-191
-269
-47
-147
-148
-145
-51
-280
-263
-194
-189
-411
-196
-486
-345
-427
-370
-221
-121
-227
-224
-332
52
-172
-94
45
-215
-125
-205
-314
402
-400
-173
-133
-185
-237
-63
-448
-105
-172
-386
-540
-210
0
-381
-187
63
-223
-279
-402
-292
-228
-374
-114
-240
-240
-147
-332
-285
-243
-219
2
-434
-189
-29
-225
-203
-285
-14
-106
-158
-276
-347
-167
587
-302
-205
-263
-313
-266
-80
-134
-269
-355
-140
-194
-316
-503
35
-164
-127
81
-265
-41
-46
-356
-131
61
-155
-273
-164
-303
-108
-215
-404
-38
-490
-147
-163
-268
-185
-168
-425
-273
-268
-280
-78
-377
-112
-126
-364
-179
-112
-135
-202
-38
21
-393
-199
-120
-267
-387
-158
30
-360
-243
-431
-213
-304
-353
-278
-214
-217
-251
-168
-333
36
0
62
-254
-256
-115
-213
-488
-135
-213
-365
-239
-253
-342
-300
-145
-276
-223
-153
-192
-372
-237
-141
-276
-1
-81
-359
-294
-205
-155
-328
-16
-173
-234
-259
-70
-223
-235
-92
-140
-280
-148
-81
-432
-49
-301
-190
-119
-152
-201
-90
12
-169
-470
-293
-27
-246
-270
-242
70
-206
633
-391
-153
-150
-356
-134
-267
-61
-364
-87
-175
-116
-271
-189
-134
-158
-347
-165
-40
-260
-79
-17
-437
-247
-68
-71
-252
-345
-129
-112
-317
-62
-202
-209
-298
-26
-222
-238
-152
-271
-46
-403
26
-195
-66
-248
-251
-86
-397
10
-258
-283
-144
-239
-416
-210
-32
-232
-274
-259
-142
107
-204
-225
-322
-349
-200
-271
-19
-367
-109
-217
-188
-278
-243
-213
-165
-364
-169
-79
-516
-601
-76
-349
-266
-217
-97
-309
-134
-58
84
-309
-64
-239
-259
-30
-177
-104
-252
-232
-392
-329
-136
-91
-55
44
-333
-158
-222
-89
-164
-225
-153
-305
-144
-276
-249
-285
-236
-365
-299
-209
-166
-145
-380
-286
809
-110
-126
-207
-8
-177
133
-114
-227
-130
-171
-112
-118
-415
-272
-382
-92
-312
13
-427
-148
-356
10
-211
-205
-107
-425
-450
-245
-293
-243
-173
-57
-382
120
-358
-326
6
-29
-27
-45
-248
-205
-148
-151
-196
-335
-385
-242
-404
-196
-123
-376
-329
-221
-311
108
-75
-73
-223
-281
-222
-131
-381
-248
-163
-113
-214
-170
-122
-250
-257
-8
-155
-146
-292
-284
-199
-40
-28
-204
-319
-244
13
-200
-358
-495
-521
-304
-25
16
-163
-190
-115
-102
-81
-51
-19
-156
-315
-302
-51
-290
-137
-179
-144
-238
-310
-90
-218
-209
-515
-132
-86
-352
-163
-266
9
-307
-264
-56
-161
-139
-412
-242
-272
-160
-206
-151
-202
-252
-217
-325
-90
-144
-164
-163
-257
-210
-461
-196
-65
-228
-132
-202
-258
-127
-119
-161
-261
-243
-33
-607
16
-374
-177
-46
59
-134
-185
-55
-293
-308
-340
-113
-84
-457
-177
-316
143
-63
-299
-252
-11
-111
-252
-213
-164
-343
-207
-106
-198
-132
-330
-104
-235
-206
-259
-192
-296
-151
24
-59
-245
-115
-284
-173
-140
-256
-277
-79
59
-81
-264
-456
-162
-171
-396
-180
7
-223
-444
-229
-448
-431
-145
-408
-253
-476
-133
-260
-260
-103
-184
-179
-142
-194
-189
-391
-150
-211
-185
-12
-268
-159
-294
-324
-267
-122
-98
-83
-250
-153
-86
-200
-181
-315
-115
-48
-373
-36
-307
-338
-120
-282
-395
-163
-143
-138
-493
-537
-241
-362
-258
-194
-189
-371
-386
-28
-369
-276
-320
-342
-332
-85
-271
-488
-302
-226
-355
-34
-213
-324
-575
-147
-295
-205
-430
-221
-323
-321
22
-358
-213
-203
-265
-64
-279
-384
-118
-241
-522
-199
-27
-94
-364
-207
-219
-80
-266
-92
-364
-166
-224
-370
28
-321
-251
-13
-376
-203
-133
-97
-324
-79
-246
-459
-27
-186
-148
-184
-303
-53
-141
-162
-256
-89
-219
-71
-322
-543
-222
-285
-200
-391
-113
-154
-187
-68
-363
-615
-95
-250
-376
-395
-247
-132
-99
-161
-252
-81
-217
-106
-230
-111
-257
25
405
-104
-386
-373
-220
-264
-214
-70
81
-130
-584
-204
-157
-321
-430
-236
-189
-327
-268
-69
-146
-213
-134
-152
-159
-123
-119
-300
-357
122
-111
-368
-373
-169
-136
-178
-71
-260
-253
-198
-468
-236
-300
-151
-173
-102
-271
-122
-258
-340
-319
182
-101
-214
-343
-333
-127
-502
-99
-147
-223
-304
-141
-407
-80
-164
-267
-192
-247
138
-151
-463
-17
-308
-385
-99
-413
-187
-287
-200
-278
-125
-216
-258
-328
-291
-166
-285
-148
-147
-276
-98
-222
-79
-121
-424
-424
-270
-35
-107
-237
-160
-118
-244
-149
-277
-155
-307
-153
-361
36
-169
474
-220
-36
-348
-248
-79
-268
-161
-216
-193
-217
-348
-498
-274
-111
-265
54
-342
-64
-403
-338
-131
-73
-259
-325
-83
-162
-71
-145
-73
-247
-148
-186
-335
-96
-256
-187
-177
-410
-377
-8
-143
-71
-206
-169
-256
-343
-96
-184
-325
-389
-57
-3
-192
-118
-351
-264
-396
-87
-242
-98
-199
-170
-255
-402
-88
29
-136
160
-336
-213
-306
-48
-309
-116
-119
-309
-298
-119
-213
-242
-328
-404
-354
-610
-162
-222
-408
-330
-184
-176
-147
-171
-343
-23
-157
-140
-86
-263
-336
-73
-22
-290
-259
-322
-17
-268
-459
-240
-298
-307
-442
-157
180
-197
-173
-357
46
-177
-420
-285
-237
-384
-182
-241
-89
-135
-463
-137
-254
-277
-72
-245
-61
-120
-29
-182
-272
-209
-303
-5
581
-215
-14
0
-263
-18
-217
-34
-10
-191
-230
-173
-61
-218
-215
159
-148
-109
-77
-115
-162
1002
-431
-66
62
-66
-382
18
-266
152
-27
-194
-219
-307
-132
-219
-137
-105
-108
-218
-420
-405
-176
-258
-213
59
-103
-119
-9
-73
-122
-183
-182
-24
-102
-198
-177
-32
-771
-137
-39
-265
-392
-173
-219
-351
-332
-130
-214
-205
-176
-193
-373
-134
-307
-146
-222
-379
11
-338
-211
-422
-51
-307
-327
-159
-175
-87
-116
-268
-209
-249
-65
-273
-131
-15
-259
-209
-442
-353
-157
-258
-280
-99
-127
-234
-230
-100
-192
-338
-287
-323
-225
-36
-249
-325
-55
-311
-242
-614
-481
-423
-191
-445
-491
-475
-278
-253
63
-132
-234
-150
26
-269
-257
-74
-310
-152
-167
-68
-270
-141
-449
-342
-464
-284
-231
-338
-270
-227
50
-140
-345
-194
-896
-428
-86
-141
-423
-427
-83
-277
-110
-252
-183
-283
-77
-271
-227
-212
-399
-87
153
-702
-81
-156
-210
-360
-93
-300
-178
-436
-422
-214
-97
-246
848
-204
-232
-279
-120
-159
-174
-192
-246
-145
-8
-291
-171
-143
-91
-305
-126
-245
-143
-312
-291
-192
-185
-335
-226
-222
54
-132
-140
-149
-469
-108
-116
-154
360
-171
-175
-248
-63
51
-26
-273
-162
-183
-333
-171
-428
-106
-145
-268
-148
-158
-297
-387
-259
-79
-285
-608
-230
-318
-216
-232
-191
-333
-199
-281
-185
-81
-368
-470
-245
-285
-199
-270
-120
-172
-229
-259
-154
-384
-239
-114
-145
-138
-208
-209
-187
54
-1
-126
-165
-270
-256
-303
-119
-143
-227
-20
-26
-143
-209
-384
-173
-177
-479
-16
-88
-254
-201
-190
-403
-336
-109
-160
71
-325
-588
-114
-211
-223
-244
-299
-85
-150
-217
-285
-91
-129
-303
-148
-401
-190
88
-185
-216
-299
27
-448
-164
-313
-434
-284
-159
-167
-208
-330
12
-214
-112
-288
-267
-204
-198
4
-405
-115
-282
-69
-265
-242
-128
-347
-189
-142
-280
849
-130
-231
