3433
3347
3313
3325
3218
3366
3228
3438
3432
3344
3240
3231
3316
3274
3313
3185
3232
3269
3347
3357
3397
3302
3404
3212
3238
3302
3339
3351
3161
3343
3407
3287
3189
3357
3437
3385
3251
3393
3355
3277
3377
3314
3342
3289
3405
3243
3235
3456
3436
3459
3421
3410
3216
3208
3223
3267
3352
3205
3428
3340
3350
3267
3284
3236
3405
3417
3390
3350
3431
3298
3352
3353
3395
3215
3376
3166
3291
3148
3325
3275
3412
3421
3283
3273
3240
3323
3298
3474
3360
3355
3327
3326
2824
3325
3355
3319
3032
3348
3340
3345
3354
3405
3328
3285
3378
3145
3429
3288
3262
3326
3293
3369
3163
3341
3378
3337
3359
3444
3401
3258
3294
3269
3405
3053
3220
3257
3362
3196
3262
3316
3448
3405
3217
3225
3363
3404
3411
3169
3415
3224
3377
3439
3258
3253
3350
3195
3348
3316
3310
3224
3271
3297
3161
3411
3356
3317
3417
3212
3433
3246
3376
3377
3377
3385
3306
3365
3358
3364
2987
3317
3392
3399
3290
3313
3346
3153
3379
3311
3308
3281
3114
3332
3372
3464
3367
3331
3406
3358
3346
3396
3339
3116
3271
3314
3306
3320
3388
3130
3369
3273
3395
3298
3265
3231
3282
3176
3386
3367
3429
3320
3256
3317
3312
3136
3382
3149
3249
3313
2975
3309
3329
3276
3429
3342
3362
2813
3337
3273
3414
3280
3172
3408
3314
3430
3406
3333
3268
3317
3363
3179
3304
3358
3360
3247
3371
3275
3299
3300
3292
3167
3219
3387
3286
3397
3399
3255
3276
3235
3335
3374
3402
3411
3442
3449
3250
3093
3416
3317
3352
3365
3362
3335
3352
3403
3414
3434
3189
3432
3386
3296
3187
3330
3388
3304
3231
3386
3317
3449
3298
3406
3283
3232
3275
3267
3274
3216
3161
3196
3229
3273
3313
3229
3362
3358
3142
3275
3217
3306
4763
3283
3215
3225
3219
3302
3406
3322
3420
3348
3344
3271
3275
3286
3254
3305
3364
3437
3397
3347
3425
3334
3315
3218
3494
3374
3182
3269
3292
3369
3343
3343
3248
3443
3345
3353
3342
3151
3406
3257
3276
3196
3301
3418
3389
3309
3398
3316
3287
3206
3347
3240
3287
3280
3369
3362
3358
3335
3174
3369
3404
3305
3333
3345
3450
3382
3233
3429
3361
3337
3219
3411
3321
1368
3361
3283
3306
3403
3291
3388
3384
3333
3285
3328
3372
3357
3435
3436
3324
3217
3393
3395
3323
3278
3242
3353
3272
3164
3398
3346
3203
3366
3307
3280
3306
3491
3362
3225
3295
3317
3382
3245
3347
3108
3382
3266
3372
3348
3396
3380
3391
3206
3494
3204
3342
3090
3435
3409
3319
3334
3373
3360
3311
3395
3267
3214
3408
3298
3349
3316
3280
3213
3449
3370
3373
3322
3382
3400
3372
3389
3324
3243
3335
3104
3469
3391
3382
3295
3220
3239
3318
3303
3335
3317
3354
3415
3267
3357
3311
3406
3280
3264
3377
3207
3238
3330
3346
3392
3288
3339
3154
3304
3322
3340
3363
3323
3328
3417
3233
3283
3322
3409
3233
3313
3250
3154
3251
3382
3298
3391
3326
3426
3250
3236
3366
3456
3301
3093
3375
3137
3321
3336
3364
3313
3257
3456
3409
3391
3287
3381
3398
3127
3313
3360
3371
3411
3356
3216
3389
3382
3177
3563
3299
3275
3485
3335
3499
3202
3311
3475
3224
3242
3363
3236
3328
3346
3316
3386
3307
3188
3344
3376
3419
3290
3302
3383
3278
3391
3201
3376
3397
3435
3352
3353
3432
3259
3257
3302
3438
3238
3307
3247
3295
3368
3351
3341
3406
3416
2976
3427
3205
3362
3404
3414
3397
3324
3278
3312
3440
3357
3371
3405
3406
3404
3370
3279
3351
3322
3359
3239
3335
3359
3357
3162
3401
3284
3068
3386
3363
3362
3418
3311
3069
3316
3434
3373
3335
3435
3288
3274
3336
3434
3374
3310
3358
3243
3413
3372
3408
3483
3247
3387
3303
3252
3436
3225
3417
3399
3273
3282
3329
3324
3337
3429
3246
3241
3219
3299
3180
3292
3387
3304
3344
3418
3342
3316
3376
3307
3367
3189
3276
3330
3107
3322
3225
3202
3365
3294
3269
3375
3478
3370
3377
3322
3268
3448
3345
3313
3307
3398
3352
3458
3328
3488
3309
3407
3412
3348
3359
3318
3241
3184
3410
3344
3316
3403
3378
3202
3267
3288
3244
3409
3315
3397
3164
3314
3314
3376
3385
3389
3423
3302
3230
3355
3309
3353
3306
3355
3341
3316
3275
3340
3313
3379
3412
3464
3042
3365
3390
3155
3426
3288
3412
3315
3455
3230
3288
3404
3347
3351
3369
3373
3334
3377
3294
3336
3270
3261
3244
3316
3417
3350
3447
3323
3309
3282
3336
3159
3321
3402
