3636
3565
3288
3166
3781
3524
3544
3524
3450
3395
3146
2940
3193
3138
3404
3420
3076
3209
3788
3453
3586
3294
3521
3706
3135
3735
3136
3637
3192
3436
3575
3110
3613
3577
3559
3411
3527
3309
3586
3726
3478
3641
3635
3462
3382
3209
3689
3539
3650
3533
3597
3424
3878
3033
3490
3137
3383
2912
3436
3065
3555
3104
2776
3214
3429
3383
3473
3538
3297
3704
3578
3714
3533
2987
3611
3042
3370
2902
3118
3257
3473
3631
3679
3368
2738
3140
3306
3353
3466
3595
3303
3441
4256
3171
3275
3157
2849
3135
3428
3584
3687
3684
3552
3355
3116
2572
3241
3602
3452
3223
3431
3348
3266
3534
3450
3192
3357
3522
3461
3327
3444
2975
3215
3204
2876
3241
3456
3207
3400
3230
3545
3280
2879
3502
3409
3590
3375
3132
3477
2789
3676
3601
3617
3737
3234
3184
3497
3356
3533
3408
3185
3362
2919
3611
3572
3171
3388
3189
3497
2818
3495
3600
3140
3684
3202
3636
3421
3059
3358
3517
3507
3396
3127
3531
3684
3210
3152
3199
3229
3328
3267
3672
3399
3609
3603
3421
3799
3404
3605
3322
3487
3966
3786
3227
3467
3495
3523
3267
3365
3027
3537
3323
2720
3123
3228
3395
3364
3186
3532
3285
3134
3463
3358
3436
3272
2624
2860
3656
2910
3299
3477
3613
3474
3103
3450
2849
3268
3195
3499
3620
3290
3464
3380
3551
3379
3318
3389
3147
3554
3154
3175
3392
3358
3079
3234
2707
3112
3349
3206
3062
3224
3944
3318
3379
3585
3404
3265
3270
3081
3243
3623
3341
3514
3314
3186
3205
3336
3366
3198
3644
3341
3465
3434
3287
3612
3539
2873
3420
3275
3525
3036
3585
3585
2907
3483
3171
3619
3724
3310
3587
3274
3000
3579
3376
3491
2961
2936
3659
3534
3481
3751
3503
3403
3506
4143
3350
3225
3700
5005
3458
3192
2805
3150
3378
3484
3244
3609
3520
3465
2635
3437
3352
3368
3544
3455
3488
3051
3409
3503
3438
3048
2666
3361
3773
3744
3343
3376
3632
3557
3419
3079
3752
2983
3416
3050
2757
3569
3512
3363
3661
3466
3542
3528
2755
3497
3474
3305
3192
3317
3364
3483
3199
3194
3272
3385
3509
3128
3506
3475
3200
3442
3422
3630
3432
3702
3593
3469
3365
3316
3707
3474
13700
3483
3711
3331
3415
3548
3628
3462
3507
3207
3365
3485
3171
3567
3580
3542
3229
3448
3598
3236
2974
3009
3373
3048
3283
3572
3234
3493
3547
3411
3450
3607
3535
3268
3176
3353
3329
3418
2992
3363
3009
3502
3231
3377
3407
3373
3434
3489
3245
3340
3276
3538
3174
3554
3703
3442
3226
3604
3455
3298
3553
3239
2741
3369
3521
3815
3192
3457
3304
3563
3605
3726
3358
3752
3660
3338
3485
3234
3567
3342
3080
3524
3628
3503
3077
3064
3210
3138
3144
3825
2969
3327
3376
3063
3356
3265
3533
3372
3358
3477
3490
2785
3256
3420
3403
3374
3428
3193
3504
3595
3433
3263
3612
3491
3266
2740
3150
3593
3275
3114
3503
3059
3224
3144
3592
3259
3323
3530
3445
2978
3085
3270
3385
3403
3676
3514
2556
3718
3300
3635
3172
3624
3386
3321
3395
3258
3514
3443
2890
3332
3300
3532
3360
3562
3204
3423
3325
3214
3699
3174
2908
3475
3302
3565
3759
3503
3286
3495
3410
3631
3188
3493
3667
3636
3445
3372
3143
3551
3456
3488
3338
3422
3656
3403
3405
3044
3536
3476
3591
3280
3599
3400
2847
3343
3403
3493
2688
3630
3488
3221
3563
3529
3178
3462
3415
4002
3600
3100
3548
3584
3464
3690
3268
3222
3273
3444
3446
3483
3465
3225
3667
3629
3362
3581
3309
3704
3050
3458
3470
3341
3148
3543
2975
2643
3365
3239
3694
3468
3178
3208
3362
3587
3356
3445
3463
3544
3323
3205
3617
3349
3149
3256
3551
3458
3227
3484
3542
3130
3508
3423
3196
3403
2928
3643
3381
3381
3450
3311
3351
3659
3492
3372
3206
2700
3306
3223
3390
3526
3275
3484
3661
3644
3689
3426
3177
3655
3329
3391
3232
2594
3491
3317
3208
3540
3400
3471
3496
3673
3540
3586
3644
3437
3345
3568
3498
3036
3413
3583
3457
3357
3379
3271
3564
3509
3521
3345
2923
3253
2715
3738
3576
3223
3286
3563
3116
3214
3309
3582
3502
2959
3415
3281
3265
3219
3661
3341
3328
3600
3226
2872
3475
3544
3343
3498
3572
3314
3321
3337
3499
3393
3649
3540
3630
3379
3183
3578
3278
3622
2987
3444
3504
3606
3408
3169
3468
3296
3348
3450
3517
3697
3577
3132
3402
3481
3155
3432
3608
3337
2911
3554
3344
3361
3506
3306
3077
3266
3623
