3575
3510
3415
3458
3321
3489
3427
3605
3591
3553
3405
3189
3326
3330
3570
3491
3415
3509
3589
3321
3452
3334
3560
3496
3378
3343
3238
3446
3116
3580
3597
3309
3363
3515
3621
3524
3492
3374
3424
3074
3562
3499
3611
3419
3624
3374
3440
3650
3615
3545
3415
3525
3418
2973
3392
3286
3519
3086
3615
3312
3554
3387
2885
3294
3605
3484
3558
3502
3370
3514
3421
3581
3532
3374
3587
3140
3453
3040
3375
3313
3537
3617
3538
3434
3246
3316
3310
3506
3534
3453
3379
3527
2376
3398
3372
3455
3068
3330
3498
3631
3639
3615
3626
3351
3374
2920
3544
3582
3508
3346
3492
3472
3340
3479
3554
3508
3367
3668
3588
3361
3453
2933
3410
3473
3167
3266
3385
3410
3497
3302
3611
3451
3070
3367
3539
3594
3417
3405
3477
2965
3567
3526
3617
3605
3467
2472
3612
3476
3475
3114
3511
3412
3125
3538
3576
3375
3527
3235
3503
3145
3516
3616
3438
3561
3444
3540
3508
3245
2399
3603
3619
3481
3281
3262
3590
2955
3459
3427
3413
3410
3465
3664
3526
3520
3581
3463
3523
3458
3557
3477
3580
3393
3413
3490
3430
3458
3590
3299
3370
3353
3500
3446
2919
3352
3509
3310
3555
3392
3529
3389
3457
3489
3478
3383
3470
3152
3030
3604
3098
3318
3502
3519
3503
3339
3494
2741
3404
3322
3501
3494
3448
3573
3392
3619
3587
3481
3365
3316
3596
3238
3490
3623
3538
3419
3514
3159
3237
3409
3346
2745
3360
3455
3476
3583
3602
3427
3314
3446
3397
3527
3586
3512
3545
3574
3241
3320
3610
3449
3510
3620
3563
3556
3488
3575
3687
3569
3292
3548
3390
3500
3286
3532
3610
3073
3536
3549
3455
3529
3370
3667
3333
3020
3435
3464
3390
3301
3091
3232
3492
3594
3613
3516
3533
3611
3309
3508
3212
3598
2515
3573
3518
3004
3390
3473
3611
3555
3582
3571
3445
2947
3488
3393
3319
3432
3607
3612
3415
3529
3576
3428
3344
3169
3574
3469
3544
3457
3376
3549
3544
3492
3316
3756
3460
3607
3376
3024
3576
3414
3440
3370
3507
3576
3573
3110
3559
3563
3502
3403
3370
3393
3546
3436
3408
3347
3524
3523
3304
3573
3515
3361
3494
3541
3575
3493
3526
3597
3606
3523
3420
3586
3457
1475
3551
3400
3453
3566
3427
3576
3568
3467
3310
3478
3382
3407
3582
3660
3472
3257
3471
3574
3498
3274
3439
3578
3299
3387
3570
3426
3397
3608
3420
3438
3584
3599
3502
3387
3479
3521
3603
3013
3456
3021
3628
3370
3327
3427
3495
3295
3553
3232
3605
3262
3510
3337
3561
3589
3352
3445
3555
3461
3404
3577
3352
3093
3533
3401
3509
3344
3488
3249
3560
3608
3452
3395
3644
3662
3605
3568
3406
3444
3428
3058
3646
3477
3474
3396
3315
3305
3473
3488
3503
3329
3478
3504
3445
3499
3417
3511
3361
3420
3593
3496
2974
3506
3390
3493
3460
3510
3324
3480
3510
3537
3362
3567
3618
3512
3075
3396
3520
3347
3372
3508
3493
3316
3422
3678
3369
3554
3524
3591
3358
3369
3466
3615
3477
3241
3526
3104
3336
3438
3582
3154
3595
3397
3466
3586
3530
3611
3543
3150
3314
3368
3682
3499
3616
3484
3519
3506
3397
3843
3386
3095
3553
3406
3521
3060
3484
3460
3295
3399
3601
3287
3439
3529
3591
3519
3503
3304
3475
3553
3519
3430
3510
3577
3301
3457
3349
3582
3519
3581
3451
3681
3512
3213
3462
3499
3642
3077
3568
3575
3323
3607
3533
3499
3517
3560
3115
3637
3423
3629
3601
3566
3596
3508
3235
3413
3471
3565
3581
3558
3568
3705
3599
3465
3552
3295
3577
3276
3457
3505
3662
3223
3565
3331
3237
3534
3385
3631
3542
3389
3201
3519
3583
3552
3492
3449
3450
3459
3566
3609
3436
3133
3408
3356
3565
3387
3547
3635
3345
3474
3428
3306
3577
3344
3604
3448
3442
3616
3497
3303
3653
3458
3398
3367
3082
3290
3162
3555
3537
3481
3577
3702
3504
3589
3556
3363
3542
3451
3475
3455
2990
3593
3473
3357
3576
3545
3353
3363
3532
3480
3636
3596
3372
3540
3568
3497
3266
3664
3497
3605
3459
3654
3430
3583
3464
3476
3408
3273
3471
2968
3615
3504
3460
3576
3574
3441
3236
3354
3578
3597
3155
3494
3173
3542
3499
3541
3479
3461
3632
3420
3308
3543
3632
3476
3492
3534
3454
3424
3442
3484
3517
3530
3538
3832
3048
3445
3540
3370
3688
3245
3555
3512
3558
3458
3394
3459
3428
3519
3502
3560
3578
3553
3388
3438
3449
3343
3122
3534
3460
3161
3491
3384
3461
3303
3516
3332
3516
3654
