3692
3640
3625
3517
3582
3593
3535
3749
3793
3634
3462
3257
3517
3322
3795
3505
3539
3303
3851
3349
3528
3471
3684
3671
3386
3639
3387
3674
3527
3621
3747
3426
3525
3734
3721
3696
3709
3648
3621
3508
3744
3730
3788
3609
3746
3449
3611
3860
3761
3836
3495
3673
3474
3104
3517
3380
3770
3265
3739
3353
3667
3499
2979
3281
3703
3576
3750
3734
3587
3762
3778
3784
3432
3436
3631
3408
3674
3192
3589
3555
3764
3780
3772
3631
3241
3613
3387
3626
3714
3743
3637
3640
2552
3643
3652
3556
2685
3370
3618
3750
3841
3804
3689
3474
3399
2516
3518
3827
3580
3493
3646
3682
3338
3647
3752
3492
3551
3811
3773
3523
3542
2091
3608
3580
3104
3604
3666
3484
3605
3607
3789
3561
2931
3593
3701
3861
3618
3543
3694
2722
3741
3769
3714
3744
3624
1136
3807
3587
3645
3591
3605
3578
3299
3723
3807
3541
3574
3373
3669
2458
3683
3802
3501
3767
3540
3737
3634
3452
2358
3671
3784
3549
3458
3582
3710
2413
3606
3541
3586
3625
3749
3862
3587
3662
3789
3729
3555
3566
3766
3660
3688
3532
3406
3629
3655
3603
3777
3450
3509
3379
3641
3517
2579
3431
3659
3431
3583
3520
3735
3563
3539
3778
3409
3626
3736
2913
2460
3795
3078
3579
3590
3568
3694
3465
3621
2847
3534
3382
3685
3752
3555
3674
3441
3712
3721
3607
3561
3467
3707
3413
3417
3761
3679
3482
3526
2988
3358
3497
3632
3260
3478
3509
3654
3697
3807
3557
3514
3484
3599
3585
3762
3683
3698
3690
3412
3446
3662
3635
3674
3742
3754
3702
3628
3655
3759
3784
3433
3672
3624
3783
3522
3669
3813
2693
3786
3626
3736
3690
3416
3804
3568
3011
3676
3617
3569
3342
2638
3241
3671
3641
3733
3705
3666
3816
3427
3494
3469
3788
1634
3666
3582
2586
3658
3689
3679
3584
3735
3778
3630
3100
3704
3567
3573
3724
3764
3680
3455
3700
3743
3750
3570
2637
3639
3775
3699
3719
3526
3782
3769
3592
3419
3852
3483
3705
3409
2418
3826
3627
3673
3538
3578
3624
3759
2590
3774
3696
3529
3576
3551
3631
3675
3569
3509
3528
3651
3578
3407
3678
3693
3449
3648
3613
3710
3655
3563
3701
3753
3644
3540
3786
3751
1530
3706
3555
3635
3733
3447
3716
3670
3543
3405
3544
3581
3602
3815
3864
3562
3454
3638
3740
3571
3285
3554
3688
3339
3613
3753
3586
3711
3785
3708
3684
3755
3730
3663
3471
3600
3570
3724
3046
3547
3220
3665
3594
3596
3607
3660
3554
3696
3405
3685
3480
3684
3510
3753
3838
3624
3563
3695
3477
3582
3768
3578
2605
3704
3517
3641
3530
3666
3562
3801
3818
3543
3636
3843
3866
3712
3745
3564
3624
3686
2899
3678
3706
3628
3223
3359
3547
3489
3657
3736
3483
3686
3772
3595
3720
3574
3665
3452
3610
3703
3634
2785
3675
3586
3589
3662
3603
3503
3710
3763
3618
3437
3759
3529
3582
2942
3519
3750
3488
3492
3663
3665
3485
3500
3728
3595
3567
3662
3673
3445
3446
3514
3664
3513
3447
3623
2632
3555
3618
3722
3341
3732
3498
3482
3736
3589
3753
3626
2758
3385
3446
3761
3649
3729
3534
3482
3669
3390
3894
3401
1935
3739
3452
3785
2800
3647
3556
3472
3591
3786
3448
3575
3764
3683
3762
3638
3415
3693
3719
3779
3474
3687
3722
3524
3694
3552
3657
3616
3835
3521
3792
3706
3061
3551
3672
3838
2699
3813
3724
3505
3741
3605
3589
3748
3691
3368
3747
3413
3728
3738
3746
3779
3506
3470
3520
3626
3805
3732
3645
3651
3840
3736
3585
3729
3384
3793
3280
3640
3703
3719
3571
3801
3485
3027
3669
3425
3843
3662
3470
3429
3693
3816
3849
3652
3692
3704
3507
3533
3782
3595
3410
3554
3637
3679
3561
3724
3706
3441
3619
3660
3473
3718
3462
3815
3746
3538
3739
3649
3524
3820
3652
3583
3551
2272
3557
3289
3679
3644
3550
3734
3731
3789
3759
3740
3526
3762
3514
3661
3616
2649
3678
3501
3491
3808
3666
3388
3511
3708
3616
3770
3770
3481
3737
3765
3653
3536
3701
3711
3727
3600
3718
3572
3819
3733
3532
3488
3388
3536
2738
3853
3547
3336
3672
3680
3593
3335
3489
3717
3702
3353
3578
3449
3661
3544
3727
3443
3736
3805
3591
3525
3723
3750
3696
3551
3640
3611
3625
3529
3615
3675
3676
3785
3967
3297
3481
3729
3392
3711
3482
3736
3683
3701
3598
3555
3672
3648
3773
3632
3831
3752
3698
3502
3609
3616
3478
3088
3703
3657
3450
3572
3628
3627
3589
3684
3359
3642
3813
