3673
3576
3489
3558
3886
3795
3680
3660
3640
3555
3387
3524
3534
3712
3603
3545
3303
3622
3704
3973
3609
3644
3702
3595
3513
3738
3502
3636
3420
3572
3684
3505
3751
3671
3617
3621
3621
3601
3629
3789
3652
3692
3548
3573
3552
3595
4089
3572
3749
3560
3803
3634
3970
3412
3621
3400
3555
3655
3525
3550
3619
3415
3348
3832
3623
3616
3596
3630
3598
3652
3590
3702
3733
3457
3713
3416
3585
3288
3467
3474
3563
3642
3682
3591
3336
3386
3559
3626
3576
3616
3531
3552
4420
3514
3513
3498
3331
3548
3561
3622
3701
3669
3636
3441
3437
2986
3592
3548
3651
3456
3602
3625
3808
3648
3622
3578
3573
3605
3634
3483
3696
3686
3510
3511
3277
3382
3519
3226
3571
3544
3661
3555
3010
3622
3522
3619
3664
3409
3597
3447
3644
3632
3661
3718
3457
4470
3577
3505
3543
3579
3540
3495
3370
3648
3615
3559
3720
3633
3703
3096
3542
3607
3560
3667
3532
3653
3661
3550
3605
3572
3624
3583
3586
3782
3752
4343
3485
3509
3481
3544
3565
3605
3571
3771
3723
3561
3851
3729
3635
3577
3726
4000
3983
3605
3564
3624
3684
3583
3555
3500
3613
3758
3220
3663
3643
3655
3675
3488
3626
3549
3470
3581
3585
3497
3532
3035
2887
3721
3422
3553
3589
3699
3673
3477
3575
3091
3464
3222
3623
3600
3583
3701
3602
3647
3590
3524
3569
3432
3628
3431
3676
3651
3520
3464
3438
2896
3574
3463
3406
3425
3500
4070
3526
3561
3601
3544
3553
3566
3466
3499
3686
3605
3707
3628
3675
3601
3494
3580
3581
3657
3548
3535
3481
3583
3698
3579
3396
3549
3516
3586
3467
3700
3630
3041
3642
3474
3568
3722
3678
3623
3475
3080
3650
3569
3676
3314
3186
3918
3594
3727
3789
3638
3576
3577
4066
3733
3407
3639
12440
3672
3452
2693
3463
3586
3615
3580
3628
3646
3572
3339
3639
3514
3482
3552
3606
3578
3570
3531
3626
3511
3466
3124
3587
3728
3750
3473
3575
3649
3606
3668
3412
3772
3434
3579
3567
3079
3605
3626
3509
3680
3670
3750
3651
2894
3675
3588
3595
3440
3532
3518
3707
3534
3516
3496
3627
3673
3458
3633
3610
3583
3642
3577
3699
3479
3664
3609
3584
3562
3600
3701
3565
4242
3578
3811
3567
3541
3738
3698
3607
3798
3359
3495
3668
3463
3701
3625
3615
3480
3496
3662
3509
3401
3468
3618
3400
3557
3671
3545
3607
3620
3527
3489
3582
3556
3589
3512
3514
3622
3611
2954
3530
3439
3680
3438
3531
3552
3546
3634
3592
3398
3550
3479
3596
3555
3667
3690
3548
3515
3642
3734
3658
3651
3480
3072
3670
3519
3876
3552
3588
3425
3609
3641
3889
3611
3706
3607
3543
3614
3385
3677
3604
2910
3661
3716
3592
3719
3534
3375
3450
3424
3869
3433
3679
3603
3413
3518
3580
3575
3588
3534
3598
3733
3108
3554
3500
3660
3455
3683
3547
3597
3657
3577
3781
3621
3726
3607
3370
3621
3568
3385
3445
3658
3440
3634
3441
3724
3617
3572
3615
3660
3348
3387
3708
3569
3625
3614
3627
3074
3722
3511
3632
3535
3719
3544
3697
3548
3515
3593
3590
2690
3502
3603
3601
3496
3699
3557
3693
3537
3451
3834
3480
3189
3626
3560
3587
3588
3624
3618
3598
3557
3638
3566
3599
3714
3685
3484
3528
3590
3646
3663
3540
3583
3627
3683
3548
3558
3530
3660
3450
3591
3609
3617
3563
3365
3685
3591
3578
3015
3639
3593
3502
3571
3665
3552
3555
3547
3958
3715
3589
3539
3649
3458
3647
3609
3575
3525
3643
3591
3592
3607
3598
3678
3664
3530
3586
3635
3732
3610
3629
3610
3623
3509
3603
3521
2701
3546
3463
3626
3646
3609
3510
3530
3575
3593
3644
3552
3722
3488
3581
3663
3355
3431
3671
3613
3687
3563
3625
3574
3471
3701
3613
3507
3575
3413
3595
3445
3622
3558
3393
3678
3655
3457
3586
3603
3398
3440
3474
3604
3624
3398
3632
3682
3652
3745
3594
3517
3673
3556
3561
3632
2932
3639
3499
3553
3625
3598
3746
3736
3683
3625
3650
3691
3627
3557
3668
3701
3475
3683
3719
3687
3685
3606
3563
3630
3670
3740
3612
3449
3485
3014
3710
3749
3684
3596
3730
3464
3563
3622
3626
3628
3370
3679
3391
3540
3607
3756
3504
3530
3632
3561
3602
3634
3618
3442
3629
3639
3610
3479
3618
3617
3713
3773
3540
3706
3748
3615
3646
3635
3711
3434
3559
3629
3756
3592
3468
3651
3477
3522
3618
3600
3651
3698
3561
3731
3553
3431
3881
3557
3471
3403
3527
3608
3480
3587
3579
3539
3529
3661
