4018
3936
3946
3932
4016
4035
3950
3985
3893
3871
3866
3789
3964
4157
3972
3871
3911
3967
3934
4146
3909
4094
3930
3939
3934
3879
3955
3981
3817
3823
3839
3901
4004
3992
4053
4018
3907
3926
4008
3991
3907
3926
3980
3950
3862
3888
4223
3967
4106
3856
4030
3914
4085
4521
3965
3797
3870
3962
3855
3919
3833
3836
4084
4090
3858
3984
3915
3976
3887
3967
3805
3842
4010
3866
4002
3944
3779
4213
3860
3896
3913
3956
3960
3852
3795
3885
3797
3888
3944
3880
3779
3837
4387
3835
3736
3821
4012
4007
3867
3948
3932
4004
3855
3771
3824
3791
3933
3920
3927
3720
4035
3899
4072
3906
3920
3874
3883
3896
3828
3817
3973
4033
3981
3820
3908
3845
3831
3850
3901
3921
3903
3855
4086
3868
3875
3944
3945
3855
3927
4186
4003
4099
3953
3961
3888
6658
3927
3883
3834
3880
3803
3926
3748
3996
3865
3900
3985
3798
3957
2927
3968
3985
3755
3977
3853
3965
3874
3874
4404
4010
3920
3979
3910
4059
3901
4523
3831
3864
3827
3998
3839
3949
3967
4000
3975
3851
4005
4062
3855
3867
3960
4029
4157
3871
4011
3974
3987
3934
3947
3761
3951
4030
4098
3932
3934
3832
4000
3800
3945
3822
3856
3860
3963
3771
3943
3950
2949
3995
4240
3887
3949
4029
3936
3874
3953
3480
3851
3726
3875
3951
3832
3896
3940
3885
3904
3895
3899
3886
3879
3793
3923
3892
3826
3885
3871
3764
3907
3764
3725
3595
3872
4171
3882
3890
3952
3895
3876
3913
3757
3805
3937
3828
3988
3922
4059
3971
3791
3925
3842
3921
3914
3863
3869
3909
4042
3832
3794
3949
3905
3876
3796
3914
3886
3859
3975
3962
3870
4012
3861
3895
4011
3928
3925
3832
3882
3730
3593
4192
4012
3869
3989
3995
3906
3932
4330
4005
3815
3944
12273
3832
3725
3833
3832
4024
4037
3881
3945
3831
3861
3912
3871
3841
3772
3838
3861
3906
3911
3849
3836
3810
3785
3565
3860
3993
3919
3912
3872
3891
3973
3973
3726
4182
3910
3839
3896
4131
3896
3932
3873
3928
3980
3965
3816
3996
3935
3969
3916
3815
3870
3862
3956
3858
3889
3888
3939
3950
3860
3874
3935
3820
3943
4050
3964
3832
3966
3927
3850
3929
3818
3937
3976
4827
3895
4002
3866
3845
3992
3988
4028
3986
3746
3884
3928
3864
3990
3970
3808
3922
3900
3904
3833
3927
3808
3978
3839
3879
3931
3841
3922
3963
3976
3792
3889
4043
3829
3847
3895
3905
3863
3890
3855
3816
3975
3894
3882
3865
3828
3990
3929
3902
3843
3808
3856
3841
3868
3932
3847
3893
3993
3989
3911
3980
3846
4157
3897
3913
4012
3891
3818
3798
3824
3969
4150
3978
3919
3894
3807
3999
3760
3948
3865
3761
3964
3922
3923
3981
3928
3953
3910
3766
4036
3914
3984
3922
3752
3901
3918
3909
3922
3863
3969
3976
3494
3799
3945
3859
3745
3957
3874
3883
3910
3980
3870
4033
4080
3880
4405
3940
3999
3860
3862
3974
3747
3925
3850
4106
3867
3827
3907
4025
4047
3891
4008
3834
3871
3915
3875
3375
3949
3839
3890
3887
3975
3917
3972
3943
3869
3836
3862
3101
3929
4027
3903
3881
3910
3906
3965
3912
3844
4231
3860
3600
3917
3881
3910
3670
3922
4035
3870
3973
3899
3841
3908
3913
3915
3913
3885
3979
3889
3931
3824
3900
3991
4002
3907
3856
3975
3852
3999
3967
3818
3948
3908
3828
3971
3882
3914
4004
3895
3928
3836
3806
4017
3847
3917
3930
4063
4052
3907
3941
3913
3983
3914
3887
3790
3862
3881
3935
3909
3892
3828
3911
3995
3911
4012
3884
4069
3879
3947
3908
3961
3894
3887
3874
3487
3883
3810
3898
4021
3849
3864
3958
3875
3833
3963
3822
3860
3950
3824
3899
3826
3858
3831
3832
3900
3892
3996
3866
3870
3913
4004
3923
3863
3731
3904
3859
3945
3827
3906
3926
3953
3892
3780
3903
4400
3786
3786
3926
3972
3862
3888
3951
3889
3889
3892
3826
3960
3987
3879
3828
4047
3957
3929
3854
3825
3842
3989
3999
3919
4037
3970
3873
4040
3935
3948
3952
3866
3967
4071
3953
3843
4004
3869
3911
3853
3999
3805
3800
3841
3246
4112
3949
3902
3959
3999
3771
4057
3868
3919
3956
3725
3938
4022
3908
3916
3943
3928
3841
3877
3831
3935
3973
3874
3813
3868
3896
3924
3999
3912
3805
3994
4035
3868
4291
4035
3798
4000
3922
4029
3813
3829
3922
3998
3864
3832
3864
3862
3841
3931
3953
3924
4050
3846
4067
3879
3817
4310
4025
3784
3838
3923
3789
3857
3923
3926
3857
3866
4033
