3210
3311
3135
3015
3130
3109
3140
3205
3250
3091
3030
2987
2991
2877
3189
3050
3110
2990
3282
2964
3125
3053
3116
3153
2998
3165
3009
3265
3160
3110
3209
3055
3125
3224
3209
3196
3254
3142
3120
3016
3181
3151
3257
3198
3220
3091
2881
3280
3187
3239
3165
3150
3111
2587
3048
3153
3223
2903
3263
3072
3179
3030
2708
2968
3112
3153
3183
3253
3136
3173
3214
3179
3078
3078
3262
2950
3153
2902
3080
3124
3209
3274
3191
3133
2919
3109
3052
3127
3211
3254
3161
3158
2074
3164
3166
3049
2598
2991
3181
3255
3274
3248
3154
3029
3051
2497
3037
3246
3058
3033
3143
3093
2890
3176
3262
3125
3135
3256
3169
3113
3117
2080
3172
3081
2882
3142
3189
3200
3153
3063
3215
3123
2753
3044
3197
3242
3113
3152
3197
2610
3218
3188
3153
3153
3120
411
3232
3095
3104
3117
3082
3113
2935
3269
3259
3072
3138
2947
3182
1948
3214
3198
2997
3310
3120
3185
3107
3148
2498
3183
3225
3130
2970
3175
3222
1346
3087
3138
3121
3133
3210
3278
3056
3129
3215
3212
3145
3002
3223
3169
3161
3026
2962
3023
3167
3166
3257
3068
3046
2969
3150
3019
2393
3118
3184
3038
3112
3089
3224
3055
3155
3221
3043
3185
3151
2574
2191
3199
2510
3003
3170
3093
3190
3101
3175
2507
3100
3026
3223
3226
3070
3139
3106
3216
3263
3126
3130
2978
3251
3061
3079
3255
3238
3016
3157
2568
2947
3096
3122
2974
3079
2908
3141
3212
3265
3079
3019
3075
3038
3136
3233
3191
3263
3137
2880
3020
3168
3149
3172
3217
3176
3196
3206
3110
3308
3182
3084
3218
3195
3173
2991
3142
3250
2520
3171
3028
3184
3205
3078
3271
3132
2587
3089
3167
3097
2917
2759
2920
3152
3146
3101
3211
3194
3252
2860
3164
3085
3219
1401
3123
3141
2787
3177
3085
3132
3095
3212
3213
3140
2967
3141
3120
3129
3232
3170
3178
2979
3234
3204
3152
3130
2696
3193
3176
3134
3141
3066
3265
3225
3161
3021
3218
3106
3172
3045
2675
3217
3156
3189
3234
3164
3253
3222
2747
3232
3171
3076
3178
3060
3189
3126
3211
3079
3096
3185
3111
3124
3216
3205
2998
3165
3231
3254
3140
3148
3217
3171
3174
3025
3268
3183
1650
3228
3154
3109
3205
3082
3243
3226
3005
3044
3165
3109
3212
3190
3230
3181
3078
3205
3207
3094
2817
3150
3136
2996
3149
3213
3104
3125
3222
3215
3162
3272
3276
3173
3087
3184
3180
3148
2629
3075
2954
3171
2995
3147
3130
3195
3146
3228
3051
3162
2989
3208
3073
3171
3297
3222
3138
3170
3100
3060
3179
3105
2629
3181
3091
3127
3132
3161
3073
3226
3201
3063
3173
3296
3299
3219
3256
3043
3141
3102
2695
3220
3159
3145
2881
2964
3077
3006
3238
3098
3033
3073
3214
3176
3153
3054
3190
3104
3116
3228
3069
2631
3152
3156
3076
3176
3139
3083
3173
3202
3133
2952
3244
3141
3210
2664
3068
3220
3085
3126
3101
3194
2978
3069
3224
3065
3090
3174
3155
3126
3032
2983
3150
3126
3089
3172
2340
3166
3137
3276
2840
3212
3098
3074
3231
3173
3204
3109
2657
2987
3030
3239
3188
3225
3108
3136
3163
3023
3287
3006
1446
3239
3034
3236
2829
3128
2990
3052
3065
3227
3014
3131
3201
3244
3282
3098
3010
3217
3186
3238
3133
3080
3190
3124
3124
3149
3189
3219
3251
3102
3258
3212
2861
3074
3110
3219
2589
3188
3212
3232
3245
3093
3107
3213
3166
2994
3221
2978
3205
3162
3094
3252
3080
2992
3090
3149
3164
3211
3153
3135
3279
3259
3113
3181
3065
3184
3057
3055
3122
3191
3059
3200
3019
2594
3234
3054
3251
3177
3044
3086
3206
3238
3226
3147
3190
3225
3158
3143
3225
3154
3119
3103
3225
3174
3163
3209
3217
3058
3197
3182
3078
3230
2993
3298
3182
3093
3220
3193
3083
3250
3148
3015
3064
1077
3038
2949
3150
3201
3150
3202
3222
3193
3153
3168
3102
3167
2957
3142
3092
2638
3152
3095
3049
3267
3169
3074
3112
3232
3055
3204
3195
3072
3145
3264
3139
3050
3236
3194
3205
3136
3090
3105
3299
3155
3047
3075
3073
3138
2444
3225
3143
2938
3186
3158
3124
2957
3047
3260
3159
3055
3126
2982
3217
3111
3142
3024
3177
3259
3048
3148
3219
3269
3223
3079
3228
3129
3155
3077
3150
3111
3195
3292
3325
3004
3102
3190
2967
3182
3069
3154
3194
3216
3038
3048
3164
3117
3211
3148
3232
3241
3241
3077
3073
3201
3044
2766
3245
3238
3089
3171
3198
3208
3152
3143
3017
3099
3272
