-202
-129
-110
-176
-200
-147
-153
-157
-136
-114
-313
-175
-142
-188
-373
-87
-60
-134
-106
-148
-129
-136
-197
-179
-170
-111
-238
-71
-126
-120
-192
-235
-193
-232
-163
-98
-225
-181
-156
-181
-170
-53
-116
-255
-257
-108
-158
-49
-118
-226
-206
-163
-212
-142
-124
-208
-234
-149
-167
-211
-103
-211
-256
-146
-161
-136
-84
-31
-110
-122
-149
-132
-98
-185
-268
-228
-49
-218
-90
-192
-204
-133
-80
-465
-35
-141
-289
-208
-217
-256
-54
-3
-192
349
-147
-156
-165
-275
28
-200
-160
31
-191
-148
-151
-218
-207
-184
-102
-197
-195
-186
-45
-332
-178
-180
-191
174
-147
-240
-151
-151
-182
-132
-174
-226
-220
-93
-185
-371
-163
-163
-230
-214
-172
-130
-164
2
-268
-289
-112
-162
266
-214
145
-45
-108
-253
-244
-135
-85
-71
-213
-294
-187
-111
-158
-84
-216
-129
-139
-175
-146
11
-111
-95
-217
-155
-146
-15
-279
-270
-107
-164
-139
-57
-149
-212
-216
-279
-149
-111
-16
-209
-114
-84
-172
-156
-139
-38
-115
-561
-132
-158
-226
-73
-92
-208
-88
-125
-89
-155
20
-173
-117
-570
649
-122
-185
-151
-121
-201
-279
-196
-182
-156
-165
-868
110
-213
-192
-106
-136
-120
-187
-181
-197
-235
-150
-133
-226
-127
-77
-111
-99
-414
148
-176
-156
-115
-730
-247
-129
-22
-82
-194
-190
-281
-220
-168
-116
-190
-125
-153
24
-172
-146
-221
20
-137
-408
-161
-150
-190
-205
-113
-286
-89
-230
-83
-282
-228
-134
-207
-130
-121
-190
-256
-174
-126
-155
-26
-218
85
-249
-190
-141
-174
-222
-201
-157
-138
-154
-161
-250
-77
-222
-85
-226
-171
-178
-261
-114
-117
-176
-114
-167
-220
-163
-166
-165
-210
-174
-159
-124
-187
-189
-73
-167
-258
-160
-140
-84
-188
-189
-120
-159
-264
-146
-236
-154
-141
-291
-177
-159
-213
-61
-205
-147
-171
-148
-104
-434
-173
1053
-116
-112
44
-201
-170
-179
-112
-155
-237
-144
-113
-136
-245
-191
572
-147
-241
-213
100
-175
-105
-120
-138
-198
-223
-125
-162
-53
-206
-186
-164
-97
-32
-65
-151
-256
-164
-149
-32
-232
-180
156
-100
-129
-143
-180
-26
-99
-183
-125
-164
-214
-122
-176
-154
-186
-106
-158
-165
-131
-129
-150
-235
-214
150
-202
-247
-184
-148
-196
-222
-83
-168
-140
-64
-179
-169
-80
-140
-17
-276
-238
179
-89
-143
-79
-109
-140
-241
-185
-134
-184
-198
-198
-208
-166
-171
-173
-172
-180
-114
-285
-199
-200
-67
-171
-139
-92
-201
-147
-338
-142
-129
-172
-145
-218
-204
-194
-49
-154
-120
-104
-156
-786
-119
-143
-201
-109
-17
-107
-105
-159
-245
-235
-107
-223
-150
-207
-164
-130
-121
-191
-156
-167
-189
-91
-115
-148
-179
-74
-161
-107
-116
-145
547
-269
-141
-230
-170
-119
-134
-264
-215
-121
-150
-444
-82
-205
-81
-143
-187
-154
-186
-130
-93
-316
-123
-130
-216
-119
-101
-189
-87
-162
-173
-175
-162
-70
-192
-196
-39
-220
-193
-172
-171
-201
-373
-227
145
-230
-158
-155
-45
-177
-44
-183
-215
-148
-104
-178
-194
-173
-113
-551
-28
-167
-127
16
-233
-169
-166
-232
-136
-150
-117
-124
-182
-63
-172
-175
-147
-188
-125
-147
-112
-238
-195
-54
-140
-175
-95
-104
-112
-189
-176
318
-164
-195
-479
-104
-117
-160
-125
-151
166
-160
-211
-329
-182
-271
-169
-247
-183
-185
-188
-103
-234
-161
-139
-150
-148
-129
-118
-207
-262
-124
-161
-147
-178
-274
-42
-126
-277
-194
-60
-144
-128
-187
-174
-146
-155
-160
-114
185
-176
-183
-228
-112
-151
-247
-200
-63
-242
-179
-181
-139
-128
-146
-109
-390
-135
-61
-211
-155
-341
-171
-72
-197
-244
-151
-93
-215
-218
-164
-232
-149
-228
-170
-244
-125
21
-275
-192
-113
-190
-145
-100
-109
-192
-174
-161
-122
-192
-239
-180
-185
-112
-87
-118
-126
-188
-162
-221
-133
-172
-128
-232
34
-260
-177
-168
-148
1138
5
-187
-51
-85
-200
-90
-273
-180
-184
-155
-201
-202
-216
-167
-175
-256
-9
-51
-94
-110
-171
-162
-145
-134
-121
-172
-200
-137
-273
-158
-168
-134
-146
-116
-74
-213
-196
-249
-200
-193
-124
-33
-115
-196
-79
-52
-163
-148
313
-156
-141
-278
-261
-194
-244
-216
-10
-52
-88
-164
-295
-110
-171
-151
-212
-183
-153
-255
-528
-58
-151
0
-134
-130
-10
-250
-251
-208
-135
-121
-126
-91
-129
-198
309
-198
-181
-185
-248
-137
-180
-108
-167
-188
-89
-190
-169
-179
-66
-222
-234
-164
-127
-140
-172
252
-39
-200
-474
-227
-178
-823
-215
-175
-145
-55
55
-232
-175
-188
-21
-114
-99
-268
-194
-189
-209
-137
-90
-207
-509
-163
-141
-202
-103
-101
-216
72
-147
-106
-192
-110
-213
-184
-22
-249
-199
-151
-208
-199
-762
-165
-138
-448
291
-201
-108
-170
-170
-185
-285
-174
-17
-180
-198
-141
-124
-131
-198
-266
-119
-194
-21
-226
-232
-217
-189
-112
-265
-123
-141
-241
-83
-338
-207
-193
-172
-116
-109
-180
-226
-165
-154
-195
-165
-85
-134
-208
-213
-206
-214
-189
-93
-194
-190
-200
-211
-215
-180
-90
-101
-225
-234
-25
-238
-167
-201
-229
-93
-166
-193
-246
-169
-206
-93
-287
-118
-201
-170
-68
-168
-141
209
-144
-153
-80
-189
-157
-382
-180
-105
-73
-475
-199
-202
-161
-131
-190
-45
-193
-211
-87
-131
-126
-192
-242
-131
-32
-179
-230
-234
-156
-119
-168
-219
-123
-96
-209
-131
-150
-802
-170
-223
-151
-72
-194
-186
-200
-133
-184
-190
-126
-189
-228
-179
-211
-145
-160
-166
-126
-174
-165
-87
-113
-166
-270
-238
-179
-123
-83
-68
-254
-52
-179
-155
-133
-262
-255
-193
-145
-133
-107
-139
-256
-225
-76
-129
-143
-91
-74
-163
-143
-237
-192
-130
-207
-189
-89
-240
-168
240
-105
-189
-229
-142
-152
-323
-175
-121
-103
-163
-223
-218
-206
-212
-277
-131
-165
-156
-123
-249
-121
-142
-151
-185
-32
-176
-127
-186
-195
-458
-107
-133
-187
-184
-260
-100
-201
-115
-175
-178
-235
-262
-196
-248
-52
-254
-103
-26
-134
-147
-216
-213
-150
-166
-152
-197
-160
-139
-158
-191
-17
-129
-190
-192
-76
-142
-217
-125
-307
-187
-174
-258
-219
-42
-188
-62
-65
-440
-133
-168
-130
-172
-43
-210
-82
-139
-110
-224
-122
-190
-132
-126
-166
-243
-255
-199
-96
-7
-509
-106
-67
-401
-155
-221
-116
-148
-152
-253
-11
-120
-197
-280
-238
-132
-197
-226
-185
-156
-72
-134
-220
-151
-36
-160
-177
-184
-85
-156
-247
-167
-148
-225
-120
-121
-228
-224
-206
5
-195
-110
-143
156
-172
-182
-148
-75
-52
-170
-178
-151
-208
-193
-303
-200
-169
586
-118
-212
-420
-154
-56
-211
-225
-180
-134
-128
437
-14
-127
-251
-169
-131
-123
-108
-158
-173
-110
-123
-181
-313
-133
-227
-317
-116
-119
-121
-39
-182
-201
-100
-127
-210
-58
-300
-134
-358
-196
-174
-131
-103
-146
-141
-115
-173
-135
-213
-130
-169
-140
-191
-186
76
-207
-264
-160
-178
-164
-131
-102
-124
-158
-162
-256
-489
-196
-74
-112
-173
-204
-196
-73
-64
-263
-160
-121
-85
447
-185
-199
-141
-114
-47
-157
-207
-91
-341
-86
-105
-167
-155
-279
-257
-199
-167
-332
-138
-160
-234
-95
-192
-219
-270
-145
-133
-74
-146
-171
-208
-221
-189
-124
-222
-229
-139
-115
-140
386
-153
-113
-218
-83
123
-160
-255
-163
-129
-167
-110
-185
27
-108
176
-161
-190
-153
-155
-140
-235
-133
-336
81
-147
-193
-310
-161
-144
-148
-164
-235
-240
-188
-251
-185
-136
-92
-210
-222
-183
-155
113
-206
-178
-103
-151
-230
-339
-152
-84
-256
-219
-125
-170
-209
-160
-131
-80
-179
-183
-201
-170
-158
-123
-89
-194
-294
-116
-166
-282
140
-157
-172
-156
-189
-128
-101
-200
-211
-265
-184
-19
-202
-150
-92
-218
-76
-53
-139
-161
-154
-213
-29
-172
-185
539
-171
-163
-83
-106
-83
-103
-184
-491
-213
-136
-134
-171
-187
-179
-104
-362
-178
-135
-194
-219
-218
-256
-172
-158
-172
-182
-114
-230
-194
-339
-234
-106
-157
-193
-127
-214
-7
-304
-28
-209
-205
-205
-79
-198
-157
-100
-155
-387
-54
-163
-184
-60
-157
-135
-399
-200
-119
-192
-104
-75
-129
-137
-118
-88
-233
-250
-199
-254
-190
-181
-242
-251
-135
-155
-130
-88
-239
-100
-494
-249
-216
-213
-174
-77
-112
-243
-103
-78
-193
-59
-245
-168
-121
-265
-127
-293
-232
-268
-108
-111
-212
-181
-194
-155
-82
-94
-107
-205
-173
-246
-188
-213
-154
-165
-146
-235
-99
-161
-150
-213
-87
-69
-112
-106
-105
-187
-90
-141
-252
-199
-193
-116
-222
-161
-90
-133
6
-286
-139
-120
-208
-132
-198
-178
-125
39
-141
-141
-158
-162
-143
-154
-129
-167
-169
-136
-200
-42
-49
-117
-222
-172
-174
-196
-143
-208
-216
-204
-157
-173
-201
-177
-197
-165
-140
-158
-191
-141
-5
-178
-103
-257
-147
-164
-130
-24
-143
-227
-279
-216
-187
-217
-152
-194
-254
-130
-145
-46
-166
-161
-188
-80
-182
-193
-151
-203
-233
-147
-126
-103
-219
-272
-220
-71
-177
-224
-252
58
-158
-205
-38
-87
-74
-181
-259
-117
-199
-87
-144
-150
-214
-165
-128
-253
-150
-67
-187
-146
-183
-126
-146
-189
-141
-170
-102
-153
-188
-111
-47
-167
-170
-186
-322
-401
-163
-242
-92
-88
-230
-78
-179
-190
-190
-220
-439
-96
-174
-230
-231
-71
152
-219
-137
-127
-90
-193
-81
-157
-48
-141
-149
-248
-266
-173
57
-200
-59
200
393
-149
-170
-93
-140
-201
-146
-118
-142
-203
-73
-158
-182
-91
-167
-239
-133
-236
-189
-393
-78
226
-141
-223
-137
-250
-120
-46
-164
-156
119
-105
-86
-99
-164
-292
-206
-162
-229
-226
-125
-153
-220
-135
-121
-138
-115
-119
474
-105
-204
-169
-58
-141
-427
-143
-205
-158
-171
-250
-233
-130
-177
-126
-210
-120
-268
-159
-164
-169
27
-192
-210
-82
-162
-254
-168
-291
-274
-106
-119
-202
-147
-121
-195
-145
-211
-75
-191
-198
-193
-110
-191
-174
-197
-204
23
-16
-22
-221
-133
-209
-117
-158
-169
-147
-263
-295
-170
-159
-150
-193
-53
-201
-234
-108
-138
-174
-139
-143
-154
-189
-234
5
-203
-165
-87
-172
-117
-187
-198
-120
-163
-162
-179
351
-208
-91
-134
-249
78
-145
-182
-188
-165
-223
-19
-211
-272
-180
-156
-43
-153
-142
-318
-101
-205
-152
-34
-182
-250
-114
-218
-4
-144
-123
-165
-155
-173
-205
-142
-122
-155
-121
-169
-172
-142
-212
-201
-71
-164
-186
-171
-126
-110
-180
-233
-116
-158
-112
-124
-148
-150
-374
-258
-204
-146
-79
-143
-189
-115
-179
-156
-164
-79
-147
-133
-212
-177
-212
-181
-152
-203
-102
-168
-95
-205
-133
-228
-120
-171
45
-185
-239
-195
-122
100
-206
-184
-98
-184
-57
-168
-117
-124
-160
-111
-167
-150
-196
-94
-278
-170
-101
-77
-148
-190
-181
-147
-143
-221
-118
-165
-165
-224
-184
-23
-79
-102
-13
-327
-113
-82
-262
-118
-106
-228
-230
-167
-77
-150
-58
-126
-233
-100
-117
-420
-142
30
-114
-53
-40
-173
-278
-186
-175
-210
-110
-180
-103
-205
-65
-132
-114
150
-152
-146
-127
-261
-235
-179
-110
-233
-205
-254
-114
-178
-224
-96
-142
-128
-111
-222
-124
-187
-149
-186
-50
-166
-716
-119
-390
-123
-78
-130
-183
-262
-200
-80
-232
-238
-199
-134
-158
-107
-55
-150
-324
-197
-240
-167
-164
-208
-70
-130
45
-212
-64
-86
-47
-203
-215
-95
-83
-171
-188
-118
-195
-243
-160
-122
-235
-225
-218
-196
-160
-236
-206
-128
-166
-133
-126
-150
-142
-367
-199
43
-221
-196
-118
-225
-43
-197
-58
-193
-137
-131
-189
-197
-144
-273
-35
-171
-106
-280
-137
-97
-137
-179
-156
-373
-33
-129
-160
-105
-100
-146
-147
-226
-210
-125
-138
-176
-252
-251
-166
-99
-287
-321
-572
-244
-137
-209
-218
-138
-51
-138
-47
-278
-88
-134
-98
-190
-166
-79
-161
-154
246
-155
-10
-129
-115
-188
299
152
-176
-168
-175
-175
257
-108
-168
-73
-161
-125
-91
-131
-83
-154
-40
-228
-215
-146
-151
-179
-131
23
-149
-158
-170
-68
-248
-211
-158
-141
-223
-91
-69
-258
-190
-215
-140
-80
-116
-148
-172
-86
-4
-165
-156
-98
-136
-165
-256
-161
-214
-180
-26
-198
-275
-230
16
-188
-148
-73
-405
-124
-130
-99
-224
1154
-153
-190
-250
-216
-77
-172
-182
-132
-37
120
-173
-174
-123
-117
-119
-332
-100
-153
-197
-253
-152
-98
-117
-203
-221
-229
-256
-199
-231
-190
-116
-209
-245
-171
-282
-51
-223
-101
-100
-230
-147
-117
-202
-155
-295
-185
-205
-230
-270
-125
-212
-194
-97
-29
-109
-77
-144
-105
-201
-115
-58
-191
-209
-126
-744
-186
-158
-165
-212
-71
-179
-140
-204
-166
-170
-175
-214
-196
-103
-462
36
-141
-232
-74
-251
-234
-197
-153
-222
-129
-97
-241
-195
-216
-191
-167
-162
-168
-152
-117
-38
-187
-190
-184
-178
-114
-42
-171
-143
-153
-207
-84
68
-114
-239
-234
-129
-327
-200
-85
-182
-133
83
-155
-330
-116
-80
-89
-236
-140
-122
-163
-160
-252
-201
-144
-221
-223
-247
-61
-172
-213
45
-152
-148
-614
-180
-224
-220
-163
-113
-209
-132
-178
-314
-172
-197
-281
-114
-222
-144
-192
-161
-73
-153
-50
-170
-157
-199
-224
-40
-286
-177
-156
-104
-301
-198
-74
-32
-173
-213
-170
-282
-48
-135
-82
-141
67
-158
-147
-170
-146
-127
-126
-223
-202
-199
-242
-152
-211
-169
-181
-175
-213
-146
-164
-79
-206
-619
-149
-153
-170
-70
-72
10
-131
-107
-255
-230
-167
-95
-276
-288
-74
-150
-160
-198
-137
-154
-60
-121
-204
-147
-145
-29
-97
-48
-165
-237
-120
-203
-165
-225
-141
-218
-159
-185
-232
-220
-164
-49
33
-2
-192
-104
-150
-104
-214
-168
-115
-47
-69
-190
-112
-174
-158
-133
-190
-489
-154
-92
-231
-240
-227
-122
-217
222
-190
-153
-148
-166
-229
-149
-192
-80
-156
-103
-139
-231
-199
-183
-191
-202
-127
-107
-176
-185
-144
-201
-184
-201
-86
-206
28
-153
-186
-209
-161
-196
-161
-228
-12
-183
-98
-163
-168
-165
-204
-151
-229
-235
-145
-244
-253
-218
-204
-117
-167
-179
-210
-208
-223
-186
-181
-548
-169
-289
-116
-131
-167
-22
-94
3
-222
-199
-244
-84
-156
-189
-206
-5
-165
-193
-196
-137
-92
-166
109
-157
-215
-232
-254
-165
-168
22
-154
164
-190
-98
-141
-139
-147
-181
-204
-174
-173
-86
-94
-72
-160
-260
-137
-111
-131
-104
-161
-521
-125
-128
-217
-156
-148
-149
-212
-156
-156
-146
-217
-167
-245
-184
-148
-166
-182
20
-208
-86
-116
-144
-93
-87
-185
-196
-92
-221
-235
-183
-197
-119
-236
-121
-198
-215
-136
-233
-151
-17
-709
-195
-112
-104
-101
-125
-101
-223
-155
-213
-162
-152
-101
-74
136
-122
-107
-104
-339
-202
-187
-204
97
-180
-242
-124
-206
-222
-163
-182
-135
-98
-181
-163
-205
-219
-160
-142
-159
-11
-199
-173
-158
108
-389
-594
-266
-155
-182
-169
-230
-136
-108
-157
-84
-282
-21
-161
-383
-174
-205
-41
-138
-173
-273
-150
-214
-132
-177
-17
-186
-221
-223
-211
-55
-182
-160
-212
-216
-179
-176
-214
-182
-205
-244
-164
-115
-191
-207
-124
-179
18
-242
-142
-147
-46
-165
-269
-175
285
-213
-5
-140
-186
-334
257
-273
-223
-215
-128
-159
-210
-147
-180
-231
-206
-226
-169
-197
-203
-91
-221
-192
-149
-141
-209
-69
-102
-164
-141
-121
-209
-79
-179
-159
-132
-101
-99
-107
-56
-168
-225
-185
-196
-90
-169
-320
-600
-212
-188
-160
-230
-191
-118
-176
-53
-154
-131
-251
-214
-22
-183
-182
-167
-78
-154
-158
-181
-109
-229
-158
-107
61
-154
-204
-136
-101
-195
-131
-165
-125
-184
-222
-128
-203
-105
-206
-164
-144
-200
-134
65
-159
-99
-117
-182
-149
-52
-143
-173
-131
-119
-523
-125
-98
-148
-52
-206
-182
-183
-150
-178
-188
-175
-119
-112
-221
-146
-23
-53
-45
-51
-80
-96
145
-170
-121
-160
-220
-103
-185
-146
-39
-181
-23
-147
-478
-186
-118
-177
-155
-89
-259
-279
-172
-166
-140
-158
-160
-198
-174
-76
-106
-169
-153
-173
-217
228
-250
-174
64
-198
-188
-226
-177
-123
-224
-90
-90
-155
-196
-212
-211
-223
-161
-120
-228
-126
-144
-128
-92
-144
-158
-128
-148
-170
-195
-189
-140
-152
106
-171
-193
-61
-72
22
-33
-103
-155
-183
-61
-210
-58
-143
-257
-182
-201
-108
-87
-209
-162
-195
-250
-215
-180
-215
-212
-120
-134
-130
-199
-91
-156
-148
-189
-126
-127
-143
-115
-139
-211
-156
-183
-167
-138
-92
-164
-232
-193
-203
-211
-125
-154
-88
-205
-351
-201
284
-218
-126
-185
-129
-157
-321
-186
-25
-209
-175
-209
-98
-106
-210
-193
-270
-138
-191
-153
-586
-259
-152
-175
-202
-688
-118
-206
-146
-84
-334
-218
-252
-141
-239
-177
-200
207
11
-82
-223
-171
-183
-167
-205
-182
-123
-139
-131
-158
-162
-70
-151
-268
-50
-61
-206
-96
-203
-126
-177
-216
29
-127
-212
-212
-226
-149
-282
-189
-154
-195
82
-151
-203
-149
-163
-112
-104
-133
-109
-36
-462
-236
-97
-255
