-256
-179
-124
-164
-178
-319
-137
-211
-133
-225
-347
-163
-77
-210
-443
-327
-247
-123
-500
-127
-19
-161
-196
-283
-188
-207
166
-162
-233
-115
-355
23
-485
-172
-272
-257
-169
-255
-252
-383
-222
141
-242
44
-146
-114
-307
-75
-227
-332
-176
-260
-147
-170
-215
-274
-289
-188
-205
-230
-359
-170
-215
-338
-310
-161
-50
-295
277
-76
-105
-133
-330
-206
-57
-178
-128
-176
-245
-258
18
-68
-1
-186
-212
-336
-344
-263
-337
-265
-290
-183
-194
-140
89
-335
-310
-159
-103
-290
-132
-190
-139
-83
-344
-343
-274
-224
-123
-211
-222
-72
-294
-240
-46
-328
92
-336
15
-241
-156
-300
-46
-252
-221
-263
-291
-234
-199
-368
-291
-279
-288
-199
-103
-315
-328
-321
-244
-416
-54
-322
-188
-64
-233
-268
-106
-337
-207
-118
-46
-89
-425
-105
-261
-202
-185
-343
-274
-208
-256
-207
-51
-117
-177
493
-246
-347
-107
-252
-168
-106
-274
-256
-168
-338
-416
-268
-306
-112
-266
-259
160
-208
-340
-316
-378
-276
-281
-109
-1
-127
-93
-449
-175
-105
-135
-239
-167
-388
-55
-404
41
-84
-184
-303
-369
-277
-432
-175
-300
-338
-265
-315
-201
-94
-322
-95
-4
-250
39
-155
46
-164
-340
-251
-253
-353
-368
-167
-56
-378
-201
-215
-314
-129
-246
-326
-313
-272
-145
-367
-115
-150
-251
-227
112
-95
-28
-193
-248
-362
-201
-173
138
-27
-160
-149
-294
-61
-85
-137
-320
-106
-261
56
-228
-333
44
-121
-204
-160
-174
-391
-126
-243
-216
-396
-424
-244
-283
-108
-410
-231
-120
-289
-152
-223
-335
-193
-304
-422
-443
-408
326
-93
-301
-149
-301
-169
-309
-183
-244
-406
-290
-4
-329
-237
-289
-277
-275
-281
-271
-229
-255
-41
-220
-158
-136
-315
-180
-295
-235
-180
-353
-224
-130
-32
-153
-293
-306
-167
-276
-235
-116
-157
-133
-245
-75
-79
-122
-310
-329
-334
-237
-261
-281
-235
-176
-174
-370
-223
-440
-213
-87
-174
-248
-255
-197
-237
-237
-87
-216
-445
-269
-223
-209
-181
-143
-273
-377
-89
-229
-179
-247
-318
-219
-115
-197
-320
-193
-79
-135
-313
-188
-303
-304
-222
-204
-219
-297
-272
-194
-289
-279
-147
-202
-150
-404
-65
-204
-189
-243
-364
-286
50
-363
-290
-349
-107
-142
-186
-164
-65
-216
-93
-274
-135
-2
-285
-175
-191
-178
-118
188
-302
-204
-1
-282
-393
-237
-220
-331
-50
-331
-274
-130
-264
-296
-112
-104
-301
-15
-255
-158
62
-338
-142
-49
-236
-172
-370
-212
-107
-285
-172
-297
-307
-244
-265
-121
-210
230
-306
-229
24
-206
-125
-154
-206
-114
-185
-145
-308
-94
51
-273
-432
-356
-266
-269
-289
-214
-186
-316
-275
-190
529
-189
-63
-94
-342
-303
-109
-101
-337
-72
-161
-31
-386
-34
-299
-211
-229
-178
-352
-85
-329
-376
-203
-85
-205
-156
-317
-103
-133
46
-57
-260
-234
-21
-24
-283
-94
-358
-272
-208
-296
-165
-210
-175
-191
-75
-401
-13
-267
-274
-32
-237
-131
-91
-313
-236
-345
-157
-262
329
-182
-23
-66
-674
-94
-195
-454
-109
-253
93
-130
-280
-175
-149
-302
-268
101
-261
-448
-106
-407
-148
-87
-511
-175
-138
-175
-239
-227
-46
-149
-207
-81
-114
-203
-144
-270
-186
-329
197
-858
-504
-283
-370
-141
-297
-205
-278
-141
-163
-293
-269
-173
-204
-192
-154
-199
-212
-294
-188
-267
-326
-217
-125
-159
-127
-279
-227
-165
-296
-198
-344
-290
-58
139
-101
-227
-143
-102
-75
-113
-13
-24
-186
-433
-324
-223
-189
-295
-133
-192
-154
-129
-77
-213
-272
-288
-336
-65
-281
-118
-71
-233
-191
-132
-258
-99
-45
-258
-36
-80
-508
-334
-100
15
-258
-263
-275
-345
-237
-313
-261
-22
-184
-442
-318
-350
-140
-265
-350
-167
-387
-239
-235
-176
-178
-210
-265
-376
-259
-111
-137
-332
-280
-215
-390
-134
-480
-194
-192
-124
-103
-153
-189
-99
-178
-179
17
-774
-222
-160
-162
-42
-190
-205
-216
-75
-240
-207
-259
-147
-221
-331
175
-139
-307
-353
-190
-239
-288
560
-261
-288
-211
-389
-161
-118
-294
-135
-279
-166
-169
-216
-290
1177
-303
-278
-109
-312
-398
-217
246
-209
-145
-251
-390
-265
-255
-279
-351
-168
-226
-211
-191
-170
-287
-95
-321
-167
-288
-228
-242
-105
-214
-323
-173
-117
-134
176
-235
-345
-262
-253
-184
-241
-204
-127
-185
-81
-238
-183
103
-97
-28
-265
-230
-80
-76
-289
-260
-30
-319
-283
-264
-154
-177
-245
-196
-203
-207
-295
-359
-176
15
-144
-249
-212
-258
-249
-154
-292
-154
-152
-329
-125
-170
-54
-69
-258
-9
-173
-200
-354
-190
-92
-205
-342
-298
-207
-429
-40
-267
-257
-141
-342
-341
-172
-364
-228
-108
-152
-261
-302
-237
-172
-111
-328
-334
-251
58
-213
-170
-302
-242
-147
-298
-343
-258
-291
-306
-262
-269
-301
-246
-215
-110
-376
-237
-174
-133
-250
-204
-376
-329
-280
-878
-312
-140
-22
-312
-11
-194
-199
-40
-266
-346
-185
-148
-236
-200
-251
-208
265
27
-469
-245
-604
-196
-211
-398
-281
-123
-52
-440
-241
-246
-467
-428
-247
-175
-246
-270
-179
-171
-119
-286
-283
-109
-406
-190
-312
197
-179
-291
-316
-187
-22
-181
-185
7
-33
-103
-216
-470
-209
-306
-273
-170
-204
-188
-165
-242
-349
-122
-274
-200
-42
-308
-148
-127
-154
-61
-17
-101
-166
-179
-285
-327
-472
-266
-307
-200
-262
-325
-102
-62
-314
-315
-230
-246
-305
-143
-306
-182
-231
-251
207
-91
-266
-315
-124
-148
-176
-104
-290
-121
-268
-233
-130
-276
-44
-327
-115
-188
-270
-251
-340
-157
-371
-340
-348
-331
-563
-341
-258
-405
-272
-334
-107
-180
-269
-302
-125
-171
-184
-262
-319
-311
-297
-178
-178
28
-245
-130
-385
-214
-325
-243
-47
-242
-278
-111
-203
-231
-128
-205
-331
-106
104
-240
-220
-166
-66
-283
-281
-256
-142
-210
-23
-367
-335
-92
-401
-312
8
-143
-288
-248
-115
-310
80
-252
-6
-216
-427
-253
-265
-352
-359
-103
-226
-182
-85
-121
-125
-287
-168
-258
-287
-370
-164
-132
-100
-345
-337
-66
-128
-222
-138
-370
-152
-96
-517
-125
-224
-232
-274
-301
-265
-319
-174
-210
-200
-223
-158
-167
-98
-215
-235
-188
-228
77
-126
-252
-244
-31
-493
-108
-282
-101
-177
-134
-113
-393
-195
-234
-155
-132
-81
-261
-89
-168
-108
-340
-267
-411
-92
-249
-303
-182
-229
-53
-226
-42
-196
-257
59
-127
-308
-382
-190
-185
-233
-35
-215
-436
-226
-334
-240
-303
-175
-16
-311
-287
-181
-148
-427
-268
-27
-203
-127
-328
-160
-262
-131
-242
-250
-43
-149
-232
-242
-210
-280
-235
-162
-218
-249
-396
-214
-244
-311
-256
-158
-224
-359
-165
-252
-129
-348
-383
-273
-122
-287
-255
-263
-312
-228
-177
-321
-394
-161
35
-360
442
-446
-238
-470
-200
33
-77
-117
-191
-472
-258
-165
-176
-270
105
-233
-164
-210
-117
-279
-119
-338
-173
-218
-969
-12
-112
-243
-286
-93
-409
-236
-189
-119
-262
-58
-202
-226
-320
-238
-166
-242
-79
-141
-299
-68
18
-105
-179
-235
-279
-325
-163
-316
-152
-340
-327
-87
-282
-222
-406
-371
-361
-288
-319
27
-161
-173
-177
-245
-262
-300
-237
-235
-196
-456
-233
-91
-243
-159
-220
-404
420
-236
-222
-230
-156
-163
-33
-318
-216
-321
172
-127
-277
-134
-89
-175
-235
-183
-283
-186
-411
-198
-254
-197
-241
-180
-210
-315
-470
205
-327
-264
-92
-84
-90
440
-50
-298
-193
-749
-354
-175
-178
-188
-183
-205
-230
-152
-251
-136
-251
139
-278
-371
-147
-145
-241
-137
-298
0
-329
-358
-179
-290
-546
-169
-116
-21
-161
-306
-191
-178
-284
-42
-240
-164
-219
-222
-273
-269
-207
-114
-251
-282
-192
-287
1053
-222
-146
-166
-358
-315
-364
-474
-58
-468
-331
-354
-298
-251
-361
-275
-302
-196
-138
-229
-234
-296
-154
-197
-235
-202
-281
-235
-146
-406
-205
-181
-305
-53
-47
-86
-120
-256
-178
-261
-238
-20
-302
-261
-265
-255
-49
109
-112
-393
-241
-331
-205
-220
-328
-147
-212
-195
-130
-364
-36
-110
-177
-214
-218
-156
-253
-98
-80
-319
-153
-328
-198
-134
161
-193
-264
-336
21
-289
-125
-122
-228
-326
-55
-152
-185
-144
-94
-254
-31
-265
-245
-277
-188
-289
-235
-303
-275
-315
-282
-173
-195
-77
-156
-218
57
-214
-389
-181
-212
-216
-227
-177
-200
-233
-90
-71
-279
-11
-389
-182
-212
-1
-25
-171
-57
-243
-89
-299
-209
-270
-403
-114
-152
-306
-215
-177
-228
63
-238
-82
-153
-139
-366
-227
-165
-306
-235
-272
-179
-274
-292
150
-230
-264
-162
-378
-339
-270
-353
-258
-276
-271
-299
-259
-208
-60
-251
-150
-371
-318
-318
-110
-168
-219
-148
-182
-307
-338
-213
-289
-161
-259
-236
-256
-223
-280
-323
-121
-215
-99
-25
-361
-418
-22
-298
-203
-346
-343
-211
-343
-203
-195
50
-107
-323
-174
-120
-134
-45
-223
-230
54
-103
-251
-238
-230
-326
-86
-222
-347
-483
-136
-164
-229
-257
-176
-316
-153
-148
-237
-213
-407
-182
-227
-157
-489
-121
-302
-232
-136
-344
-327
-272
-297
-272
-295
-80
-180
-316
-116
-199
-274
-219
-379
-223
-79
-256
-306
-216
-333
-251
-139
-188
-175
-155
-173
-130
-115
-297
-133
-488
-339
-221
-230
-156
-202
-129
11
-291
-210
-32
-433
-273
-125
-291
-371
112
-275
-68
-19
-263
-134
-329
-179
-73
-309
-328
-310
-146
-161
-83
-81
-221
-98
-229
-224
-239
-285
-208
-248
-205
-296
-204
-250
-243
-161
-289
-290
-207
-181
-270
-218
-301
-222
-256
-124
-129
-242
-16
-225
-262
-192
-198
-362
-190
-35
-316
-274
-240
-185
-365
-246
-187
-319
-157
-89
-159
30
-188
88
-276
-175
-309
-290
-224
15
-288
-302
-184
-94
-96
-274
-257
-250
-240
-34
-168
-146
-73
-176
-152
-311
-161
-97
-323
-159
-291
-202
-32
-231
-369
-196
-217
-211
-165
-153
-34
-279
-105
-210
-81
-180
-223
-395
-165
-211
-426
-312
147
-67
-222
-42
-278
-286
-336
-208
-232
-270
-279
-304
-301
-275
-319
-209
-382
-175
-309
-259
-175
-332
-382
-157
-375
-161
-344
-120
-242
-29
-177
-129
-320
-306
35
-311
-258
73
-246
-277
-278
-178
-158
-614
-57
-192
-213
-22
-295
-539
-163
-177
-129
-139
-268
-329
-329
-171
-312
-222
-233
-203
-382
-149
-153
-111
-49
5
-206
-268
-382
-137
-139
-24
-125
-113
78
-293
-167
-155
-138
-192
-162
-238
-118
-87
-153
-179
-286
-232
-105
-232
-325
-178
-71
-115
-151
-250
-232
-287
-139
-15
-312
-172
-241
-236
-225
-165
-173
-197
-190
9
-232
-259
-351
-54
-393
-121
-242
-290
-273
-506
-210
-222
-47
-250
-151
-80
-300
-320
-95
-304
-182
-304
-222
-140
-39
-194
-199
-88
-279
-325
-331
-352
-252
-339
-183
-158
-224
-326
-213
-24
-308
-459
-183
-390
-270
-294
-188
-169
-243
-185
-236
-12
-181
-147
-379
-265
-15
-219
-172
-86
-114
-126
-140
-252
-2
-163
-256
-209
-292
-312
166
-72
-260
-260
-201
-145
-256
-159
-273
-101
-179
-111
-220
-223
-337
-382
-160
-247
-75
-233
-218
-170
115
-316
-246
-235
-288
-137
-64
-290
-145
-224
-113
-292
-159
-189
-211
-70
-291
-134
-257
-184
-346
165
-267
-356
-201
-387
-225
-146
-286
-282
-236
-222
-108
-206
-270
-82
-250
-335
-216
-154
-465
-138
-282
-101
-274
-316
-135
-217
73
-158
-296
-43
-277
-254
-170
-264
-265
-450
-165
-134
-153
-280
-267
-409
-230
-200
-192
-125
-250
-122
-243
-307
-257
-258
-353
-247
-186
-303
-199
-199
-188
-106
-113
-253
-287
-419
-243
-380
-264
-311
-139
-193
-148
-195
-94
-129
-364
-292
-237
-202
-295
-328
-293
-135
-218
-313
-98
-217
-212
-254
-218
-334
-222
-184
-83
-65
-159
-209
-106
-362
-246
-162
-213
-125
-332
-289
-323
-170
-345
-289
-388
-224
-529
-278
-241
-124
-162
-346
-129
-187
-265
-264
-31
-152
44
-238
-222
-284
-148
-139
-260
-88
-191
-143
-184
34
-115
-147
-342
-94
-178
-260
-468
-136
-410
-254
-61
-232
-248
-229
-224
-112
-245
-244
-207
-213
-310
-106
-299
-142
-243
-326
-207
-139
-254
-220
-255
-166
-216
-111
-176
-221
-205
-191
-459
-159
-247
-218
-184
-87
-274
-370
-92
-218
-219
-152
-305
-107
-398
-150
-134
-258
-278
-278
-182
-130
-348
-276
-225
-180
-162
-194
14
-132
-101
-270
-275
-278
-874
-217
-196
-211
-167
-57
-95
-861
-359
-246
-407
-241
-122
-142
-270
-195
-222
-237
-301
-156
-78
-285
-128
-225
-228
-316
-263
-238
-311
-240
-80
-369
-156
-255
-247
-222
-187
-142
-156
-289
-89
-358
-284
-379
-52
-120
-184
-325
-289
15
-304
-242
-114
-121
-124
-407
-223
-281
-275
-267
-368
72
-226
243
-139
-175
-45
-447
-185
-303
-226
-359
-418
-404
-226
-117
-226
-350
-174
-349
-210
-231
-158
-273
-89
-144
-138
-196
-355
-205
-109
-148
-159
53
-289
-301
-242
-129
-340
-300
-148
-228
-313
-333
-279
-370
-159
-206
-215
-238
-228
-407
-243
-189
-421
-297
-323
-256
-152
-175
-128
-235
-300
-186
-353
-241
-127
-357
-64
-262
-295
-49
-151
-172
-217
-220
-114
-270
-286
-334
-345
-277
-333
-16
-239
-197
-393
-181
-56
-273
-398
-100
19
-165
-242
-188
-245
-281
-77
-268
-185
-276
-91
-322
-232
-242
-279
-211
-106
-228
-135
-227
-312
-335
-319
-139
-188
-344
-126
-193
-252
-312
-198
-248
-237
-313
-197
-192
-326
-122
-64
-274
-149
-281
-341
-90
-141
-151
-174
-394
-367
-290
-318
-221
-69
-443
-199
-354
-235
-366
-229
-169
-159
-234
-272
-260
-83
-239
-278
-92
-330
-224
-448
-308
-213
-176
-237
-270
-360
-222
-142
-376
-233
-297
-130
-120
-33
-159
-294
-58
-388
-156
45
301
-274
-120
-363
-305
-104
-303
-216
-332
-113
-266
-355
-225
-309
-205
-38
-302
-202
-386
-255
-108
-331
-260
-160
-19
-418
-78
-82
-248
-167
-339
-342
-190
-169
-292
-210
-168
-278
-263
-300
-249
-210
-293
-212
-213
-190
-297
-292
-351
-215
-179
-287
-275
-294
-325
-240
-75
-91
-248
-61
-129
-237
-203
-148
71
-436
-191
-268
-197
-89
-177
-251
-293
-221
-181
-239
-241
-203
-248
-55
-3
-501
-166
-139
-223
-340
-334
-410
-244
-124
-233
-360
-187
-186
-249
-230
-153
-269
-193
-12
-316
-147
-85
-296
-192
-229
-271
-211
-314
-259
-351
-96
-213
-255
-130
-281
-335
-398
-348
-174
-117
-303
-111
20
-299
-244
-349
-245
-337
-142
-239
-152
-155
-39
-113
-180
-86
-211
-88
-66
-15
-191
-323
-432
-165
0
-226
-201
-301
-371
-196
-206
-211
-217
-137
-196
-246
-158
-328
-246
-111
-374
-297
-255
-235
-231
-187
-320
-318
-164
-252
-249
-68
-28
-165
-47
-191
-267
25
-40
23
-199
-163
-318
-193
-158
-322
-217
-302
-63
-188
-171
-222
-74
117
-170
-230
-291
-320
-194
-426
-177
-367
-289
-261
-70
-235
-140
-178
-300
-80
-10
-302
-383
-253
-223
-215
-134
-219
23
-150
-268
-259
293
-307
-275
-248
-159
-72
-205
-334
-278
-71
-260
-192
-332
-256
-327
-123
-153
-170
-157
-338
-137
-180
-141
-272
-212
-144
-69
-240
-324
-126
-118
-203
-2
-252
-168
-135
-121
-449
-389
-210
-241
-132
-230
-92
-449
-410
-349
-319
-385
-201
-156
73
-439
-90
-281
-314
-127
-271
-226
-101
-285
-192
-280
-103
238
-331
-173
-44
21
84
-46
-64
6
-197
-200
-175
3
-263
-43
-169
-286
-88
-290
-229
-338
-101
-480
-255
-183
-341
-73
-147
-260
-120
-204
-488
-94
-271
-224
-214
-206
-216
-168
-371
-272
-258
-327
-46
-173
-457
-240
-36
401
-418
-96
-312
-439
-79
-178
-180
-244
-281
56
-269
-226
2
-171
-125
-459
-268
-150
-160
-223
-80
-356
-93
-142
-286
-319
-164
-100
-186
-154
-194
-301
-323
-127
-286
-217
-315
-211
-111
-212
-258
-100
-334
67
-119
-212
-430
-230
-360
-309
-290
-211
-194
-43
-184
-283
-315
-258
-178
-349
-273
-246
-265
-414
-313
-205
-173
-433
-305
-126
-171
-200
-311
-100
-131
-519
-256
-160
-362
-229
-179
-204
-312
-232
-148
-16
-136
-306
-207
-558
-152
-165
-152
-197
-442
-238
-370
-253
-132
-338
-255
-168
-218
-107
-368
-222
-279
-209
-103
-79
-114
-214
-376
14
-144
-222
-167
-84
-167
-463
-241
-733
-329
-129
-141
-121
-244
-75
-116
-141
-276
-131
-109
-197
-142
-124
-211
-338
-311
-118
-445
-68
-210
-333
-275
-240
-147
-259
-222
210
-109
-237
-103
-286
-188
-227
-224
-196
-234
-292
-275
-235
-166
272
-279
-296
-183
-362
-218
-300
-251
-322
-223
-208
-250
-194
-205
-80
-523
-279
-212
-362
-355
-434
-114
-132
-183
-289
-170
-211
-198
-319
-122
-188
-223
-161
-384
-337
-170
-185
69
-136
-298
-280
-252
385
-133
-114
-43
-270
-148
-240
-262
-123
-158
-223
-124
-257
-241
-267
-217
-256
-254
-265
-114
-125
-84
-218
-252
-82
-78
-186
-264
-367
-359
-259
-109
-128
-201
-86
8
-79
-311
-216
-173
-218
40
-220
-164
-277
-255
57
-195
-327
-148
-158
-433
-318
-177
-342
-170
-208
-89
-288
-134
-421
-184
-324
-313
-427
-70
-469
-123
