-181
-242
-244
-2
-274
-194
-189
-280
-239
-417
-268
-263
-350
-100
-439
-101
-284
-321
-183
-235
-95
-372
-304
-230
-247
-25
-252
-138
-201
-465
-241
-95
-210
-53
-7
-390
-481
-258
-77
-264
-236
-318
-157
-268
-226
-198
145
-214
-307
-210
-292
-155
-186
-264
-376
-254
-254
-178
-57
797
-181
15
-258
-281
-311
-334
-287
-7
-259
-144
-283
-335
-332
-366
-81
-305
-313
-248
-135
-271
-98
-148
-229
-318
-164
-263
-321
-5
-261
-238
-207
-272
-286
-227
-347
-25
-185
-20
-226
-275
-265
-277
-203
-207
-289
-161
-204
-224
-136
-286
-281
-308
-213
34
-297
-238
-199
-294
-239
-232
-94
-205
-76
-146
-216
-308
-197
-191
-337
-476
-314
-234
-96
-190
-142
-197
-129
-262
-184
-73
-145
-85
-215
-135
-90
-266
-177
-253
33
-237
-186
-145
-284
-86
-23
-173
-379
-82
-178
-106
-2
-196
-337
-56
-304
-189
-381
-231
-143
-320
-267
-380
-254
-187
-257
-38
-226
-294
-485
-204
-279
-62
-182
-219
646
-90
-288
-313
-196
-312
-167
-152
-270
-94
-266
-233
-125
-201
-76
-155
-31
-307
-301
-193
-277
-201
-143
-98
-191
-180
-334
-286
-72
-218
-218
-49
-217
-247
-221
-270
-116
-213
-188
-235
-330
-169
-226
-124
-23
-69
-158
13
-265
-223
-225
-290
-68
-217
-384
-386
-311
-192
-266
-141
-174
-140
-215
-312
-56
-163
-220
-189
-97
-230
-211
-282
-260
304
-308
-123
-156
-277
-194
-196
213
-353
-196
-181
-369
-228
-220
-337
-286
-220
-178
-208
-187
-321
-125
-226
-178
-304
-30
-124
-184
-153
-140
-127
-264
-93
-212
-175
-317
-301
2
-157
-221
-186
-282
-262
-236
-116
-243
-265
-241
-231
-243
-27
-289
-204
-181
-56
-226
-365
-242
-243
-274
-229
9
-178
-228
-210
-107
-180
-245
-207
-160
-329
-204
-153
63
-142
-319
-90
-160
-183
-348
-309
-192
794
-238
-115
-84
-320
-269
-190
-200
-221
-184
-323
-140
-82
-241
-286
-281
-17
-168
-162
-182
-90
-321
-164
-150
-167
-347
-203
-192
-261
-162
-260
-214
-224
-138
-285
-340
-177
-150
-308
-374
-260
-203
6
-112
-205
-259
-301
-311
9
-282
-168
-300
-290
-209
-207
-287
-241
-144
-282
-96
-217
-291
-131
-134
-152
-202
-288
-321
-122
-256
-24
-258
-249
-199
-216
-355
-171
-219
-482
-44
-220
-149
15
-245
-288
-211
-322
-212
-196
-190
-149
-54
-89
-158
-312
-481
-290
-341
-362
-306
-240
-267
-254
-164
-122
-158
-220
55
-227
-212
-395
-212
-127
-94
-273
-224
-142
-132
81
-175
-125
64
-57
-322
-220
-236
-321
-231
-281
-51
40
-274
-250
-281
-282
-183
-66
-311
35
-181
-29
-51
26
-174
-244
-259
-409
-300
-242
-298
-228
-158
-355
-226
-171
-291
-227
-274
-266
-113
-321
-172
-75
-205
-245
-247
-256
-222
-216
-348
-215
-173
-127
-216
-170
-198
-213
-30
-351
-230
-296
-357
-237
-127
-132
-250
-241
-137
-336
-325
-211
-342
-76
-251
-138
-235
-311
1
-282
-199
-386
-374
-234
-67
-185
-197
-183
-216
72
-225
-271
-12
-95
-314
-269
-205
-281
-158
-101
-186
-294
-288
12
-629
-199
-158
-185
-7
-239
-118
-293
-111
-151
153
-220
-72
-136
-329
-314
-238
-121
-345
-285
-192
-173
-330
-181
-371
-289
-266
-384
-229
-257
-187
-38
-286
-221
-250
181
-197
-397
-289
-114
-241
-217
-132
-222
-290
-289
-408
-60
-274
79
-62
-316
-190
-215
-311
-263
-114
-180
-148
-91
-137
-222
-239
-244
-548
-231
-290
-223
-254
31
-313
-315
-121
-320
-221
-241
-208
-220
-196
-126
-85
-16
-282
-266
-316
-148
71
-56
-377
-93
-231
-236
-85
-374
202
-306
-38
-174
-268
-171
-210
-200
-147
-304
-282
-217
-518
-259
-153
-200
-289
-25
-113
-198
-302
-253
-169
27
-240
-317
-74
-169
-255
-276
-253
-223
-345
-265
-247
-202
-112
-249
-188
-279
-116
-234
-241
677
-126
-243
-244
-156
-224
-238
-158
-309
-133
-340
154
-59
-291
-60
-105
-330
-206
-310
-227
-265
-229
-252
-125
-217
-206
-139
-543
-172
-377
-143
-135
-425
-295
-452
-261
-220
-291
-246
99
-432
-56
-285
-273
-300
-272
-243
450
-835
-256
149
-113
-189
-310
-238
-212
-338
-205
-180
231
-233
-181
-114
-78
-142
-389
-179
-263
-178
-346
-261
-226
-66
0
-291
-145
-231
-195
-300
-125
-219
-204
-96
-195
-269
-403
-259
-237
-175
-223
-470
-121
-302
-40
-216
-255
-214
-167
-205
-221
-58
-248
-169
-265
-220
-410
-180
-10
-366
69
-305
-277
-170
-162
65
-109
-219
-233
-238
-175
-67
-212
-137
-230
-257
-181
-60
-84
-215
-351
-59
-334
-243
-224
-218
-56
-279
-234
-244
-317
-194
-243
-93
-218
-12
-253
-159
-51
-332
-180
-283
-236
-242
-112
-155
-246
-186
-82
-229
-125
-459
18
-305
-187
-85
-251
-191
-171
215
-200
-273
-277
-289
-132
-256
-191
-143
-246
-25
-315
-101
-164
-188
-160
-197
641
-322
-164
-279
-23
-210
-370
10
-243
-148
-130
-215
-178
-246
-256
-239
-194
-202
-280
133
-277
-157
-245
-281
-204
-144
-60
-321
-226
-145
-125
-231
-165
-129
-58
-112
-241
-105
-189
-220
-199
-220
-256
-248
-366
-295
-149
-152
-403
-232
-212
-168
-144
-284
-42
-204
-331
-274
-137
-308
-108
-187
-320
-233
-235
-276
-332
-37
-169
-224
-243
-347
-328
-187
-237
-382
67
-87
-345
-294
-217
-137
-315
-272
-256
-134
-271
-107
-261
-74
-246
-143
-196
-137
-229
-263
-183
-283
-1
724
-72
-283
-243
-234
-174
-246
-512
-149
-310
-148
-164
-119
-175
-173
-76
-242
-334
-116
-234
-143
-147
-242
190
-227
-356
-229
-244
-163
-222
-146
-278
-273
-125
-158
-268
-83
-99
-123
-195
-84
-278
-41
-126
-124
-280
-197
-156
-202
-251
-374
-257
-250
-288
-220
-278
-40
-185
-336
-123
-327
-25
34
106
-25
-188
997
-233
-168
-122
-136
-432
133
-287
-75
-245
-307
-108
-72
-179
-231
-164
-405
-170
-287
-300
-197
-237
-404
-226
-208
-101
-75
-233
-302
-228
-231
-106
-163
-165
-207
-425
-322
-173
-238
-259
-352
-193
-229
-183
-252
-127
-223
-156
-298
-191
-182
-162
-259
-219
-199
-66
-278
-93
-322
-211
-420
-85
48
-247
-107
-199
-125
-231
-155
-327
-91
-146
-87
-394
-38
-156
-154
-221
-200
-112
-118
584
-204
-97
-242
32
163
-270
-281
-305
-3
-129
-130
-218
-1
-178
-263
-175
-188
33
-267
-258
-144
-223
-175
-232
-249
-236
-325
-253
-232
-270
-194
-109
-76
-383
-505
-108
-76
-230
-207
-189
-174
-244
-171
867
21
-275
-313
-220
-162
-377
-171
-169
-228
-315
-9
-278
-129
-202
-120
-167
-272
-195
-416
-248
-10
-212
-227
-238
-193
-399
-253
-74
-246
-357
-174
-265
-297
-185
-165
-214
-211
-308
-322
-199
3
-248
-492
-293
-37
-88
-262
-124
-141
-398
71
-202
-369
-166
-170
-70
-150
-150
-481
-63
-187
-407
-70
-161
-278
-151
-349
-90
53
-302
-248
-117
-214
-294
-208
-398
-225
-153
-331
-302
-140
-286
-245
-301
-158
-209
-291
-233
-303
-209
-238
-137
-276
-295
-275
-229
1039
-141
-26
-226
-326
-136
-207
-216
-153
-191
-238
-242
-170
-172
-108
-335
-15
-256
-212
-289
-273
-166
-110
836
6
-152
-260
-86
46
-172
-185
-168
-210
-150
-123
-241
-155
-26
-82
-271
-250
-375
-46
-608
-89
-195
-252
-55
-191
-305
-378
-274
-305
-389
-559
-115
-91
-314
460
-61
-188
-78
-190
-156
-258
-284
129
-162
-193
-88
-205
-19
-202
-22
-217
-280
-176
-822
-102
-280
-132
-327
-201
-249
-57
-253
-251
-227
95
-220
-41
-231
-229
-307
-236
-24
-274
-199
-136
-305
-220
-184
-16
-300
-321
-120
-159
-238
-654
-92
-149
-254
-392
-130
-191
-201
-316
-216
-182
-207
-294
-71
-330
-278
-120
-210
-159
-284
-230
-166
-46
-360
-133
-194
-292
-190
-276
-159
-243
-213
-219
-165
-295
-145
13
-173
-162
-157
-304
-13
-239
-300
-304
-256
-160
-188
-17
-42
-344
-97
-155
-178
-133
-81
-232
-278
-165
-233
-242
-246
-35
-470
-80
-593
-234
-270
-26
-181
559
-326
-340
-179
-205
-382
-189
209
-312
-337
-203
-292
185
-322
-232
-230
-214
-143
-299
-50
-114
-259
-257
-259
-256
-104
-192
-287
-324
-188
-316
-265
-156
-310
-238
-113
-231
-302
-338
-149
-173
-285
-142
-241
-284
-266
-260
22
-233
-82
-237
-133
-302
-3
-177
-95
32
-234
-316
-204
21
-191
-237
-184
265
-244
717
-238
-79
-318
-323
-302
-279
-309
-177
-210
-85
-471
-203
-278
-178
-398
-21
-258
-221
-226
-240
-253
-275
-184
-264
204
-217
-290
937
-223
-267
-185
-243
-144
-154
-267
50
-300
-58
310
-96
-234
-72
-77
-220
-237
-325
-314
-61
-682
-250
-211
27
-95
-217
-301
-298
-54
-244
-361
-269
-250
-333
-317
-176
-189
-638
-101
-246
-217
-405
-231
-90
-185
-262
-228
-298
-199
-258
-311
-357
-228
-315
-153
-223
-251
-283
-286
-243
-152
-191
-197
-109
-266
-318
-318
-264
-274
-207
-106
-368
222
-246
-152
-130
-278
-295
-176
-215
-283
-155
-270
-224
-246
-161
-200
-308
-302
-275
-212
-489
12
-144
-188
-200
-215
-137
-199
-154
-195
-325
-184
-172
-297
-312
-183
-156
-319
-455
-98
-47
-349
-364
-199
-172
-313
-120
-298
-115
-234
85
-79
-126
-17
-387
697
-335
-306
-316
88
-229
-277
-189
-251
-271
-223
-259
-162
-321
-402
-182
-139
-245
-274
-255
-196
-32
-390
-219
-179
-310
-150
-283
-235
-177
-187
-379
-170
-248
-138
-238
-197
514
-252
-206
-259
-66
-214
-260
-231
-231
-139
-196
-241
-213
839
-195
-243
-212
-219
-84
-139
-94
-156
-257
-233
-201
69
-339
116
-95
-241
-510
-296
-246
-160
-12
-383
-8
-186
-272
-280
-104
-242
-396
-397
-282
-158
-176
-5
-118
35
-184
-185
-136
-159
-30
-302
-154
-313
-394
-231
-215
-261
-153
-239
-153
-271
-245
-262
-234
-236
-178
-213
-305
-290
-138
-55
-402
-254
-209
-68
-173
696
-333
-55
-158
-286
-207
-149
-257
-326
-459
-247
-228
-128
-151
-294
-222
-638
-165
-120
-236
-87
-199
-184
-86
-256
-182
-359
-178
-185
-291
-319
-327
-255
-185
-291
-339
-226
-283
-237
-217
-318
-377
-283
-231
-128
-316
-293
-42
-51
-182
136
-246
-268
-273
-401
-160
-7
-322
-169
-122
-18
-194
-130
-2
-194
-124
-146
-324
-233
-29
-114
-231
-183
-213
-380
-257
-157
-242
-162
-320
-200
-254
-129
-403
-318
-209
-192
-290
-126
-293
-248
-288
-200
-197
-133
-202
-362
-178
89
-250
-389
-321
-544
-65
-190
-201
-166
-229
-284
-170
-215
-181
-194
-164
-125
24
-95
-532
-197
-238
258
-225
167
-127
-335
-286
-276
-256
-48
-220
-32
-193
-43
-459
71
-17
-194
-390
-256
-316
-504
-138
-364
-156
-214
-215
-80
-222
652
-344
-134
26
-239
-331
-275
-228
101
-124
-309
-237
-238
-423
206
175
-41
-188
-239
-235
-135
-206
-186
-307
-257
-243
-276
-350
-123
-218
-389
-131
-416
-177
-256
-334
-189
-286
-144
-148
-270
-239
-77
-264
-239
-213
-283
-292
-329
-127
-241
-237
-93
-331
-160
-244
-317
-68
-242
-48
-175
-253
-190
-237
-267
-160
-242
-337
-422
-311
57
-218
-181
-243
-217
-6
-274
-136
-264
-298
56
-239
-51
-288
-87
-144
-227
-194
-206
-121
-167
-196
80
-218
-369
-597
-227
-122
-206
-323
-296
-285
-120
-233
-219
-255
-364
-185
-158
-148
-295
-165
-279
-211
-250
-370
-161
-216
-100
-205
-211
-249
-59
-201
-254
113
-222
-236
-296
-324
-250
-193
-85
-171
-270
-185
-176
-246
-328
-609
-76
-58
-214
-303
-176
-252
-126
-158
-242
-432
-111
-182
-163
-301
-171
-136
-223
-262
-234
-102
-320
-140
-212
-152
-314
95
-211
-254
-249
84
-228
-102
-41
-332
-206
-163
-182
-483
-206
-148
-202
-244
-155
-362
236
-143
-336
-127
-74
-307
-207
-291
-163
-266
-184
-220
-336
-236
-138
-127
-85
-240
-209
-238
-305
144
958
-273
-176
-174
-234
-67
-218
-170
-42
-4
-248
-210
-145
-165
-70
-266
-180
-443
-194
-154
-177
-337
-171
-464
-272
-200
-236
-35
-213
-163
-225
-170
-289
-220
-58
-229
-237
-150
-323
-216
-29
-224
-547
-274
-352
-160
-338
-94
-390
-134
-341
-275
-312
-161
-4
-117
-446
-296
-188
-249
-308
-40
-264
-186
-225
-340
-367
95
-414
-38
-113
-170
-215
-165
-213
-215
-209
-182
-336
-296
-207
-80
-174
-363
-240
-306
-191
-24
-234
-241
-276
-157
-54
-38
-302
-151
-248
-281
-136
-196
-44
-255
-120
-208
-279
-284
-304
-160
-269
-138
-258
-326
-256
-240
-163
-328
-244
-293
-186
-182
-193
-106
-322
-66
-269
-244
-178
-213
-229
-109
-153
-176
-217
-177
-248
-189
-286
-305
-144
-288
-193
-69
-117
58
-118
-147
-267
-198
-258
-99
-227
-409
-278
-239
-352
-139
-153
-187
-109
1038
-97
-264
-325
-213
-228
-411
-192
-167
-232
-293
-295
-233
-326
-351
-263
-38
-125
-243
-365
-148
-230
-313
-2
-290
-240
-115
-92
-110
-291
-292
-92
-125
-295
-96
-354
-268
-196
-147
-368
-281
-252
-235
31
-399
-157
-173
-438
-256
-265
-256
-188
-82
-306
-319
-215
-72
-287
-55
-236
-63
-280
-244
-108
173
-161
-650
-155
-403
-129
-23
-206
-261
-193
-274
-320
-145
-163
-113
-269
-109
-19
-248
-245
-193
35
-54
-249
0
-390
-243
-149
-311
-269
-69
-281
-88
-210
-325
-180
-101
-4
-357
89
-283
-165
-192
-390
-245
-271
-136
-259
-172
-62
75
-55
-243
-152
-164
-284
-310
-266
-47
-186
-206
-322
-241
-143
307
-75
-6
-174
2
-50
91
-148
-273
-614
-190
-44
-272
79
-202
-129
-238
-230
-164
-243
-299
-107
-302
-308
-167
106
-162
-122
-173
-264
-65
-258
-77
-223
-226
-168
-287
-142
-226
-160
-111
-329
-288
-88
-203
-81
-154
-177
-191
-267
-196
-229
-193
-183
-350
-314
-144
-356
-254
-142
-304
-315
-241
-361
-138
-289
-127
-206
-328
-127
-210
-239
-446
-332
-192
-126
-209
-151
-221
-282
-330
-265
-299
-146
-316
-178
-41
-325
-55
-253
-187
-270
-156
-305
-261
-327
12
-408
-392
-104
-411
-316
-199
-238
-54
-157
-181
-199
50
-263
-291
-565
-177
-183
-208
-88
-369
-220
-348
-118
-334
-205
-282
-211
-206
-441
-97
-189
-206
48
-281
-378
-353
-98
-187
-253
-403
-294
2
-253
-148
-317
-376
-189
-140
-263
-234
80
-270
-50
-283
-273
-368
-329
-145
-296
-185
-228
-242
-29
-326
-303
-189
-292
-301
-640
-192
-294
-88
-242
-294
-244
-22
-250
-180
-227
46
-268
-166
-221
-217
-232
-194
-331
-473
-233
-316
-184
-194
-165
-201
-51
-78
-280
-270
-277
-123
-68
-120
-268
-408
-107
-361
-196
-178
-514
-220
-119
-210
-205
-32
-183
-3
-227
72
-265
-211
-321
30
-140
-237
-253
-296
-273
-28
-116
-209
-271
-178
-94
-272
-83
-33
-263
-115
-238
-207
-386
-205
-301
-100
-215
-311
-263
53
-159
-302
-228
-372
-232
-200
-224
-267
-361
-69
-189
220
-116
-354
-194
-323
-321
-291
-89
-389
-38
-250
-339
81
151
-234
-294
-178
-8
-356
-297
-403
13
-229
-183
-251
-263
-77
-340
-185
-118
-229
-176
-129
-322
-301
-216
-259
-169
-9
-262
-325
-284
-231
-132
-246
-121
-143
57
-74
-271
-297
-287
-350
-251
-103
-101
-513
-249
-382
-331
-260
-407
-219
-70
-396
-203
-92
-233
-209
-156
-104
-66
-189
-67
-183
-417
-112
-314
-13
-372
106
-233
-254
-261
-6
-198
-281
-186
-233
-153
-110
-62
-265
-256
-109
-268
-107
-231
-489
-165
-27
-358
-133
-290
-84
-303
-347
-245
-370
49
-320
-181
-167
-299
11
-161
-36
-319
-156
-306
-301
-221
-68
-165
-300
-315
-192
-208
-168
-171
-44
-431
-235
-226
-194
-292
-128
-239
730
-192
-333
-286
-104
-168
-214
-119
-143
-278
-273
-171
-192
-232
60
-66
-88
-34
-183
-198
-520
-135
-75
-74
-407
-552
-208
-201
-226
-345
-239
-186
-537
705
-213
-171
-160
-163
-278
-408
-321
-319
-266
-178
-281
-253
673
-320
-173
-283
-204
-361
-180
-189
-211
-340
-167
-195
150
-241
-218
-169
-299
-366
-326
51
-329
-223
-56
-331
-310
-247
-195
-173
-343
-233
-273
-410
95
-249
-153
-168
-128
-382
-55
-243
-141
-406
-157
-264
-358
-309
-216
-251
-251
-495
-216
-292
-240
-242
-256
-137
-377
-111
-167
-195
-77
-274
-227
-102
-165
-247
-104
-189
-196
-169
-81
-341
-358
62
-233
-281
-167
-221
-233
-191
-191
-213
-349
-21
-478
-281
-118
-346
-167
-272
-138
-322
-220
-475
-426
-198
-188
-608
-217
-305
-181
-155
-52
-112
-251
-244
-327
-390
-189
-381
-91
-201
-233
24
-198
-176
-455
-81
-232
176
-266
-219
-53
-351
-188
-229
-312
-372
-593
-270
-194
-119
-364
-242
-178
-230
-173
-246
-120
-446
-188
-139
-155
-90
-221
-230
-203
-286
-301
-252
-301
-132
-38
-348
-307
-268
-375
-471
-307
-114
-202
-242
-259
103
-272
-218
-225
-97
-209
-96
-141
-452
-201
-241
-297
-256
-91
-197
-187
-288
-297
-318
-264
-183
-279
-99
-231
-190
-247
-472
-308
-237
-45
-361
-199
-144
11
-86
-155
-176
-121
-284
-223
