3547
3544
3343
3368
3404
3488
3416
3542
3564
3462
3376
3361
3305
3268
3584
3333
3323
3401
3501
3450
3518
3334
3493
3370
3391
3350
3226
3452
3231
3476
3545
3358
3374
3473
3571
3539
3459
3526
3366
3261
3575
3451
3528
3415
3564
3404
3498
3642
3606
3529
3487
3498
3333
3181
3270
3313
3475
3155
3593
3314
3496
3343
3033
3352
3496
3395
3463
3425
3413
3440
3557
3525
3493
3287
3519
3184
3456
3095
3297
3357
3600
3632
3479
3455
3243
3367
3395
3512
3513
3523
3351
3446
2399
3357
3301
3351
3021
3288
3542
3537
3580
3572
3494
3400
3372
3025
3435
3520
3391
3325
3362
3460
3316
3414
3533
3400
3463
3576
3512
3292
3378
3216
3384
3405
3069
3236
3405
3189
3449
3385
3619
3390
3093
3346
3472
3529
3470
3288
3445
3171
3545
3531
3509
3556
3371
2744
3537
3372
3366
3235
3450
3354
3121
3504
3557
3392
3506
3324
3519
3110
3473
3568
3464
3547
3457
3503
3508
3337
2996
3500
3560
3451
3248
3454
3533
3140
3328
3406
3316
3410
3370
3533
3473
3515
3548
3456
3525
3347
3485
3438
3588
3274
3273
3434
3401
3457
3595
3240
3349
3277
3449
3478
3040
3399
3449
3319
3510
3318
3486
3331
3374
3585
3335
3372
3522
3196
3194
3507
3238
3431
3494
3343
3495
3347
3406
2819
3275
3363
3564
3464
3327
3565
3399
3550
3566
3425
3363
3305
3508
3238
3410
3605
3524
3404
3406
3214
3352
3345
3276
3086
3406
3291
3426
3589
3519
3335
3099
3361
3454
3396
3620
3521
3651
3508
3422
3125
3500
3377
3495
3562
3473
3482
3406
3485
3627
3607
3168
3479
3394
3438
3138
3515
3565
3237
3449
3402
3442
3524
3488
3534
3275
3303
3440
3388
3377
3168
3204
3231
3434
3451
3529
3417
3520
3505
3234
3472
3322
3476
3080
3414
3379
3148
3278
3432
3556
3402
3539
3508
3374
3072
3388
3311
3212
3388
3496
3567
3404
3510
3572
3465
3292
3178
3517
3486
3434
3460
3431
3533
3516
3472
3317
3684
3304
3575
3346
3141
3567
3466
3420
3457
3376
3629
3541
3235
3533
3486
3394
3359
3457
3373
3492
3390
3317
3346
3445
3526
3254
3524
3469
3351
3486
3462
3598
3461
3432
3515
3502
3480
3382
3565
3482
1532
3480
3431
3431
3454
3288
3528
3503
3511
3301
3398
3406
3319
3556
3639
3413
3203
3430
3492
3482
3253
3234
3511
3224
3318
3519
3446
3369
3538
3418
3405
3495
3610
3468
3295
3375
3504
3420
3248
3438
3086
3531
3375
3409
3396
3464
3341
3425
3100
3519
3265
3324
3202
3508
3608
3383
3465
3469
3497
3388
3554
3292
3101
3500
3460
3383
3461
3438
3248
3543
3510
3553
3456
3604
3544
3467
3522
3345
3408
3450
3051
3608
3493
3466
3268
3268
3372
3398
3489
3528
3335
3516
3636
3340
3428
3344
3476
3402
3254
3489
3335
3106
3444
3375
3454
3387
3504
3351
3490
3416
3408
3364
3524
3549
3437
3242
3341
3507
3378
3335
3466
3406
3250
3310
3561
3337
3500
3529
3586
3215
3398
3485
3595
3422
3135
3554
3166
3437
3453
3497
3149
3471
3480
3434
3526
3423
3451
3481
3219
3447
3310
3631
3475
3482
3329
3473
3480
3267
3747
3331
3272
3526
3369
3567
3242
3428
3485
3267
3396
3546
3243
3380
3494
3508
3510
3489
3269
3569
3557
3604
3471
3475
3555
3293
3500
3290
3521
3493
3572
3493
3555
3494
3140
3301
3400
3625
3192
3507
3462
3342
3506
3501
3359
3494
3553
3054
3606
3417
3591
3563
3576
3573
3499
3306
3381
3519
3491
3508
3362
3392
3517
3578
3491
3517
3337
3553
3373
3373
3508
3563
3247
3530
3228
3077
3466
3292
3560
3516
3295
3187
3485
3604
3495
3461
3489
3480
3364
3461
3505
3405
3242
3388
3230
3529
3366
3581
3564
3245
3562
3342
3292
3513
3253
3525
3426
3411
3531
3408
3387
3569
3419
3352
3314
3166
3338
3290
3549
3476
3429
3433
3529
3458
3518
3519
3386
3493
3363
3397
3402
3036
3545
3458
3239
3473
3443
3322
3411
3567
3481
3559
3502
3315
3471
3519
3440
3274
3591
3486
3536
3500
3520
3418
3543
3526
3439
3418
3336
3389
3196
3586
3461
3371
3531
3421
3310
3321
3351
3448
3625
3390
3506
3358
3439
3360
3472
3451
3521
3608
3469
3233
3507
3557
3514
3423
3530
3378
3454
3452
3427
3469
3425
3581
3737
3107
3446
3513
3293
3570
3301
3531
3407
3574
3442
3394
3460
3415
3461
3456
3547
3570
3500
3429
3459
3396
3327
3282
3476
3480
3333
3455
3416
3493
3405
3457
3271
3399
3546
