-237
-310
-162
26
-196
-220
-213
-183
-320
-188
-245
-274
-44
176
-268
-225
-230
-215
-250
-120
-198
148
-331
-250
-185
-299
-220
-151
-243
-450
-115
-182
-93
-320
-174
-252
-165
-252
-179
-206
-275
-155
-359
-256
-223
-204
-165
-94
-269
-87
-233
-306
-70
-299
-240
-173
-162
-308
-214
-229
-231
-27
-185
-188
-264
-352
-254
-289
-128
-284
-32
-40
-268
-260
-305
-171
-292
-64
-297
-37
-171
-229
-226
-187
-171
-437
-227
-328
-217
-189
61
-245
-158
-256
36
-314
-258
-194
-231
-40
-258
-244
-70
16
-185
-262
-215
-283
-222
-141
4
-303
-123
-205
-47
-225
-160
-215
-321
-281
-73
333
-167
-213
-236
-243
-189
-122
-246
-195
-265
-184
-331
-196
-140
-65
-129
-175
-157
-197
-212
-184
-131
38
-213
-237
-50
-177
-98
-150
-393
-267
-269
-172
-268
-262
-175
-224
-298
-253
-149
192
-207
-245
-303
-164
-59
-192
-156
-16
-241
-79
-246
-256
-59
-193
-223
-158
-263
-280
4
-256
-229
-276
-176
-233
-125
-93
-279
-248
-136
50
-322
-229
-79
-246
-292
-247
28
-325
-273
-261
-67
-188
-87
158
-223
-35
-248
-186
-200
-180
-327
-213
-74
-60
-50
-288
-224
-232
-203
-73
-234
-279
-129
-174
2
-319
-91
-241
-111
-215
-201
-322
-258
-85
-166
-254
-216
-245
-173
-248
-161
-193
-322
177
-209
-223
-55
-174
-174
-68
-243
-188
-408
-374
-317
-75
-185
-207
-337
-178
-327
-166
-199
-96
-240
-224
-205
-192
-201
-263
-265
-153
-355
-387
-241
-282
-249
-290
-88
-221
-269
-268
-104
-272
-274
-202
-307
-283
-249
-167
-256
-128
-230
-183
-85
-293
-351
-311
-253
-184
-256
-217
-476
4
44
-132
-251
-70
129
-182
-337
-177
-263
-197
-254
-140
-299
-180
-249
-161
-269
-251
-92
-135
-248
-285
-289
-245
-212
-245
-295
-182
-178
-158
-277
-267
-241
-150
-181
-51
-174
-260
-173
-87
-205
-135
-257
-203
-230
-315
-298
-239
-97
-282
-92
-228
-22
-227
-46
-93
-84
-131
-212
-96
-228
-84
-196
-170
-197
-220
-169
-239
-202
-13
-238
-293
304
-196
-543
-131
-237
-263
-273
-256
-202
-391
-203
-201
-50
-208
-121
-247
-287
-270
-416
-287
-97
-83
-424
-123
-202
-42
-280
-219
-299
-174
-214
-225
-184
-251
-339
-139
-207
-304
-274
-161
-193
-45
-214
-212
-168
-125
-268
-205
-179
-194
-390
-121
-91
-295
-196
-228
-197
-191
-276
-229
-196
-368
-214
-216
-260
-222
-240
-208
-341
-192
-140
-277
-270
-210
-278
-121
-275
-252
-215
-248
-250
-282
-195
-189
-230
-192
-157
-296
-213
-182
-253
-362
-442
-105
-228
-268
-218
-100
-292
-296
-139
-153
-223
-96
-282
15
-110
-242
-238
-188
18
-249
-241
-291
-273
-279
-220
-226
-47
-547
-85
-180
-288
-244
-197
-289
-256
-290
-122
-308
-60
-258
-84
-191
-247
-202
-285
59
-373
-252
-42
-162
-167
-319
-128
-150
-305
-144
-285
-221
-231
-342
-129
-201
-78
-284
-241
-106
-264
-241
-107
-214
-230
-254
-230
-114
-207
-190
-228
-231
-298
-48
-210
-263
18
-265
-219
-279
-197
-229
-365
-188
-208
-180
-85
-204
-237
48
-191
-255
-263
82
-200
-263
-292
-143
-35
-115
-227
-266
-266
160
-122
-286
-250
-205
-163
-155
-217
-209
-206
-230
-304
-34
-303
-234
-114
-293
-203
-234
-76
-230
-24
-253
109
-330
-244
-246
-287
-176
-245
-89
-229
-226
-222
-223
-225
-264
-243
38
-97
-262
-310
-294
-266
-107
-291
-298
-173
-302
-465
-205
-235
-262
-227
-412
-246
-196
-272
-212
-48
-225
-287
-287
-382
-194
-282
-51
-287
-218
-138
-159
-262
-168
76
-275
-232
-245
-165
-273
-345
-232
-331
-146
-132
-228
-42
-111
-109
-351
-160
-178
-115
-262
-206
-234
-279
-263
-216
-286
-241
-304
-193
-281
-270
-217
-210
-238
-181
-193
-276
-211
-60
-263
-267
-179
-178
-154
-244
-51
-205
-297
-295
-272
-234
-235
-271
-116
-210
-205
-84
-207
-237
-325
-141
-262
-283
-20
-35
-224
-220
-212
-361
-270
-236
-301
-179
-126
-224
-231
-140
-249
-307
-274
-86
-207
-227
55
-57
-268
-184
-236
-149
-219
-289
-384
-213
-233
-237
-189
-246
-195
-187
-118
-196
-374
-93
-153
-264
-301
-210
-294
-300
-194
-290
-112
-362
-324
-296
-305
-14
-249
-4
-122
-199
-190
-302
-218
-174
-348
-228
-204
-102
-247
-211
-96
-298
-279
-278
-340
-91
-201
-184
-200
-226
-230
-268
-112
-237
-348
-329
-137
-235
-122
-123
-78
-342
-230
-18
-286
-236
-261
-299
-202
-189
-250
-229
-243
-180
-75
-220
-386
-159
-33
-260
85
-172
-234
-298
-153
-208
-80
-232
-292
-220
-227
-204
-307
-290
-230
-575
-151
-302
-265
-242
-208
-465
-261
-165
-292
-181
-266
-245
-178
-144
-279
-187
-161
-187
-56
-265
-211
-4
-228
-250
-47
-235
-288
-134
64
-248
-296
-312
-245
-219
-200
-179
-277
-274
-238
-256
-282
-320
-268
-217
-365
-259
-290
-83
-269
-177
114
-98
-249
-165
186
-106
-275
-203
-262
-263
-229
-138
-212
-230
-221
-233
-224
-124
-94
-138
-169
-188
-255
-302
114
-220
6
-201
-220
-228
-193
-225
-315
65
-237
-157
-125
-223
-203
-269
-59
-227
-255
-28
-181
-317
-229
-138
182
-229
-195
-149
-125
-171
-137
-155
-204
-234
-210
-229
-122
-411
-147
-221
-189
-381
-204
-264
-50
-309
-144
-83
-269
-175
-95
-192
-47
-27
-198
-275
-232
-264
-389
-241
-249
-190
-61
-161
-310
-148
-297
-195
-245
-72
-170
-238
-225
-106
-118
-130
-229
-196
-225
30
-270
-202
-103
-4
-258
-238
-283
-163
-80
-289
-392
-134
-71
-122
-275
48
-170
-242
144
-270
-51
-249
-364
-187
-206
-269
-273
-431
-257
-333
-199
-49
-137
-239
-219
-271
-237
-228
-168
-1
-159
-358
-84
-282
-260
-186
-318
-405
-202
-150
92
-259
-96
-164
-296
-249
-202
-361
-95
-37
-113
-133
-103
-278
-320
-210
-268
-210
-383
-131
-254
-193
-247
-202
-207
-272
-253
-366
-306
-213
10
-8
-247
88
-290
-305
-267
-286
-141
-235
-171
-251
-103
-262
-192
-155
-84
-277
-432
-310
-222
-296
-252
-225
-218
-217
-262
-216
-285
-22
-32
-238
-162
-265
-187
-233
-55
-234
-201
-292
-268
-244
-321
207
139
-40
-267
-135
-211
-258
-273
-239
-79
289
-209
-159
-125
-245
1215
-256
-156
-240
-210
93
-285
-251
-218
-253
-224
-263
-207
-290
-62
-217
-196
-262
-325
-206
-92
130
-255
-252
-190
-192
-327
-4
-241
-122
-254
-250
-183
-251
-263
-152
-224
-201
-292
-211
-295
-351
-104
-241
-226
-55
-137
-314
-182
-198
-180
-55
-182
-479
-269
-260
-232
-207
-254
-118
-154
-144
-249
196
-170
-72
-220
-307
-202
-257
-283
-90
-343
-280
-329
-104
-190
-264
-292
-184
-218
-246
-221
-78
-244
-314
-190
-247
-221
-110
-203
-141
-225
-191
-210
-168
-165
-175
-331
-251
-53
-143
-137
14
-241
-97
-172
162
-206
-323
-200
13
-158
-271
-183
176
-257
-280
-17
-233
-104
-289
-182
-420
-78
-201
-224
-169
-152
-266
-151
-252
-207
-123
-229
-352
-193
-286
-187
-261
-78
-204
-237
-274
-202
-123
-257
-340
-229
-147
-235
-283
-234
-254
-146
-25
-364
-37
-305
-252
142
-161
-335
-127
-225
-180
-234
71
-201
-174
-177
-157
-283
-155
-224
-121
-191
-225
-79
-180
-19
-143
39
-300
-196
-240
-67
-366
-287
-237
-74
-98
-186
-224
30
-224
-252
-66
-302
-195
-173
-328
-286
-198
163
-271
-264
-190
-112
-28
-165
-86
-186
-238
-188
-238
-136
-167
-142
-167
-253
-297
-231
-201
-109
-237
-474
-176
-224
-252
-288
-207
-241
-360
-75
-249
-157
-279
-227
-218
165
-217
189
-289
-293
-207
-73
-580
-225
-282
-233
-164
-243
-237
-72
-230
-129
-267
-397
-276
-131
-204
-151
-106
-254
-193
95
-242
-283
-124
-256
-114
-232
-192
-320
-427
-235
-135
-252
-281
-227
-173
-224
-185
-635
-312
6
-265
-72
-116
-243
-260
-221
-181
-163
-233
-280
-216
-240
-305
-271
-202
-205
-237
-207
-254
-293
-297
-183
-318
-322
-204
-350
-264
-209
-203
45
-77
-278
-196
-176
-232
-193
-129
-226
-209
-215
-306
-265
-217
-252
-186
-162
26
-152
-21
-214
-285
-138
-268
-297
-219
-292
-359
-334
-253
-178
-208
33
-129
-147
-300
-451
-143
-226
-268
-181
-231
-224
-209
-64
-201
-94
-183
-200
-229
-274
-164
-275
-183
-274
-317
-311
-105
-262
-25
-237
-240
-325
-49
-243
-174
-293
-45
-30
-183
-335
-187
-273
62
-237
-340
-166
-150
-187
-281
-292
-185
-337
-99
1
-118
-163
-361
-337
-235
-165
-158
-49
-196
-258
-113
-161
-276
-165
-125
-33
-227
-156
-216
453
-344
-154
-204
-234
-205
-217
45
-232
-183
-201
-165
-251
-243
-285
-209
-238
-71
-214
-54
-210
-236
-150
-199
-96
-33
-256
-295
-186
-237
-162
-195
-280
-259
-70
-133
-154
-125
-214
-106
-353
-251
-215
-191
-234
-346
-217
-207
-151
-77
-219
-203
-255
-247
-164
-113
-288
-258
43
-323
-276
-177
-112
-46
-236
-293
-273
-104
-212
-228
-247
15
-221
-102
-129
-269
-5
-263
42
-291
-277
-95
-193
-317
-267
-259
-312
-360
-318
-174
-243
-212
-337
-237
-326
-196
-73
-261
-244
-289
-176
-107
-278
-211
-192
-96
187
-112
-228
-108
-181
-181
-183
-118
-225
-166
-273
-353
-187
-272
-142
-237
-254
-231
-212
-75
-310
-266
-333
-206
-305
-141
-447
-213
-297
1056
-233
35
169
-376
-143
-249
-797
153
-203
-227
-112
-187
-149
-137
-248
-94
-178
48
-197
-312
-51
-101
-236
-201
-220
-101
-141
-296
-125
-216
-143
-228
-325
-206
-244
-198
-234
-285
-49
-213
-154
20
-302
-339
-207
-229
-237
-253
-144
-148
-243
-268
-197
-251
-53
-223
-283
-164
-205
-176
-400
-300
-216
-291
-163
-299
-190
-375
-264
-65
-232
-383
-204
-5
-237
-241
-75
-270
-274
-312
-259
-173
-71
-270
-256
-289
-192
-76
-277
-152
-239
-220
-87
-321
-255
-95
-100
-309
-178
-134
-279
-250
-252
-297
-256
-130
202
-205
-254
282
-282
-264
-202
-306
-195
-286
-239
-208
-257
-241
-266
-219
-262
-249
-155
-127
-289
36
-231
-235
-124
-149
-35
-133
-206
-168
-248
-239
-268
-55
-234
-305
-6
-343
-274
-149
-224
-196
81
-366
-233
-318
-231
-194
-328
-278
-211
-384
-268
-205
-36
-288
-242
-203
-199
-45
-240
-134
-328
396
-108
-49
52
-210
-185
-285
-317
-249
9
-210
-106
-156
-269
-293
-235
-281
-39
-214
-204
-220
-120
-168
-269
-206
-310
-16
-283
-136
-273
-187
-181
-129
-167
-192
-235
-199
-191
-255
-169
-271
-348
-469
-237
-294
-300
-243
-221
-172
-161
-135
-196
-169
-207
-161
-246
-173
-98
-296
-249
-178
-276
-198
-320
-271
-179
-303
-15
-361
-180
287
-209
-248
-195
-252
75
-243
-139
-260
-189
-156
-251
-244
-315
-232
-229
-261
-156
-224
85
-271
-242
-151
-258
-267
-236
-185
-205
-187
-183
-304
-420
-140
-53
-208
-317
-351
-222
-281
-223
-252
-317
-348
-226
-128
-256
-223
-142
-252
-261
-533
-253
71
-66
-236
-264
-197
-225
-85
-375
-232
-323
-216
-298
-243
-162
-183
59
-25
-279
-231
-345
4
-310
-345
-317
-214
187
-76
-313
-41
-11
-172
-85
-136
-219
-160
-158
-311
-208
-188
-133
-212
-187
-207
-223
-236
-306
-168
-282
-260
-244
-263
-406
134
-377
-158
-158
-188
-106
-262
-247
-398
-276
-167
-171
-633
-228
-131
-174
-235
-16
183
-173
-215
-279
-46
-292
-33
-322
-203
-188
-250
-185
-96
-179
-315
-220
-283
-377
-195
-383
-336
-231
-97
-194
-304
-369
-311
-320
-223
-246
-226
5
-266
-335
-255
-256
-328
-85
-222
-244
-252
-485
-231
-260
-291
-218
-186
-240
-324
-275
-82
-229
-147
-328
-270
-326
-90
-202
-19
-204
-241
-194
-128
-134
-161
-251
-253
-228
-299
-269
-215
-159
-267
-277
-339
-317
-153
-193
-130
-281
-56
-192
-152
-279
-141
-164
-160
-283
-102
-160
103
-212
-134
-387
-50
-269
-285
-183
-193
-274
-226
-199
-211
-198
-314
-240
-203
-208
-259
-211
-312
-247
134
-201
-246
-116
-261
-300
-284
-115
-30
153
-308
-199
-231
-55
-177
-238
-257
-240
-229
-149
-304
-288
-35
-291
-338
-259
-695
-69
-139
-232
-336
-268
-217
-712
-122
-82
-302
-69
-128
-232
-196
-189
-223
-287
-262
-79
-220
-233
-217
-335
-264
-63
-284
-232
-193
-281
-252
104
-247
-227
-66
-213
-164
-178
-226
-113
-261
-196
-213
-256
-143
69
-281
-421
-48
-208
-71
-171
-390
-171
-266
1
-189
-156
-109
-128
-231
-379
-236
-148
255
-246
-89
-108
-12
-162
-61
59
-251
-232
-236
-243
-550
-208
-136
79
-284
166
-308
-245
-152
-235
-242
-451
-159
-140
-294
-243
-162
122
-5
-111
-202
-288
-236
-158
-275
-332
-236
-244
-25
-226
-168
-60
-337
-280
-15
-266
-354
-58
-63
-174
-162
-175
-284
-65
-297
-184
-168
31
-342
-275
-205
-194
-8
-154
-154
-205
-17
-224
-284
-167
-256
-160
-209
-238
-273
-193
-143
-192
-304
-287
-260
-48
-209
-111
-132
-296
-142
-183
-223
-160
-264
-155
-174
-244
-124
-58
-78
-267
-238
-37
-207
-268
-162
-246
-362
-262
-211
-267
-147
-310
-286
-218
-342
-72
-185
-185
-321
-295
62
-257
-264
-213
-190
-36
-198
-199
-296
-83
-345
-167
-168
-249
-286
-283
-182
-256
-99
-218
-128
-72
-18
-173
10
-90
-228
-217
-220
-239
-256
-282
-206
-136
-179
-215
-129
-252
-130
-271
-137
229
-222
-212
-102
-213
-236
-272
-207
-297
-458
-246
-65
-214
-57
-210
-216
-249
-191
-220
-301
-202
-278
-38
-144
-125
-257
-200
-226
-70
-185
-60
-162
-255
-130
-423
-240
-137
-315
-133
-249
-41
-275
-174
-363
-204
-251
-107
12
-119
-149
-251
-138
-272
-265
-211
-300
-133
-320
-196
-199
-286
-72
-198
-220
-220
-123
-184
-126
-125
-225
-184
-188
-333
-290
-171
-252
-315
-237
-191
-135
275
146
-313
-204
-284
-198
-264
-251
-376
178
-219
-312
-190
-143
-306
-53
-43
-72
-80
-171
-219
-68
-246
-216
-121
42
-191
-183
-183
-244
-118
45
1
-90
-283
-228
-224
-277
-199
-173
-142
-262
-481
-229
79
-332
-324
177
-188
-252
-132
-41
-171
-212
-257
-128
-262
-172
-35
-64
-139
-314
-299
-179
-130
-135
-190
-296
-148
-200
-234
-296
-311
-130
-196
-263
-221
-521
-89
-113
-357
-221
-164
-304
-257
-280
-154
-68
-150
-537
-307
-251
-246
-309
-135
-275
-18
-223
43
-186
-310
-219
-157
-227
-318
-231
-175
-142
-152
-204
-227
-254
45
-28
-329
-330
-273
-249
-231
-394
-250
-108
-254
-218
-228
-250
-170
-108
-161
-306
-269
-151
-260
-261
-206
-246
-126
-218
-183
-269
-271
-256
-279
-216
-271
-327
-241
-326
-103
-294
-238
-247
-298
-66
-149
-15
-242
-125
-268
-19
150
-263
-89
-353
-325
-234
-296
-84
-58
-177
-211
-282
-301
-210
-290
-316
-51
-205
-258
-31
-270
-195
-281
-285
-266
-246
-226
-366
-184
-203
-141
-298
-268
-23
-301
-258
-252
-244
-117
-280
-237
187
-207
-326
-92
-253
-300
-297
-137
-220
-131
-244
-190
-336
-166
-261
-178
-239
-279
-348
-378
-63
-257
-209
-189
177
171
-211
-216
-219
-155
-229
-242
-166
-254
-3
-208
-277
-190
-202
-93
-210
-231
-251
-181
-270
-101
-356
-285
-281
-243
-200
-254
-150
-27
-267
-263
-205
-266
-171
-242
-140
-60
-329
-132
-158
-172
-297
-319
-280
-101
-235
-175
-322
-286
-254
-107
-3
-122
-141
-255
-278
72
-282
-253
-278
-298
-218
-250
56
-292
195
-7
-119
-254
-378
-145
-201
14
87
-314
-194
-278
-277
-261
-198
29
-287
-259
-292
-50
129
-5
-169
-336
-337
-319
-181
-244
-256
-177
-259
-271
-2
-179
-353
20
-242
-94
-144
118
-172
-315
-208
-244
-218
-281
-48
-230
-297
-470
-247
-255
-326
-133
-171
-138
-223
-205
-134
-206
-211
-289
-167
-195
-204
-146
-460
-136
-119
-278
-171
-284
-248
-91
-58
-178
-225
-84
-295
-141
-138
-187
-298
-247
-183
-151
-331
-188
-298
-387
-281
-181
-225
-277
-210
-425
-246
-172
-241
-253
-342
-370
-228
-218
-176
-268
-253
-277
-378
-180
-136
-155
-225
-257
-163
-163
-263
-229
-72
-294
-255
-292
-226
-318
-144
-240
-516
-183
-165
-185
-142
-311
-243
-118
-242
-243
-127
-160
-311
-217
-77
-61
-188
-218
-55
-171
-93
-160
-92
-302
-76
-80
-293
-233
-115
6
-290
-83
-309
5
-188
-207
-310
-127
-166
-222
-258
-160
-175
-377
-307
-409
-231
-276
-282
-311
-65
-235
-90
-181
-261
-179
-387
-423
19
-258
-340
-102
-187
-201
-321
158
-245
-242
-320
-228
-231
-274
-275
-208
-143
-142
-264
-505
-134
-225
-37
14
-130
-244
-282
-130
-53
-312
-197
-107
-306
-147
-228
-162
-302
-98
-178
-110
-211
-227
-230
-250
-144
-262
-237
-266
-244
-293
-435
-176
122
-160
-370
-242
-73
-248
-225
-266
-288
-237
-51
-170
-557
-124
-349
-312
-234
-209
-206
-202
-117
-190
-239
-226
122
-99
-57
-275
536
-235
-125
-249
-285
-207
-259
-376
-113
-225
-266
-115
-243
-719
-231
-305
-79
-286
-471
-190
-209
-168
-228
-224
-317
-157
