3485
3382
3253
3138
3649
3389
3459
3524
3407
3406
3121
3104
3195
3269
3337
3412
3326
3139
3672
3303
3477
3205
3323
3447
3143
3398
3154
3451
3252
3243
3570
3154
3395
3456
3428
3299
3477
3304
3571
3286
3355
3518
3521
3502
3224
3129
3380
3404
3441
3456
3454
3369
3450
3175
3276
3278
3232
3203
3240
3174
3380
3202
3036
3318
3350
3340
3347
3425
3403
3409
3395
3494
3319
3211
3446
3140
3283
3224
3156
3207
3276
3503
3531
3251
3038
3213
3359
3279
3358
3492
3292
3256
3184
3223
3387
3221
3246
3183
3313
3602
3564
3562
3411
3341
3176
3032
3223
3534
3295
3300
3329
3237
3208
3308
3245
3141
3260
3346
3348
3266
3267
3019
3237
6444
3048
3318
3351
3170
3372
3186
3351
3151
3120
3250
3190
3445
3302
3234
3316
2961
3457
3507
3420
3793
3256
3076
3358
3364
3356
3300
3224
3346
3164
3412
3336
3224
3242
3229
3409
3155
3365
3466
3216
3538
3407
3452
3450
3356
3273
3397
3215
3373
3202
3266
3563
3170
3105
3239
3133
3268
4687
3532
3268
3444
3578
3349
3684
3314
3430
3272
3391
3450
3532
3260
3473
3492
3416
3185
3384
3122
3357
3296
3056
3100
3187
3613
3220
3136
3348
3160
3136
3363
3260
3469
3270
3112
3198
3577
3260
3241
3358
3426
3430
3106
3260
4959
3350
3261
3409
3614
3367
3432
3417
3337
3397
3270
3345
3263
3332
3228
3087
3403
3373
3307
3192
3061
3273
3348
3192
3114
3426
3636
3239
3269
3478
3251
3058
3385
3138
3245
3552
3261
3375
3241
3283
3337
3336
3243
3262
3463
3290
3309
3264
3167
3369
3436
3014
3225
3158
3375
3176
3542
3435
3092
3413
3119
3530
3604
3216
3346
3218
3416
3445
3456
3419
3143
3131
3251
3402
3299
3579
3419
3402
3247
3711
3345
3220
3459
2481
3240
3309
3184
3401
3189
3406
3080
3409
3216
3299
2987
3235
3462
3210
3518
3313
3302
3090
3420
3223
3270
3134
3016
3196
3626
3497
3255
3302
3431
3498
3228
3173
3854
3145
3245
3108
3110
3515
3543
3287
3775
3289
3421
3567
3015
3347
3394
3285
3185
3242
3236
3348
3249
3233
3183
3299
3589
3194
3260
3477
3077
3417
3200
3557
3327
3799
3507
3392
3327
3280
3565
3400
10341
3361
3542
3496
3358
3360
3420
3319
3325
3274
3247
3292
3242
3353
3360
3313
3266
3500
3344
3215
3149
3232
3230
3090
3161
3288
3288
3413
3426
3277
3330
3461
3311
3238
3196
3204
3309
3275
3278
3324
3036
3428
3378
3228
3250
3169
3168
3256
3273
3380
3400
3242
3156
3337
3631
3260
3179
3269
3385
3353
3438
3305
3035
3282
3738
3682
3351
3337
3220
3310
3428
3679
3264
3594
3390
3108
3328
3489
3437
3345
3200
3283
3483
3579
3175
3331
3551
3072
3163
3721
3079
3459
3406
3134
3288
3155
3666
3341
3331
3369
3219
3049
3337
3360
3288
3323
3602
3138
3237
3418
3365
3305
3707
3354
3201
3229
3082
3690
3325
3471
3433
3234
3337
3170
3486
3241
3291
3403
3393
3220
3127
3256
3338
3257
3469
3394
2998
3489
3215
3480
3164
3480
3247
3234
3318
4207
3215
3473
3060
3251
3173
3391
3273
3511
3294
3284
3266
3097
3790
3275
3219
3421
3380
3456
3426
3262
3149
3360
3271
3412
3239
3406
3441
3408
3335
3280
3332
3452
3249
3377
3161
3222
3576
3310
3446
3165
3509
3177
3475
3161
3302
3348
3055
3321
3223
3266
3180
3654
3393
3246
3460
3452
3212
3381
3398
3719
3502
3338
3469
3469
3299
3550
3225
3117
3317
3284
3290
3364
3366
3111
3538
3458
3369
3484
3217
3633
3173
3397
3232
3219
3230
3378
3088
3059
3238
3249
3549
3282
3443
3366
3330
3426
3243
3365
3319
3399
3302
3141
3479
3356
3109
3363
3438
3225
3241
3476
3394
3110
3371
3315
3339
3239
3240
3393
3582
3276
3495
3199
3411
3604
3288
3342
3230
3091
3221
3362
3334
3293
3299
3459
3514
3523
3607
3295
3216
3477
3412
3339
3246
3345
3359
3338
3299
3400
3415
3298
3279
3359
3627
3431
3621
3292
3372
3393
3403
3212
3360
3600
3366
3204
3232
3197
3474
3324
3318
3376
3149
3169
3204
3736
3357
3099
3188
3428
3229
3332
3299
3449
3386
3116
3228
3434
3250
3087
3526
3445
3222
3363
3284
5094
3344
3489
3239
3382
3499
3222
3372
3305
3360
3254
3297
3358
3887
3332
3197
3488
3304
3443
3160
3240
3376
3475
3370
3198
3384
3260
3385
3391
3384
3535
3369
3249
3350
3337
3275
3593
3416
3396
3159
3334
3173
3252
3362
3329
3128
3253
3506
