3485
3288
3502
3347
3463
3368
3501
3488
3467
3535
3377
3527
3452
3323
3390
3718
3537
3429
3370
3520
3430
3444
3389
3409
3399
3465
3486
3294
3466
3417
3610
3289
3446
3508
3489
3433
3562
3388
3371
3408
3428
3420
3362
3581
3433
3449
4607
3489
3325
3395
3669
3459
3521
3511
3477
3527
3349
3471
3305
3408
3448
3540
3415
3525
3539
3611
3430
3349
3655
3635
3357
3396
3457
3466
3390
3606
3517
3538
3393
3451
3422
3398
3532
3447
3354
3371
3433
3357
3326
3686
3585
3420
3518
3457
3472
3487
3503
3556
3548
3573
3410
3559
3395
3487
3533
3374
3345
3422
3444
3951
3571
3446
3363
3347
3373
3357
3487
3383
3451
3342
3516
3681
3373
5294
3395
3399
3553
3472
3436
3470
3465
3309
3281
3494
3463
3601
3494
3469
3556
3435
3432
3397
4218
3812
3598
3397
3491
3675
3465
3445
3412
3574
3571
3466
3307
3438
3521
3411
3368
3269
3413
3395
3343
3439
3550
3497
3454
3650
3512
3534
3345
3522
3399
3459
3479
3441
3457
3463
3381
3539
4846
3491
3385
3471
3480
3408
3554
3453
3377
3453
3529
3499
3485
3529
3447
3535
3496
3526
3544
3409
3523
3292
3425
3502
3535
5295
3309
3360
3516
3602
3403
3366
3468
3581
3448
3428
3454
3425
3386
3439
3527
3448
3379
3467
3378
4500
3392
3510
3382
4490
3539
3475
3529
3455
3462
3527
3395
3333
3534
3499
3430
3445
3470
3741
3537
3360
3373
3470
3456
3291
3489
3498
3304
3424
3445
3418
3343
3429
3437
3469
3512
3406
3449
3535
3485
3539
3625
3481
3574
3613
3513
3473
3491
3902
3503
3488
3486
3456
3428
3407
3377
3545
3424
3394
3547
3502
3511
3849
3430
3422
3326
3465
3360
3533
3538
3491
3382
3353
3467
3439
3399
3433
3505
3354
3166
3395
3459
3399
6597
3398
3570
3572
3512
3442
3418
3272
3212
3372
3566
3433
3523
3483
3482
3538
3518
3411
3381
3863
3444
3396
3482
3532
3352
3524
3823
3531
3518
3396
3515
3535
3400
2979
3482
3365
3460
3531
3502
3538
3282
3578
3449
3408
3695
3420
3510
3539
3471
3520
3394
3318
3867
3491
3491
3449
3493
3370
3540
3651
3535
3377
3649
3500
3428
3472
3852
3503
3461
3422
3447
3493
3487
2868
3535
3557
3684
3489
3533
3511
3510
3602
3430
3422
3366
3530
3400
3221
3447
3524
3398
3484
3425
3456
3526
3391
3430
3602
3336
3427
3534
3510
3477
3514
3560
3363
3480
3428
3418
3498
3503
3523
3423
3464
3672
3393
3456
3525
3423
3264
3298
3473
3584
3611
3503
3510
3421
3309
3461
3364
3355
3482
3525
3573
3463
3412
3342
3704
3386
3466
3545
3400
3411
3597
3666
3493
3408
3434
3379
3424
3572
3472
3496
3302
3420
3557
3620
3355
3572
3621
3324
3521
4361
3327
3561
3512
3370
3438
3363
3331
3556
3536
3496
3479
3341
3421
3438
3490
3588
3645
3410
3444
3444
3514
3537
3416
3498
3417
3418
3449
3495
3438
3673
3632
3423
3551
3465
3638
3404
3388
3493
3565
3516
3349
3592
3396
3707
3524
3500
3354
3475
3301
3575
3474
3451
3502
3460
3425
4436
3394
3525
3386
3438
3377
3509
3516
3539
3857
3444
3433
3444
2902
3431
3435
3646
3552
3607
3537
3476
3396
3531
3489
3324
3537
3535
3483
3394
3516
3195
3577
3528
3514
3441
3398
3341
3483
3432
3519
3453
3565
3302
3527
3471
3302
3496
3446
3381
3417
3356
3533
3490
3506
3401
3566
3454
3533
3419
3460
3586
3366
3684
3276
3356
3341
3464
3566
3467
3414
3499
3442
3530
3380
3368
3448
3405
3570
3379
3566
3477
3480
3626
3355
3457
3459
3510
3466
3406
3435
3452
3504
3498
3557
3653
3449
3447
3467
3475
3417
3510
3437
3382
3426
3513
3400
3563
3500
3451
3437
3480
3457
3447
3527
3434
3593
3486
3481
3422
3637
3471
3689
3589
3630
3463
3531
3458
3341
3482
3535
3548
3605
3483
3538
3473
3523
3372
3593
3509
3449
3478
3873
3529
3531
3772
3408
3451
3461
3493
3570
3416
3387
3328
3467
3494
3459
3375
3649
3418
3589
3394
3470
3542
3571
3439
3443
3431
3427
3412
3438
3535
3443
3444
3523
3517
3518
3594
3408
3512
3382
3515
3628
3478
3484
3361
3350
3557
3563
3476
3567
3655
3397
3443
3485
6304
3500
3516
3504
3442
3438
3441
3635
3561
3473
3357
3428
3491
2693
3506
3489
3489
3510
3408
3470
3515
3481
3453
3566
3543
3469
3391
3437
3465
3507
3692
3313
4351
3510
3433
3430
3973
3341
3542
3525
3279
3211
3395
3467
3496
3421
3422
3450
