3575
3564
3247
3107
3778
3458
3495
3514
3444
3373
3039
2791
3188
3101
3437
3462
3190
3205
3737
3427
3511
3249
3400
3613
3217
3670
3108
3566
3222
3424
3524
3179
3538
3464
3461
3522
3447
3303
3507
3452
3485
3609
3596
3454
3238
3124
3890
3541
3624
3465
3647
3418
3706
3098
3378
3203
3353
2896
3287
3031
3433
3003
2952
3239
3370
3422
3357
3519
3285
3625
3574
3648
3408
3067
3539
3050
3311
3018
3118
3288
3419
3611
3725
3345
2702
3103
3340
3288
3455
3606
3361
3381
3544
3090
3253
3196
2974
3140
3384
3517
3699
3662
3530
3266
3089
2720
3149
3614
3392
3273
3399
3228
3204
3433
3438
3215
3274
3526
3478
3279
3352
2973
3147
3168
2903
3272
3393
3089
3453
3204
3540
3258
2820
3487
3382
3559
3329
3132
3383
2788
3615
3630
3583
3781
3198
2890
3531
3277
3502
3415
3195
3316
2950
3573
3474
3160
3418
3159
3621
2781
3480
3525
3169
3724
3217
3623
3465
3135
3144
3490
3440
3331
3131
3545
3673
3153
3074
3318
3200
3326
3110
3614
3320
3569
3589
3445
3692
3407
3591
3367
3451
3798
3577
3192
3468
3545
3472
3295
3345
2915
3459
3325
2871
3214
3190
3392
3349
3132
3474
3242
3045
3547
3302
3454
3311
2715
2984
3754
3244
3245
3503
3530
3437
3064
3372
2837
3226
3121
3456
3655
3349
3438
3400
3493
3373
3352
3267
3108
3498
3138
3032
3470
3479
3157
3221
2838
3138
3247
3151
3057
3241
3772
3379
3326
3589
3331
3179
3245
3089
3209
3632
3221
3511
3287
3103
3300
3346
3294
3225
3523
3307
3386
3402
3204
3528
3487
2835
3320
3185
3477
3141
3618
3571
2867
3439
3181
3591
3657
3230
3540
3205
3056
3593
3406
3449
3036
3057
3405
3556
3445
3808
3430
3487
3432
4040
3383
3232
3613
3687
3459
3259
2820
3356
3329
3504
3214
3575
3449
3372
2665
3400
3327
3262
3578
3478
3470
3051
3380
3479
3366
3101
2713
3318
3725
3706
3304
3230
3581
3558
3335
3114
3863
3029
3410
3005
2877
3518
3445
3395
3714
3401
3500
3521
2653
3521
3418
3235
3165
3277
3332
3514
3126
3208
3233
3423
3573
3164
3338
3416
3112
3414
3338
3579
3405
3634
3626
3542
3264
3271
3723
3411
13775
3512
3666
3357
3411
3431
3637
3450
3378
3184
3338
3389
3164
3518
3582
3443
3224
3451
3539
3182
2882
3076
3372
3067
3174
3459
3264
3507
3555
3351
3365
3664
3476
3171
3197
3316
3303
3388
3038
3336
2991
3484
3209
3311
3326
3311
3310
3439
3256
3360
3258
3361
3202
3505
3723
3317
3201
3493
3409
3281
3517
3279
2698
3351
3574
3782
3222
3449
3239
3429
3557
3675
3336
3744
3615
3277
3432
3230
3527
3326
3172
3474
3592
3557
3057
3069
3329
3038
3180
3808
2970
3368
3441
3141
3399
3231
3594
3398
3319
3433
3419
2884
3370
3269
3376
3418
3416
3124
3458
3554
3412
3276
3711
3509
3256
2913
3166
3621
3279
3159
3560
3145
3373
3192
3556
3162
3332
3512
3423
3032
3135
3227
3265
3411
3613
3474
2649
3644
3237
3597
3126
3622
3242
3362
3331
3190
3421
3434
3045
3334
3217
3592
3367
3561
3234
3409
3268
3134
3851
3283
3002
3490
3280
3588
3556
3342
3233
3469
3344
3622
3102
3446
3583
3544
3444
3356
3222
3555
3451
3450
3301
3292
3627
3335
3410
3085
3499
3357
3464
3162
3381
3413
2939
3275
3391
3374
2920
3633
3562
3314
3544
3525
3156
3410
3322
3931
3548
3183
3463
3626
3396
3670
3248
3098
3284
3353
3411
3518
3385
3179
3651
3628
3242
3459
3218
3787
3098
3444
3350
3354
3153
3543
3074
2749
3259
3204
3648
3462
3214
3224
3296
3612
3485
3420
3361
3470
3300
3249
3633
3266
3070
3269
3490
3443
3202
3458
3457
3079
3402
3480
3207
3356
3090
3620
3381
3326
3458
3176
3325
3728
3386
3389
3257
2809
3209
3204
3428
3447
3287
3567
3726
3644
3665
3393
3206
3600
3365
3318
3279
2769
3490
3453
3186
3477
3424
3494
3363
3601
3521
3609
3711
3363
3341
3563
3456
3055
3494
3654
3375
3330
3298
3365
3624
3444
3470
3289
3015
3210
2799
3762
3528
3203
3223
3451
3126
3171
3272
3613
3453
2963
3294
3333
3276
3177
3596
3366
3327
3562
3129
2741
3358
3627
3370
3439
3631
3351
3355
3330
3435
3409
3440
3501
3833
3305
3141
3590
3359
3613
3003
3350
3458
3548
3390
3084
3424
3209
3311
3447
3568
3675
3473
3140
3461
3416
3161
3272
3570
3350
2802
3491
3312
3227
3453
3374
3129
3248
3595
