3386
3401
3374
3350
3311
3315
3293
3491
3498
3345
3191
3003
3221
3167
3429
3292
3303
3280
3441
3030
3171
3156
3429
3370
3273
3323
3136
3406
3147
3500
3516
3103
3308
3423
3470
3410
3385
3296
3326
3151
3479
3369
3483
3261
3486
3215
3205
3488
3465
3470
3260
3473
3328
2872
3344
3169
3431
2987
3418
3247
3334
3219
2869
3158
3454
3450
3409
3431
3326
3345
3470
3516
3353
3160
3384
3045
3423
2982
3284
3232
3440
3452
3436
3359
3110
3227
3296
3411
3425
3420
3293
3334
2433
3342
3270
3387
2764
3195
3435
3457
3516
3458
3395
3257
3190
2992
3415
3481
3322
3162
3298
3417
3230
3272
3448
3356
3369
3522
3409
3167
3363
2602
3270
3302
2988
3294
3315
3205
3405
3165
3437
3366
2902
3344
3444
3435
3325
3213
3412
2908
3444
3434
3412
3436
3418
2282
3504
3409
3395
3182
3424
3406
3080
3436
3513
3255
3398
3076
3451
2843
3399
3557
3354
3525
3261
3386
3410
3190
2286
3421
3560
3323
3228
3292
3509
2810
3301
3245
3385
3301
3312
3510
3371
3376
3441
3418
3381
3366
3500
3366
3440
3234
3324
3418
3392
3360
3484
3237
3283
3239
3435
3315
2837
3262
3355
3132
3386
3262
3447
3218
3298
3446
3251
3268
3410
2991
2895
3475
2768
3249
3370
3332
3437
3299
3400
2781
3314
3127
3425
3434
3267
3386
3298
3513
3438
3326
3324
3208
3465
3173
3334
3471
3417
3267
3384
2859
3232
3333
3344
2681
3286
3250
3322
3444
3511
3312
3144
3252
3398
3289
3431
3297
3433
3429
3156
3277
3358
3383
3352
3444
3394
3395
3357
3470
3491
3442
3118
3399
3354
3394
3110
3389
3490
2946
3367
3425
3401
3323
3212
3564
3264
3092
3338
3406
3212
3167
3077
3042
3452
3419
3467
3377
3487
3453
3385
3361
3145
3473
2298
3463
3329
2858
3299
3278
3442
3362
3465
3494
3403
2792
3396
3287
3274
3323
3449
3407
3247
3421
3496
3372
3194
3100
3416
3320
3393
3387
3366
3469
3471
3392
3183
3625
3262
3478
3291
2818
3490
3331
3362
3355
3354
3421
3452
2947
3453
3414
3330
3238
3239
3266
3389
3325
3275
3323
3345
3419
3242
3405
3390
3127
3436
3388
3467
3296
3385
3434
3514
3368
3173
3536
3380
1591
3438
3350
3371
3480
3353
3470
3464
3312
3217
3374
3348
3325
3449
3556
3357
3123
3362
3440
3373
3268
3250
3331
3213
3203
3437
3342
3389
3486
3307
3457
3456
3438
3370
3270
3379
3296
3367
2896
3286
2989
3337
3294
3172
3299
3354
3263
3461
2975
3450
3276
3406
3235
3415
3465
3161
3313
3382
3286
3302
3456
3243
2743
3380
3297
3345
3296
3308
3178
3470
3492
3336
3262
3501
3489
3448
3412
3301
3287
3293
2834
3497
3464
3392
3102
3185
3241
3183
3414
3328
3192
3386
3433
3356
3425
3345
3461
3271
3311
3335
3288
2977
3314
3358
3347
3298
3459
3199
3383
3433
3413
3195
3434
3474
3407
2974
3315
3493
3255
3268
3384
3360
3229
3358
3553
3266
3324
3382
3413
3208
3273
3383
3481
3306
3246
3325
2862
3290
3305
3496
3014
3401
3327
3383
3461
3378
3401
3397
3093
3140
3316
3532
3414
3474
3301
3316
3457
3289
3675
3088
2916
3426
3242
3423
3005
3419
3419
3297
3295
3462
3174
3330
3493
3423
3399
3291
3212
3377
3501
3471
3346
3414
3415
3314
3345
3335
3488
3406
3416
3396
3526
3467
3092
3286
3430
3542
2863
3414
3430
3243
3511
3412
3273
3414
3407
3091
3560
3276
3533
3485
3376
3511
3332
3222
3309
3309
3430
3402
3418
3353
3576
3483
3367
3428
3229
3475
3144
3372
3347
3531
3192
3514
3257
2912
3467
3212
3562
3466
3203
3192
3375
3491
3477
3399
3359
3307
3293
3328
3454
3334
3121
3316
3254
3457
3304
3442
3440
3207
3419
3387
3209
3499
3201
3492
3406
3337
3495
3437
3257
3508
3433
3424
3255
2805
3192
3124
3423
3407
3295
3491
3503
3422
3452
3441
3317
3479
3299
3382
3354
2957
3448
3327
3207
3415
3424
3396
3384
3446
3431
3456
3420
3226
3398
3480
3367
3149
3534
3488
3448
3419
3466
3329
3506
3409
3307
3330
3165
3328
2725
3526
3385
3380
3415
3456
3211
3086
3242
3420
3486
3164
3409
3196
3445
3311
3493
3289
3320
3422
3258
3224
3461
3467
3364
3360
3431
3369
3309
3351
3354
3386
3375
3478
3727
3049
3331
3446
3252
3503
3087
3396
3384
3436
3309
3402
3298
3259
3327
3363
3504
3445
3443
3292
3421
3448
3172
3015
3449
3385
3153
3377
3312
3309
3321
3319
3213
3332
3505
