-311
-216
-174
-192
-177
-301
-224
-269
-293
-203
-244
-193
-294
-224
162
-208
-183
-245
-148
-189
-247
-84
-192
-276
-224
-240
-295
-79
-192
-91
-94
-295
-77
-157
99
-104
-160
-219
-172
-291
-200
-62
-188
-267
-156
-194
-168
-227
-208
-226
-254
-194
-89
-207
-222
-225
-188
-153
-212
-252
-198
-191
-193
-263
-218
-247
-264
-222
-223
-236
-159
-203
-165
-223
-128
-312
-226
-221
-206
-146
-269
-196
-193
-170
-264
-231
-187
-160
-189
-281
-130
6
-223
-182
-202
-133
-201
-171
-212
-192
-225
-239
-168
-63
-80
-194
-196
-203
-165
-255
-59
-226
-343
-207
-177
-261
-161
-282
-205
-203
-196
-157
-139
-317
-217
-198
-291
-196
-208
-118
-229
-236
-162
-330
-260
-191
-249
-228
-198
-237
-171
-290
-273
-292
-175
-325
-160
-227
-38
-339
-176
-196
-275
-290
-286
-137
-249
-113
-212
-535
-317
-217
-199
-121
-114
-120
-119
-154
-206
-81
-203
-316
-220
-186
-166
-230
-191
-128
-187
-244
-169
-192
-201
-168
-205
-202
-265
-253
-458
-173
-331
-79
-243
-250
-228
-128
-289
-217
-198
-157
-199
-286
-188
-137
-380
-248
-205
-243
-224
-176
-254
-235
20
-152
-238
-240
-189
-218
-261
-271
-125
-249
-172
-165
-190
-331
-226
-191
13
-217
-187
-208
-126
-241
-229
-205
-204
-211
-239
-230
-240
-294
-202
-267
-211
-207
-182
-134
-209
-243
-161
-235
-251
-195
-217
-209
-203
-281
-272
-138
-153
-278
-281
-354
-231
-246
-169
-189
-223
-240
-160
-202
-113
-235
-247
-246
-244
-271
-574
-321
-256
-233
-311
-318
-82
-218
-256
-186
-188
-110
-219
-260
-117
-209
-107
-210
-269
-179
-220
-204
-207
-31
-122
-206
-278
-245
-244
-240
-144
-289
-269
-241
143
-259
-209
-194
110
-288
-251
-200
-60
-297
-201
-169
-268
-263
-311
-173
-295
-463
-10
-195
-370
-141
-222
-256
-196
-110
-155
-181
20
-351
-221
-177
-130
-189
-149
-268
-27
-275
-256
-248
-156
-235
-191
382
-216
-94
-169
-231
-256
-178
-351
-320
-223
-221
-273
-109
-110
-72
-278
-235
-194
-106
-228
-163
-300
-176
-282
-248
-190
-175
-168
-167
-162
-367
-117
-243
-306
-157
-183
-12
-214
-14
-292
-223
102
-189
-255
-115
-162
-207
-247
58
-202
-137
-224
-308
-202
-184
-200
-158
-225
-254
-136
-209
-75
-262
-198
-259
-277
-163
-290
-366
-241
-50
-219
-196
-250
-240
-123
-191
-2
-405
-221
-232
-9
-245
-109
-174
-214
-210
-371
-178
-240
-156
-215
-197
-27
-335
-212
-259
-165
-226
-232
-472
-236
-49
-52
-370
-249
-270
-147
-176
-252
-218
-134
-181
-111
-250
-252
-134
-295
-226
-140
-204
-176
-225
-203
-244
-202
-253
-195
-147
-160
-108
-177
-260
-152
316
-223
-221
-236
-213
-175
-154
-289
-225
-214
-233
-129
-144
-280
-222
-179
-264
-206
-251
-264
-209
-63
-249
-305
-278
-212
-173
-209
-176
-297
-118
-6
13
-201
-137
-201
-179
-262
-177
-113
-203
-250
-288
-177
-126
-253
-231
-205
-199
102
-150
-274
-195
-253
-220
-151
-182
-207
29
-197
30
-182
-282
-252
-267
708
-167
-294
-97
-204
-402
-240
-295
-333
-284
-155
-88
-227
-389
-80
-214
-222
9
-241
-190
-353
-242
-253
-162
-189
-204
-233
-157
-240
-286
-286
-303
-208
-161
-240
-160
-333
-297
-222
-175
-213
-205
-167
-133
314
-274
17
48
-250
-248
-181
-275
-337
-185
-233
-130
1271
-181
-187
-180
-224
-156
-202
-168
-256
-89
-154
133
-196
-201
-162
-80
-118
61
-182
-281
-157
31
-159
-241
-129
-79
-88
-162
-245
-150
-206
-164
-363
-247
-161
-235
-88
-89
-229
-220
-141
-170
-279
-415
564
-89
-334
-229
-180
-171
-171
-191
113
-284
-60
-169
63
-197
-295
-123
20
-275
-255
-114
-221
-340
-194
-236
-176
-400
-287
-223
-217
-195
23
70
-184
-232
-202
-40
-285
-305
-177
-241
-301
-213
-90
-293
-219
-101
-345
-170
-246
-172
-219
-284
-160
98
-191
-197
-272
-180
-155
-109
-249
-10
-248
-147
-138
-267
-219
-220
-259
-268
-232
-86
-159
-207
1147
-171
-224
-230
-284
-225
-230
-224
-211
-369
-190
-210
-191
-166
134
-237
-235
-182
16
-197
-227
-212
154
1000
-166
-196
-163
-205
-245
-187
-265
-234
-240
-232
102
-263
-2
-294
-150
-88
-147
-153
-255
-102
-176
-273
-207
-219
-210
-164
-180
-257
-203
-189
-274
-223
-165
-186
-159
-264
-221
-246
-207
-250
-247
-248
-240
-223
-260
-201
-232
-505
-229
-279
-272
-255
-3
-183
-117
-266
-227
-232
-234
-297
-126
-122
-230
-167
-169
-270
-78
-217
-250
-230
-300
-386
-121
-106
-220
-180
-178
-157
-385
-211
-292
57
-173
-254
-19
-251
-200
57
-280
-184
-163
-216
-231
-257
-170
19
-248
-163
-271
-91
-160
-172
-242
-268
-136
-269
-172
-225
-253
-248
-111
-204
-209
-584
-215
-158
-38
-175
-250
-261
-245
-268
-179
-181
-230
-259
-260
-272
-133
-253
-272
-208
-243
-197
-338
-234
224
-177
-203
-93
-306
-244
-67
-220
-214
-43
-269
-197
-230
-259
-280
-162
-155
-224
-217
-137
-127
-265
-252
-316
-206
-153
-220
-195
-241
-195
-276
-254
-183
-224
-181
-145
-2
-159
-150
-229
-91
-205
-271
-164
-327
-218
-313
-187
-356
-267
-214
-227
-272
-243
-211
-249
-270
-224
-223
-262
-133
-266
-173
-276
-220
-194
-219
-256
-77
-252
-237
-244
-223
-227
-196
-116
-202
1195
-261
-197
-299
-258
-269
-68
-313
-104
-140
-312
-176
-123
-216
-286
-207
-111
-72
-20
-225
-236
-169
-312
-301
-322
-268
-172
-104
-322
-238
-150
-197
-259
-223
-202
-78
-257
-236
-326
683
210
30
-222
45
-230
-135
-229
-240
-146
-225
-31
-252
179
-194
-192
-175
-254
-308
-287
-240
-285
-288
-143
-5
-240
33
-215
-187
-160
-176
-215
-250
-222
-130
-320
-361
-218
-278
-170
-380
-149
-254
-274
-296
-175
-237
-201
-111
-257
-198
-105
-263
-254
-164
-156
-227
-443
-55
-245
-236
-179
-220
-258
-219
-171
-301
-208
-37
-241
-206
-234
-317
-97
-248
-145
-258
-183
-116
-329
-317
-249
-163
-258
-218
-201
-226
-203
-108
-206
-198
-211
-210
-173
-209
-53
-279
-171
-248
-60
-249
-293
-254
-198
-148
-314
315
-213
-282
-251
-206
-345
-212
-203
-196
-234
-233
-194
-266
-235
-242
-211
-313
-225
-186
-103
-290
-141
-205
-111
-269
-88
-252
-233
-294
-207
-312
-143
-68
-299
-194
-208
-166
-9
-266
-242
-96
-205
-324
-164
-217
-155
-234
-142
-188
-92
-222
-234
-182
-234
-274
-154
-174
-311
-137
-182
-176
-215
-223
-256
-140
-125
-242
-61
-126
-205
-158
-137
-226
-201
-322
-238
-284
-232
-246
-150
-133
-160
126
-243
-251
-190
-234
-45
-130
16
-297
-271
-189
-250
-282
-175
-202
-177
-179
-165
-93
-150
-231
83
-63
-172
-194
-194
-74
-50
-176
-216
-211
-133
-198
-23
-176
-227
-217
-37
-156
-268
-212
-178
-130
-112
-235
-266
-201
-206
-309
-125
-226
-149
-185
-279
-216
-241
-194
-253
-185
-209
-100
-131
-214
-169
-118
-263
-249
-99
-263
-202
-225
-193
-236
-241
-225
-288
-242
-213
-250
-232
-175
23
-184
-415
-136
-246
-157
-249
-254
-169
-157
-98
-232
-189
-127
-244
-159
-157
-221
-160
-242
-214
-280
-230
-172
-250
-223
-181
-245
41
-225
-150
-221
-225
-423
-189
-141
-199
-85
-245
-303
-1
-259
-299
-251
-135
-175
-221
-198
-213
-212
-196
-282
-322
-293
-150
-216
-180
-335
-159
-202
-293
-181
-183
-245
-246
-31
-188
-219
-203
-131
-156
-10
-179
-20
-128
-262
-219
-252
-206
-220
-200
-202
-244
-255
-238
-222
-135
-322
-274
-182
-239
-192
-267
-144
-51
-105
-166
-244
-156
-242
-190
-242
-176
-240
-257
-366
-191
-208
-232
-154
-319
-211
-237
-226
-277
-105
-275
123
-202
-185
-263
-102
-237
-265
-154
-233
-249
-244
-252
-225
-216
-242
-190
-187
-118
-242
-250
-268
-141
-286
-123
-175
-208
-64
-248
-95
-240
-207
-198
-152
-252
-144
-196
-86
-249
-176
-276
-190
-265
-4
-230
-302
-163
-181
-124
-305
-119
-244
-288
-101
-115
-139
-153
-208
-474
-261
-294
-44
-244
-207
-180
-210
-200
-166
-130
-230
-249
-57
-139
-207
-156
-284
-257
-203
-161
-261
-235
-227
-229
-229
-51
-160
-224
-141
-120
-214
-212
-156
-135
-76
-217
-233
-176
-239
-209
-187
-199
-149
-408
-266
-238
-179
-177
-57
-319
-210
-221
-188
-252
-245
-241
-233
-256
-100
-233
-221
-4
-220
-202
-159
-239
284
-240
-35
-223
-128
-136
-309
-132
-142
-26
-306
-247
-215
-236
-268
-204
-115
-131
-168
-244
-255
-221
-188
-222
-162
-198
-172
-226
-203
-236
-216
-253
-226
-252
-346
-145
-290
325
-324
-402
-138
-214
-137
-226
-65
-291
-188
-226
-224
14
-304
-244
-246
-156
-189
271
-3
-101
391
-255
-195
-279
-162
-247
-3
-229
-228
-321
-203
-47
-241
-213
-50
-298
-278
-319
-138
-200
-213
-190
-241
-181
-257
-157
-312
-268
-215
33
-246
-249
-124
-195
-259
-305
-480
-187
-272
-137
-188
-229
-31
-232
14
-302
-212
-97
-128
-298
-171
-237
-232
-175
-184
-124
-280
-322
-204
-229
-33
-198
-213
-245
-205
-269
-202
-271
-244
-116
-177
-211
-212
-217
146
-225
-243
-295
-194
-230
-198
-241
-211
-203
-112
1141
-275
-230
-228
-223
-228
-197
-120
-213
-210
-118
-197
-186
-167
-134
-300
-189
-281
-160
-252
-260
-280
-140
-168
-260
-187
-275
-207
1364
-156
-177
525
-219
-133
-197
-188
-284
-170
-198
-168
-74
-271
-74
-22
-216
19
-231
-209
-225
-193
-229
6
-163
-163
-219
-215
-206
-207
-176
-247
-186
-201
-288
-194
-138
-272
-153
-184
-267
-195
-270
111
-227
-259
-290
-195
-133
-238
-296
-247
-220
-195
-213
-228
-207
-240
-306
-222
8
209
-272
-212
-183
-241
-253
-212
-224
-315
-243
-204
-263
-225
-347
-263
-287
-278
-277
-222
-176
-139
-5
-281
-235
-265
-245
-257
-240
-69
-196
-199
-246
-218
-207
-226
-234
-237
-229
-177
-90
-231
-185
-209
-212
-255
-192
-183
-193
-250
-298
-166
-116
-94
-226
-80
-203
-181
-131
-191
-213
-217
-241
1090
-245
-94
-195
-142
-216
-48
-214
-229
-266
-198
-243
-158
-194
-174
-165
-252
-119
-158
-259
-221
-181
-218
-101
-268
-299
-254
-216
-125
-204
-186
-329
-214
-22
-223
-311
-206
-207
-143
60
-233
271
-230
-175
-137
-282
-211
-260
13
-13
-227
-204
-193
-219
-460
-205
56
-120
-191
-192
190
-35
-309
-160
-156
-237
-194
-169
-164
-192
-56
-227
-267
-164
-296
-265
-125
-168
-123
-215
-189
-133
-156
-149
-220
-151
-387
-329
-177
-227
-67
-209
-195
-173
-210
-211
-242
65
-186
-179
-222
-220
-255
-234
-279
-306
-250
680
-314
-141
-174
-227
-327
-201
-204
-265
-223
-304
-259
-243
659
-139
-132
16
-247
-174
-280
-188
-145
-259
-231
-226
57
-176
-200
-56
-248
-161
-252
-236
-235
-163
-227
-244
-252
-1
-256
-282
199
-162
75
-564
-200
-221
-228
-209
347
-181
-201
-199
-222
-176
-223
-245
-316
-161
-161
-297
-126
-264
-214
-261
-245
-215
-286
-200
-206
-266
-220
-140
-99
-163
-240
-263
-235
-158
-187
-134
-109
-163
-219
-226
-172
-165
-233
-236
-305
-330
-239
-200
-232
-134
-242
-291
-156
-276
-225
-208
-229
-194
-216
-233
-199
-152
-206
-256
-241
-251
-175
-221
-131
-109
-162
-200
-245
-223
-188
-258
-190
-123
-232
-313
-264
-205
-35
-31
-189
-249
-205
-197
-161
-188
-119
-252
-232
-275
-271
-169
-255
-316
-237
-160
-141
-402
-110
-183
-258
-643
-238
-120
-363
-199
-221
-259
-116
-250
-247
-252
-169
-258
-289
-203
-79
344
-165
-139
-325
-151
-185
-164
-131
-121
-223
-204
26
-223
-222
-146
-269
-203
-241
-213
-188
-187
-158
-106
-239
-167
-333
-224
-132
-188
-215
-237
-205
-257
-182
-244
-220
-301
-270
-216
-252
-201
-255
-282
-265
-134
-259
-177
-166
82
-229
-146
-296
-97
-170
-110
-224
-221
-302
-197
-186
-205
-226
-215
-163
-157
-254
-191
-286
-221
-181
-165
-203
-153
-244
-85
-315
-232
-222
-154
-312
-397
-277
-169
-298
-101
-271
-131
-220
-206
-111
-244
-227
-206
-200
-192
-118
-26
-222
-222
-263
-232
-224
-148
-130
-238
-230
-231
-255
-196
-207
-111
-197
-107
142
-270
70
-173
-65
-228
-298
-52
-308
-320
-241
-110
-178
-111
-295
-320
-249
-184
-234
-165
-182
-225
-378
-222
-212
-188
-260
-131
-186
-210
-209
-48
-243
-166
-293
-265
-536
-108
-266
-178
-227
-191
-164
-290
-146
-240
-256
-207
-184
-45
-165
-152
-183
-189
-156
-269
-156
-158
-41
-150
-159
-224
-123
-261
-256
-212
-226
-167
-217
-222
-202
-134
-171
-226
-229
-105
-189
-209
-171
-255
-146
-182
-180
-226
-195
-118
-252
-359
-220
-174
-133
-292
-218
-226
-234
-461
-133
-255
-247
-174
-170
-341
-231
-201
-228
-250
-267
-176
-168
-174
31
-194
-227
-216
-59
-206
-152
-111
-202
-234
-297
-155
-175
-100
-247
-242
-255
-229
-198
-190
-122
-276
-255
-258
-240
-227
-303
-172
-225
-252
-124
-301
-224
-77
-238
-56
-198
-329
-222
-194
-76
-161
-127
-166
-227
-77
-224
-167
7
-96
-277
-178
-162
-149
-182
-169
-206
-273
-247
-135
-254
-236
-128
-154
-235
-197
-186
-203
-204
-78
197
-34
-192
435
-196
-303
3
-187
-176
-256
-218
-165
-256
-235
-180
-248
-236
-97
-347
-228
-164
-106
-185
-183
-227
-209
-182
-288
-172
-290
-450
-234
-72
-258
-235
-257
-231
-280
-156
-207
96
-290
-220
-154
-152
-242
-241
-273
-540
17
-254
-254
-251
272
-204
-229
-217
-144
-253
-188
-202
-38
-138
-199
-268
-193
-258
140
-255
-195
-63
-189
-283
-157
-76
-313
-273
-260
-119
-66
-200
-231
-260
75
-220
-139
-221
-160
-156
495
-255
-246
-248
-198
-237
-470
-214
-198
-205
-197
-254
-222
-53
-363
-307
-176
-209
-63
-159
-306
-230
-98
-237
-222
-173
-269
-254
-290
-168
-178
-188
-253
-255
-198
-266
-200
174
-222
-168
-256
-141
-232
-377
-207
-168
-176
-262
-211
-95
-274
-96
-212
-380
-195
-196
-420
173
-155
-252
-298
-246
-194
-164
-242
-253
-210
64
-230
-292
-237
-352
-216
-177
-212
-207
-235
-296
-133
-235
-167
-214
-145
-214
-289
-209
-74
-276
3
-144
-191
-132
-202
-307
-310
-153
-190
-262
-212
-205
-193
-154
-283
-241
-240
-183
13
-209
-253
-212
-231
-328
-224
-294
-236
-198
-195
-217
-275
-344
-195
-242
-276
-209
-217
-311
-204
-182
-70
-168
-161
-222
-263
-44
-59
-311
-173
-242
-303
-228
-168
-153
-200
-209
-268
-232
-222
-186
-184
-209
-127
-222
-281
-151
-263
-177
-174
-427
-209
-236
-205
-196
-289
-179
-290
-234
-294
-240
-199
-197
-193
-180
-193
-220
-156
-126
-238
-211
-132
-97
-154
-152
-151
-177
-238
-233
-274
-122
-271
-297
-242
-283
-247
47
-179
-137
-274
-162
-7
-106
-226
-191
-218
-167
-257
-251
-269
-190
-119
-226
-220
-146
-151
-135
-233
-191
-333
-208
147
-228
-122
-236
-78
-212
-239
-236
-231
-257
-174
-128
-250
-200
-167
-302
-73
-203
-246
-236
-245
57
-280
-298
-249
-147
-199
-277
-213
-44
-181
-201
-186
-247
-243
-290
-343
-198
-105
-180
81
-96
-191
-87
-252
-190
-247
-296
-162
-283
-256
-149
-275
-155
-314
-242
-272
-307
-179
-251
-116
-261
-225
-184
-153
-191
-234
-181
-226
-277
-231
-191
-230
-243
-199
499
-48
-222
-241
-169
-242
-198
-207
-116
-244
-200
-163
-176
-200
-256
-146
-92
-234
-177
-167
-318
-181
-467
96
-288
-141
-129
-226
1150
-17
-162
-188
-275
-107
-188
-160
255
-159
-97
-157
-264
-299
-228
-176
-200
-294
-208
-313
-224
-188
-248
-247
-193
127
-202
-183
-71
-234
-211
-252
-301
-215
-168
-290
-270
-290
-218
-115
-188
-237
-231
-164
-282
-210
-224
-273
-204
-197
-324
-214
-218
-172
-198
-173
-238
-72
-313
-123
-221
-194
-342
-223
-129
-82
-259
-288
-187
-328
-230
-222
175
-157
-109
-35
-152
-230
-132
-328
-138
-190
-228
-288
-255
-264
-260
-263
-153
-243
-243
-188
-214
-201
-256
-313
-225
-140
-130
-241
-164
-140
-226
-164
-133
-255
-219
-189
48
-124
-258
-195
-94
-185
-201
-174
-449
-269
-44
-74
-87
-124
-217
-321
-231
-266
-182
-189
-247
-167
-180
-175
-310
-6
-252
-219
-269
-130
-183
-271
-201
-248
-175
-74
-205
-217
-269
-238
-500
-56
-209
-177
-150
-205
-269
-237
-196
-161
-114
-264
-149
-246
-167
-118
-206
-210
-217
-216
-189
-152
-128
-172
-155
-259
-267
-202
71
-190
-164
-313
-235
-245
-487
-229
-251
-205
-202
-184
-81
-263
-165
-122
-266
-207
-312
391
-33
-341
-299
-186
-141
-183
-246
-206
-290
-122
-162
-252
-277
-266
-300
-157
-257
-252
-157
-208
-328
-143
-241
-289
-138
-194
-96
-189
-224
-223
-123
-141
-113
-221
-131
-253
-223
-204
-189
-17
-243
-231
-110
-282
-256
-146
-161
-208
-199
-206
137
-256
-343
-162
-216
-216
-287
-213
-210
-244
-41
864
-248
-27
-213
-185
-291
663
-157
-228
-230
-220
-190
-175
-261
-155
-253
-202
-266
-103
-167
-149
-252
-233
-173
-281
-226
-218
-115
-203
-179
-252
