45
-85
-350
-41
-324
-349
-206
-425
-18
-91
-104
-244
83
-418
-96
-540
-388
-246
-89
-258
-432
-156
-52
-389
-244
-323
-248
5
-63
-161
-509
-282
-166
136
-184
-132
-97
-119
-253
-108
31
66
-157
-306
-171
-119
-178
-82
24
-84
230
-257
-333
-87
-460
-440
1
-2
79
19
-155
-264
-149
-41
-237
-482
-218
-303
225
-220
14
-400
-142
-57
-233
86
-117
-280
-309
-194
-166
-303
-221
-429
-190
-230
-190
-153
-59
-575
36
41
-434
-32
-295
140
-367
-62
-183
-124
-97
9
-347
-130
-99
-232
-202
-137
-52
-69
-102
-114
-50
1
-216
-226
-226
-63
-82
-300
-204
-117
-313
-1678
-181
-50
-50
-201
-91
-119
-233
-308
-165
-4
-1
-138
-261
34
-96
-113
-15
-28
-133
-515
-259
20
-93
275
-18
-267
-138
-289
-3
23
6
-304
-149
-201
-298
-90
-111
-119
-50
-235
-558
-146
-355
-349
72
-175
-149
109
-464
-157
-158
-286
-302
-111
-329
-369
-419
-489
-127
-155
-226
-163
-418
-57
-409
-194
-140
3
-449
-118
-278
-192
-49
-136
-265
-159
-99
-256
-263
-108
-57
-770
-85
-158
-221
-240
-187
-243
-193
-416
-157
-11
24
-152
-467
-5
-267
-441
-183
-343
-224
-1027
-211
276
-289
-25
-3
-54
-487
-116
-219
-146
-124
-108
-444
197
-276
-315
-73
-455
-75
-103
-259
-222
8
58
24
-446
33
-35
-250
-26
-30
209
-188
-212
-365
-43
-72
-138
-78
64
-141
-233
-286
-264
-279
-166
8
-207
-104
-104
-220
-243
-109
-23
-365
-513
-71
-112
136
-209
-424
-194
-93
-117
-258
-261
-127
-196
-401
-274
58
-235
-263
-236
59
-153
-151
-319
-451
-102
-187
32
-2732
-221
-49
-3
-444
-172
-145
-218
-213
-324
-165
72
-148
-395
-320
179
-66
-29
-215
-589
-103
36
-218
-206
-238
-613
-100
-33
65
-173
-191
-54
-202
-424
-137
-247
-190
91
-163
39
-171
280
-124
-112
-636
-188
-60
-54
-122
-219
-162
-276
-141
-97
-401
-185
-316
-307
-3
-148
-51
-50
261
-191
-149
-32
141
-174
-390
51
-36
-320
-111
5057
-69
-77
-509
-167
-20
-242
-51
-17
-285
-260
-278
-46
-218
-119
39
71
-313
-111
-225
-156
-385
-125
-131
-49
-200
201
-360
-151
-289
-207
-105
54
-112
-253
-258
-141
-249
-181
-191
-34
-329
-128
-230
-387
-136
39
20
-230
71
61
-73
-266
-59
-176
-119
-128
-18
-52
-244
-156
-277
61
-60
257
-158
-297
-298
-172
-365
-180
-400
-176
-429
-334
-26
-194
117
274
-120
29
-201
-493
-499
-45
-329
77
-282
-68
-73
-81
-267
-230
-27
44
-242
-307
12
-69
-90
-166
-49
-355
-67
-111
-204
-433
-23
-61
-82
-174
-242
-142
-202
53
-21
-292
-317
-467
-263
-288
-70
61
-284
-202
11
-262
-146
-32
-74
-274
-96
67
-176
-461
-66
-153
75
-151
-61
-323
-158
71
-144
-20
14
-51
-334
-82
-392
-35
-35
-250
-357
44
-261
-24
-271
387
-383
-173
-46
-106
13
68
-56
-180
-365
-285
-72
-4
-277
-218
-263
-28
-119
-339
-188
25
-25
-39
-385
-27
90
-352
-169
-196
-154
-164
-66
-336
-475
-115
-53
-223
-143
83
-370
102
-35
-272
-263
-258
-69
-23
-451
11
-211
-132
-208
-218
-211
51
-237
-220
-184
-72
-326
-199
-188
-124
65
-242
-491
-260
-249
-192
24
-47
-363
-38
-166
-248
-287
247
-4
-159
-87
142
-517
-193
-179
-220
-230
-243
-365
6
-287
-323
-386
-277
-456
-623
-84
-123
-331
-473
-233
-172
119
-245
143
153
-257
136
-298
-471
-258
-417
-477
-198
-443
-283
-133
-104
-562
-432
-228
-200
-311
-93
-472
-92
-372
-150
-223
-525
-377
-274
-477
14
-35
-72
-477
14
-411
-280
-288
-90
-311
-50
-320
-139
-241
-93
-204
-432
-89
-212
59
2
25
-144
-193
-250
-60
-14
-112
-121
-404
-116
24
-146
-389
-361
-649
-99
-93
-194
79
-340
-307
-369
-118
-401
103
-254
-334
-233
1545
-336
-236
-236
-281
-20
112
-38
-26
77
-192
-188
-39
-304
-361
-143
-123
-216
-153
-320
-208
-179
112
-23
-30
-367
-79
-79
-174
-325
-138
-179
-93
-269
18
71
77
-221
-70
-85
-244
-47
-206
172
-13
-145
-236
-164
