3678
3646
3532
3517
3923
3749
3695
3669
3639
3510
3350
3517
3515
3629
3629
3545
3252
3445
3653
3960
3813
3695
3652
3657
3394
3740
3452
3685
3323
3533
3673
3574
3688
3635
3688
3557
3624
3704
3712
3864
3658
3812
3700
3634
3580
3478
4065
3608
3833
3646
3784
3599
3851
3180
3649
3250
3503
3520
3630
3360
3689
3379
2988
3686
3630
3627
3507
3593
3547
3716
3572
3712
3738
3233
3797
3306
3521
2999
3377
3373
3582
3737
3693
3629
3093
3297
3592
3595
3632
3594
3425
3616
4321
3591
3484
3290
2932
3512
3629
3703
3728
3758
3648
3520
3526
3220
3584
3684
3583
3440
3657
3588
3524
3759
3670
3523
3629
3614
3638
3496
3619
3281
3518
3574
3097
3347
3574
3122
3601
3617
3653
3556
2570
3568
3504
3742
3525
3199
3619
3162
3616
3710
3705
3690
3474
3474
3628
3495
3577
3547
3433
3540
3255
3685
3665
3566
3670
3632
3778
2780
3595
3625
3627
3691
3526
3714
3589
3448
3700
3634
3635
3614
3426
3823
3735
4041
3365
3440
3491
3539
3571
3658
3473
3861
3672
3536
3871
3642
3747
3541
3720
4058
3792
3520
3544
3736
3702
3639
3499
3370
3650
3713
2825
3561
3532
3605
3597
3465
3651
3574
3483
3618
3620
3630
3437
2773
2672
3768
3133
3412
3671
3650
3638
3354
3606
2772
3475
3288
3653
3651
3480
3653
3488
3761
3594
3500
3610
3355
3617
3334
3525
3599
3585
3378
3501
2691
3518
3459
3408
3108
3489
3975
3569
3543
3691
3562
3496
3481
3369
3507
3712
3570
3763
3525
3482
3448
3591
3532
3579
3641
3496
3485
3496
3553
3671
3655
3252
3604
3511
3675
3346
3752
3681
2982
3641
3387
3577
3817
3520
3609
3484
2990
3648
3664
3706
3188
2956
3978
3508
3631
3727
3582
3671
3623
4180
3789
3476
3654
9349
3735
3417
2504
3379
3548
3687
3569
3730
3669
3597
2767
3555
3487
3427
3500
3553
3691
3444
3592
3668
3493
3339
2984
3593
3758
3708
3501
3532
3629
3650
3552
3386
3923
3385
3667
3385
2651
3673
3614
3553
3698
3539
3782
3643
2608
3580
3559
3578
3329
3534
3606
3727
3369
3448
3403
3592
3702
3524
3513
3670
3428
3644
3580
3747
3538
3738
3667
3617
3548
3544
3754
3558
2259
3664
3786
3567
3610
3663
3720
3668
3724
3296
3529
3628
3360
3685
3626
3618
3462
3471
3717
3500
3197
3381
3537
3284
3626
3747
3455
3515
3616
3590
3529
3702
3607
3458
3398
3499
3607
3671
2904
3480
3339
3684
3399
3608
3562
3581
3541
3624
3177
3557
3344
3602
3529
3570
3820
3647
3465
3685
3675
3533
3714
3366
2651
3583
3502
3911
3537
3639
3388
3573
3706
3872
3735
3689
3649
3482
3677
3293
3673
3547
3174
3743
3753
3675
3481
3374
3368
3476
3433
3890
3392
3653
3560
3372
3561
3407
3650
3565
3459
3558
3716
2994
3551
3467
3580
3496
3652
3604
3592
3660
3606
3658
3617
3760
3573
3010
3494
3508
3327
3330
3608
3443
3507
3483
3683
3576
3535
3600
3702
3266
3340
3567
3592
3565
3622
3672
2709
3793
3529
3694
3236
3777
3742
3650
3615
3504
3593
3650
2800
3565
3484
3655
3608
3696
3433
3645
3611
3305
3853
3437
2877
3593
3490
3623
3894
3655
3600
3491
3671
3669
3521
3641
3640
3758
3480
3645
3383
3739
3617
3617
3519
3543
3736
3395
3516
3409
3638
3539
3562
3583
3595
3566
3365
3470
3585
3608
2439
3686
3640
3426
3584
3695
3528
3582
3612
4002
3701
3453
3602
3690
3588
3682
3545
3443
3513
3638
3595
3583
3584
3580
3696
3701
3617
3688
3466
3735
3572
3639
3594
3620
3299
3654
3379
2644
3507
3448
3712
3723
3491
3444
3659
3696
3439
3625
3636
3723
3586
3503
3705
3399
3462
3603
3679
3781
3557
3682
3676
3359
3765
3611
3401
3549
3178
3639
3458
3611
3609
3463
3618
3678
3574
3474
3531
2609
3411
3224
3640
3625
3389
3653
3666
3621
3725
3599
3392
3677
3570
3548
3492
2372
3641
3587
3459
3598
3618
3650
3616
3724
3648
3664
3684
3629
3593
3591
3628
3470
3680
3672
3662
3595
3695
3443
3651
3682
3730
3601
3312
3464
2968
3738
3672
3497
3505
3689
3427
3516
3554
3583
3589
3387
3643
3303
3548
3595
3715
3506
3563
3699
3474
3422
3698
3709
3517
3612
3686
3524
3569
3724
3686
3698
3754
3637
4005
3625
3478
3755
3455
3739
3306
3581
3669
3724
3514
3417
3672
3370
3516
3573
3616
3696
3727
3556
3511
3608
3416
3669
3615
3479
3253
3584
3517
3434
3651
3590
3441
3389
3686
