3625
3561
3323
3291
3887
3538
3633
3618
3559
3412
3125
3160
3270
3157
3468
3382
3050
3129
3698
3708
3706
3406
3572
3668
3230
3769
3287
3636
3305
3388
3573
3291
3682
3659
3602
3525
3546
3497
3469
4012
3529
3648
3520
3495
3537
3379
3811
3574
3680
3519
3675
3472
3896
3206
3406
3202
3418
3220
3514
3232
3577
3112
2743
3425
3446
3437
3482
3553
3477
3760
3574
3648
3500
3019
3627
2990
3473
2734
3217
3347
3541
3690
3664
3404
2778
3166
3344
3380
3497
3630
3328
3575
4302
3367
3364
3145
2683
3311
3429
3668
3649
3691
3548
3328
3164
2495
3405
3597
3427
3207
3497
3465
3338
3655
3527
3405
3455
3569
3632
3393
3527
3055
3284
3358
2942
3254
3426
3083
3454
3369
3634
3264
2594
3443
3424
3683
3410
2973
3567
2827
3644
3651
3614
3648
3165
3408
3523
3403
3517
3569
3222
3438
3042
3599
3503
3311
3533
3372
3568
2697
3547
3614
3187
3601
3392
3609
3542
3299
3687
3498
3465
3442
3263
3735
3656
3218
3138
3320
3316
3352
3443
3568
3324
3636
3684
3487
3806
3516
3601
3423
3542
3858
3683
3318
3499
3559
3621
3375
3277
3046
3594
3488
2590
3285
3398
3460
3506
3300
3489
3379
3239
3627
3436
3387
3379
2444
2696
3655
2871
3408
3528
3632
3469
3170
3539
2586
3339
3304
3534
3567
3392
3502
3442
3550
3486
3308
3501
3075
3571
3246
3317
3529
3446
3116
3270
2731
3303
3284
3307
3251
3329
3847
3345
3432
3586
3393
3308
3294
3120
3402
3594
3491
3633
3424
3248
3177
3442
3392
3411
3595
3441
3476
3419
3303
3603
3622
2989
3508
3453
3595
3121
3621
3625
2846
3577
3123
3514
3768
3390
3616
3328
2904
3593
3409
3600
3012
2762
3818
3454
3465
3659
3535
3500
3539
3963
3482
3447
3630
6886
3487
3274
2654
3246
3407
3493
3266
3601
3550
3374
2715
3487
3372
3358
3538
3554
3608
3186
3498
3560
3399
3132
2637
3467
3823
3603
3394
3506
3652
3582
3454
3108
3744
3114
3507
3147
2616
3603
3592
3443
3750
3443
3633
3483
2522
3542
3514
3373
3316
3362
3519
3512
3253
3310
3238
3472
3580
3185
3566
3529
3216
3532
3386
3662
3488
3618
3560
3493
3438
3442
3700
3448
15311
3449
3748
3420
3448
3525
3576
3485
3603
3172
3364
3553
3178
3586
3484
3480
3373
3412
3587
3366
3020
3107
3449
3063
3403
3629
3259
3591
3539
3308
3439
3620
3469
3369
3288
3302
3438
3525
2892
3368
3352
3554
3289
3467
3466
3458
3484
3555
3194
3488
3274
3584
3259
3428
3766
3549
3373
3580
3538
3401
3594
3288
2421
3476
3455
3824
3311
3500
3303
3621
3572
3776
3501
3694
3575
3394
3570
3306
3567
3461
2859
3528
3627
3529
3154
3009
3238
3165
3263
3763
3156
3431
3498
3157
3432
3269
3536
3461
3452
3477
3550
2728
3409
3272
3523
3347
3476
3427
3481
3626
3462
3337
3593
3485
3394
2580
3246
3498
3299
3238
3497
3272
3287
3253
3566
3427
3385
3522
3479
3036
3183
3403
3528
3453
3539
3566
2704
3887
3350
3624
3124
3629
3459
3341
3445
3303
3561
3471
2652
3384
3357
3512
3388
3601
3319
3504
3337
3126
3727
3231
2733
3595
3285
3564
4030
3570
3377
3377
3492
3598
3154
3442
3651
3623
3427
3460
3192
3667
3545
3601
3437
3399
3644
3340
3406
3227
3508
3507
3502
3330
3638
3473
2819
3389
3479
3550
2556
3595
3465
3356
3434
3614
3347
3462
3520
4008
3522
3317
3486
3577
3547
3679
3271
3257
3253
3438
3415
3550
3425
3361
3640
3642
3416
3629
3439
3601
3240
3485
3467
3353
3243
3578
3088
2501
3394
3263
3632
3518
3259
3226
3498
3624
3443
3444
3673
3736
3421
3350
3644
3301
3343
3433
3506
3557
3365
3599
3535
3104
3639
3522
3357
3455
2907
3607
3212
3448
3495
3322
3471
3632
3532
3349
3247
2654
3235
3197
3445
3483
3251
3511
3600
3612
3700
3510
3300
3616
3385
3470
3364
2315
3463
3305
3278
3540
3447
3570
3615
3771
3502
3654
3617
3521
3516
3634
3461
3254
3506
3656
3591
3468
3566
3372
3651
3522
3602
3341
2951
3335
2719
3677
3549
3333
3355
3567
3297
3302
3402
3561
3519
3144
3582
3327
3350
3263
3614
3317
3496
3611
3208
3264
3440
3573
3381
3423
3563
3382
3298
3484
3583
3523
3604
3613
3720
3591
3289
3614
3222
3627
3026
3453
3576
3636
3355
3204
3609
3342
3411
3475
3576
3653
3615
3284
3428
3538
3245
3538
3471
3430
3009
3587
3490
3402
3556
3514
3123
3195
3594
