3384
3521
3239
3330
3387
3386
3326
3270
3421
3328
3318
3264
3244
3325
3436
3242
3275
3353
3523
3440
3404
3330
3460
3384
3343
3327
3350
3429
3342
3493
3345
3400
3503
3355
3507
3447
3243
3387
3450
3355
3429
3402
3408
3250
3257
3349
2031
3372
3568
3556
3268
3496
3429
3230
3255
3375
3511
3343
3417
3362
3354
3242
3371
3293
3397
3322
3384
3447
3314
3371
3451
3365
3397
3328
3387
3231
3336
3296
3350
3349
3371
3429
3369
3305
3302
3421
3271
3534
3481
3230
3205
3349
3265
3242
3369
3327
3346
3301
3381
3424
3416
3549
3398
3337
3361
3257
3420
3345
3395
3287
3312
3365
3498
3385
3353
3475
3347
3479
3349
3463
3301
3318
3449
1625
3370
3317
3305
3246
3343
3404
3435
3425
3349
3354
3283
3345
3329
3419
3385
3362
3444
3520
3200
2977
3400
3352
3410
3164
3377
3390
3296
3249
3271
3374
3423
3282
3336
3363
3442
3414
3445
3447
3427
3492
3183
3424
3417
3280
3216
3378
3341
3393
3420
3407
3342
3408
3338
3366
3310
3249
587
3382
3413
3438
3396
3475
3334
3316
3298
3414
3342
3412
3396
3348
3335
3443
3443
3384
3367
3317
3363
3375
3326
3218
3311
1660
3479
3330
3408
3324
3318
3378
3404
3213
3384
3283
3350
3400
3267
3382
3410
3341
3487
3266
3441
2376
3408
3298
3345
2708
3234
3434
3282
3428
3403
3376
3427
3485
3314
3198
3298
3393
3400
3098
3310
3330
3405
3371
3245
3401
3333
3603
3423
3432
3473
3387
3342
3274
3335
3311
3439
3380
3461
3323
3343
3253
3145
3389
3383
3426
3368
3348
3371
3327
3378
3374
3340
3438
3356
3333
3344
3261
3452
3283
3250
3267
3387
3435
3383
3362
3406
3328
3421
3333
3314
3318
3457
3355
3386
3468
3420
3353
3363
3452
3668
3378
3312
3363
6844
3396
3227
3276
3260
3355
3498
3371
3586
3406
3390
3345
3415
3364
3317
3323
3377
3442
3385
2837
3372
3378
3386
3137
3457
3465
3151
3342
3246
3367
3371
3320
3356
3624
3343
3413
3369
3297
3357
3296
3496
3283
3364
3353
3200
3331
3390
3349
3300
3286
3422
3298
3185
3266
3333
3361
3327
3374
3232
3373
3392
3361
3216
3283
3476
3407
3013
3458
3409
3340
3247
3475
3429
762
3299
3320
3176
3429
3431
3446
3462
3283
3421
3439
3436
3318
3432
3555
3340
3330
3497
3409
3343
3333
3354
3405
3409
3275
3400
3404
3324
3441
3379
3255
3390
3546
3301
3330
3277
3321
3346
3360
3419
3381
3269
3393
3439
3359
3377
3438
3414
3354
3308
3214
3419
3280
3418
3565
3359
3423
3454
3393
3351
3434
3381
3278
3373
3031
3422
3382
3307
3239
3394
3354
3373
3373
3533
3425
3396
3460
3234
3282
3365
3418
3359
3376
3152
3358
3309
3233
3326
3343
2795
3326
3476
3445
3325
3295
3437
3496
3324
3363
3400
3318
3320
3325
3383
3347
3369
3287
3377
3365
3388
3404
3386
3380
3414
3384
3317
3342
3473
3423
3294
3378
3223
3302
3363
3459
3339
3305
3470
3393
3370
3394
3400
3364
3218
3298
3429
3306
3420
3346
3369
3360
3362
3377
3373
3370
2405
3454
3357
3350
3364
3428
3470
3427
3381
3118
3535
3425
3348
3590
3380
3368
3505
3451
3356
3323
3390
3433
3311
3352
3484
3321
3329
3351
3365
3359
3515
3248
3480
3323
3471
3367
3477
3375
3372
3363
3223
3378
3477
3382
3389
3381
3318
3305
3374
3329
3476
3296
3367
3378
3394
3364
3396
3350
3454
3358
3342
3514
3392
3522
3486
3462
3527
3409
3328
3303
3395
3390
3340
3504
3392
3481
3374
3319
3452
3331
3428
3327
3243
3487
3383
3339
3385
3343
3270
3341
3328
3383
3494
3301
2998
3331
3519
3514
3437
3394
3375
3277
3340
3419
3330
3358
3316
3267
3393
3303
3406
3422
3342
3303
3417
3212
3348
3216
3471
3321
3261
3133
3262
3342
3412
3388
3277
3328
3301
3310
3307
3216
3342
3358
3437
3460
3446
3472
3313
3322
3436
3374
3320
3326
3185
3399
3365
3340
3353
3353
3315
3444
3418
3421
3445
3403
3377
3346
3419
3289
3374
3376
3395
3414
3425
3411
3367
3418
3436
3389
3311
3362
3336
3324
3356
3330
3206
3382
3297
3388
3237
3085
3455
3386
3323
3384
3383
3284
3285
3357
3266
3394
3438
3350
743
3413
3400
3362
3440
3412
3345
3354
3278
3340
3396
3501
3369
3598
3346
3322
3393
3387
3488
3352
3362
3427
3383
3375
3333
3329
3395
3421
3435
3360
3368
3501
3250
3360
3444
3274
2773
3363
3372
3339
3500
3445
3407
3306
3312
3373
3383
3414
