3460
3458
3392
3463
3364
3449
3281
3410
3480
3396
3426
3323
3383
3344
3441
3237
3356
3407
3396
3469
3467
3436
3503
3363
3359
3415
3350
3339
3279
3478
3437
3404
3390
3412
3526
3496
3303
3445
3385
3356
3506
3439
3415
3361
3434
3425
3564
3499
3499
3490
3424
3449
3358
3340
3307
3459
3493
3209
3507
3310
3390
3309
3341
3367
3522
3396
3432
3428
3397
3398
3470
3450
3508
3383
3457
3325
3430
3345
3434
3457
3451
3444
3239
3432
3344
3411
3370
3538
3460
3456
3375
3474
3105
3357
3366
3440
3283
3474
3461
3343
3468
3452
3404
3400
3391
3367
3464
3394
3446
3305
3406
3432
3421
3449
3554
3504
3411
3448
3415
3396
3395
3472
3478
2386
3346
3435
3365
3322
3307
3554
3485
3487
3235
3399
3449
3456
3472
3389
3381
3421
3478
3445
3353
3216
3371
3376
3437
3414
3332
3333
3257
3305
3269
3415
3465
3355
3404
3321
3477
3426
3490
3423
3495
3503
3309
3493
3374
3324
3167
3437
3455
3414
3393
3433
3386
3338
3372
3442
3435
3384
2587
3463
3424
3527
3448
3356
3393
3490
3426
3400
3431
3436
3384
3338
3347
3407
3439
3364
3464
3381
3384
3382
3476
3327
3398
3164
3507
3368
3462
3390
3391
3401
3419
3185
3535
3261
3337
3402
3180
3429
3409
3369
3464
3408
3407
2605
3383
3340
3497
3362
3253
3446
3359
3406
3454
3396
3413
3377
3402
3434
3360
3443
3422
3278
3457
3357
3499
3450
3326
3412
3385
3539
3363
3433
3400
3440
3336
3254
3450
3409
3481
3506
3505
3513
3319
3127
3484
3450
3438
3391
3355
3486
3406
3450
3436
3469
3338
3510
3448
3427
3423
3372
3458
3385
3402
3461
3302
3496
3446
3479
3315
3355
3398
3329
3297
3378
3464
3323
3317
3410
3375
3344
3430
3441
3330
3372
3332
3327
6627
3351
3394
3332
3352
3505
3460
3427
3453
3471
3536
3440
3417
3350
3450
3294
3401
3463
3465
3489
3507
3471
3374
3298
3510
3432
3345
3391
3272
3386
3411
3393
3380
3541
3406
3495
3333
3401
3456
3223
3472
3264
3462
3464
3442
3420
3433
3394
3295
3362
3402
3328
3396
3337
3347
3453
3391
3369
3368
3479
3445
3429
3445
3432
3479
3490
3175
3461
3442
3387
3380
3419
3370
1073
3400
3352
3337
3494
3523
3467
3470
3399
3463
3425
3433
3441
3498
3522
3401
3345
3457
3453
3360
3367
3309
3471
3302
3363
3459
3442
3266
3427
3356
3314
3410
3594
3363
3397
3420
3420
3457
3345
3501
3344
3412
3335
3440
3456
3508
3430
3429
3397
3437
3217
3445
3316
3524
3458
3423
3402
3476
3429
3393
3528
3334
3353
3396
3360
3332
3381
3417
3336
3524
3405
3421
3448
3446
3497
3418
3495
3342
3366
3353
3377
3551
3377
3339
3365
3330
3260
3443
3424
3535
3358
3436
3462
3403
3387
3426
3467
3373
3346
3456
3428
3407
3421
3452
3387
3495
3381
3425
3436
3366
3463
3459
3368
3504
3461
3362
3442
3468
3492
3342
3404
3321
3173
3344
3455
3425
3451
3438
3541
3301
3384
3446
3419
3400
3327
3499
3290
3398
3386
3452
3407
3301
3432
3458
3542
3093
3441
3395
3254
3453
3472
3475
3518
3428
3225
3543
3468
3277
3504
3407
3305
3591
3411
3459
3315
3406
3471
3366
3374
3506
3407
3395
3456
3395
3489
3434
3294
3412
3525
3499
3378
3478
3439
3357
3394
3360
3381
3459
3430
3462
3454
3420
3397
3368
3409
3548
3299
3283
3298
3403
3445
3422
3480
3496
3449
3191
3533
3279
3366
3480
3476
3462
3478
3434
3391
3531
3487
3488
3381
3405
3400
3418
3290
3396
3458
3420
3345
3428
3464
3442
3297
3412
3391
3305
3461
3396
3418
3554
3368
3267
3367
3511
3547
3450
3464
3387
3400
3396
3505
3422
3439
3383
3318
3523
3357
3383
3489
3395
3387
3376
3309
3438
3387
3428
3398
3392
3349
3395
3264
3341
3503
3346
3413
3474
3455
3338
3401
3463
3368
3449
3394
3416
3389
3436
3366
3467
3223
3260
3454
3096
3400
3375
3298
3460
3428
3336
3471
3463
3399
3486
3381
3357
3447
3442
3460
3376
3470
3384
3467
3467
3345
3422
3470
3442
3478
3306
3366
3380
3378
3404
3438
3365
3503
3353
3290
3312
3253
3473
3482
3351
3470
3318
3369
3502
3443
3429
3431
3509
3363
2645
3509
3440
3474
3440
3419
3471
3406
3372
3406
3445
3471
3451
3604
3225
3461
3398
3253
3469
3379
3501
3428
3524
3357
3385
3405
3426
3508
3474
3367
3475
3500
3375
3420
3410
3307
3282
3399
3495
3390
3491
3496
3461
3332
3268
3427
3365
3456
