-286
-132
-289
-308
-210
83
-211
-244
-177
-68
-215
-260
-247
-229
-233
-256
-256
-168
-192
-270
-237
-157
-151
-175
-197
-241
-326
-93
-244
-298
-190
-247
-203
-179
-344
-262
-194
-172
-203
-236
-411
-214
-213
-264
-216
-252
-201
-292
-166
-368
-187
-188
-190
-135
-248
-139
-103
-196
-217
-233
-249
-194
-202
-188
-235
-277
-140
-213
-238
-155
-187
-211
-221
-276
-241
-231
-195
-100
-208
-289
-274
-221
-264
-239
-201
-191
-295
-195
-160
-194
-124
-99
-203
-290
-241
-204
-180
-299
-264
-194
-184
-265
-164
-108
-156
-190
-169
-211
-221
-276
-174
-138
-293
-332
-259
-197
-293
-285
-258
-304
-229
-1
-198
-238
-326
-211
-194
-218
-177
-189
-226
-396
-85
-262
-153
-215
-202
-273
-180
-257
-76
-225
-284
-305
-294
-212
-236
-221
-208
-291
-244
-261
-222
-287
-278
-263
-186
-163
-163
-237
-250
-234
-260
-214
-213
-120
-230
-228
-257
-223
-241
-232
-286
-303
-249
-174
-183
-205
-180
-243
-212
-195
-132
-222
-237
-243
-306
-217
-325
-387
-177
583
-195
-217
-208
-201
-324
-125
-185
-327
-242
-275
-215
-294
-290
-254
-367
-212
-203
-228
-209
-274
-262
-168
-250
-162
-224
-304
-241
-261
-231
-223
-160
-207
-220
-285
-280
-127
-198
-261
-215
-287
-190
-127
-252
-195
-178
-193
-173
-256
-123
-303
-219
-230
-292
-235
-201
-173
-253
-206
-252
-162
-211
-196
-253
-175
-182
-285
-236
-198
-267
-262
-190
-250
-175
-208
-185
-252
-242
-174
-195
-228
-202
-184
-235
-227
-187
-206
-250
-321
-167
-258
-260
-162
-158
-264
-279
-191
-174
-263
-184
-217
-244
-240
-183
-113
-194
-280
-153
-308
-226
-219
-284
-206
-191
-184
-286
-274
-222
-238
-175
-118
-219
-219
-142
-221
-304
-205
-213
-211
-300
-402
-201
-244
-109
-333
-193
-188
-204
-72
-238
-117
-220
-185
-178
-187
-312
-275
-260
-162
-243
-273
-225
-236
-228
-228
-234
-225
-247
-196
-209
-374
-207
-261
-166
-208
-137
-198
-260
-275
-205
-247
-227
-207
-209
-223
-217
-194
-260
-121
-157
-265
-147
-236
-305
-262
-203
-229
-191
-178
-292
-273
-160
-184
-262
-216
-242
-306
-159
-227
-172
-223
-200
-290
-274
-194
-192
-275
-183
-182
-234
-211
-285
-158
-271
-195
-218
-263
-182
-257
-265
-286
-42
-168
644
-157
-283
-300
-243
-168
-168
-248
-207
-260
-208
-199
-225
-267
-351
-248
-68
-98
-204
-178
-243
-245
-231
-248
-143
-122
-161
-274
-162
-304
-202
-254
-196
-264
-136
-240
-163
-56
-188
-174
-229
-184
-287
-138
-253
-233
-280
-113
-184
-284
-235
-259
-162
-320
-207
-213
-156
-286
-367
-255
-223
-192
-206
-213
-280
-283
-221
227
-135
-128
-141
-285
-259
-259
-232
-235
-230
-163
-61
-235
-224
-147
-176
-146
-232
-259
-230
-215
-276
-249
-297
67
-332
-261
-290
-231
-191
-179
-235
-201
-142
-315
-331
-238
-172
-225
-228
-150
-212
-246
-283
-219
-295
-172
-208
-249
-173
-208
-227
-201
-238
-117
-184
-129
-211
-342
-208
-476
-195
-210
-244
-159
-304
-138
-220
-191
-232
-151
-169
-134
-195
-276
-262
-214
-240
-201
-209
-251
-231
-178
-208
-224
-212
-246
-225
-257
-261
-181
-182
-248
-168
-186
-202
-206
-273
-177
-314
-152
-279
-269
-312
42
-263
-229
-238
-184
-237
-247
-223
-192
-259
-214
-397
-199
-278
-238
-232
-202
-294
-207
-273
-270
-185
-142
-259
-190
-226
-174
-172
-159
-209
-262
-151
-180
-252
-174
-179
-189
-257
-201
-9
-155
-221
-176
-44
-223
-182
-179
-242
-190
-120
-192
-272
-203
-224
-211
-183
-227
-252
-209
-180
-198
-175
-191
-243
-304
-318
-230
-194
-206
-201
-292
-158
-201
-199
-220
-218
-216
-201
-227
-113
-341
-246
-207
-245
-234
-162
-207
-54
-293
-205
-282
117
-259
-138
-277
-274
-135
-141
-251
-255
-232
-149
-154
-307
-265
-294
-131
331
-248
-164
-159
-276
-269
-292
-147
-281
-256
-319
-228
-273
-214
-263
-244
-278
-207
-236
-153
-259
-202
-184
-461
29
-294
-163
-237
-283
-202
-217
-179
-222
-263
-232
-197
-203
-204
-138
-201
-276
-256
-228
-236
-243
-221
-307
-284
-139
-248
-250
-296
-218
-212
-254
-225
-202
-226
-246
-218
-210
-328
-272
-288
-202
-248
-291
-256
-287
-290
-188
-114
-213
-89
-133
-208
-116
-174
-222
-285
-169
25
-222
-208
-274
-250
-208
-235
-211
-282
-243
-139
-290
-150
-256
-234
-224
-209
-262
-223
-232
-239
-265
-250
-195
-262
-226
-196
-220
-227
-292
-161
-224
-246
-196
-194
-198
-169
-211
-178
-239
-186
-70
-261
-273
49
-239
-223
-313
-180
-157
-197
-111
-250
-287
-47
-234
-208
-190
-260
-250
-135
-274
-213
-280
-216
-155
-287
-217
-262
-287
-219
5
-240
-196
-257
-168
-207
-237
-263
-201
-198
-158
-221
-258
-268
-213
-264
-170
-211
-211
-168
-212
-245
-216
-212
-176
-227
-201
-173
-205
-218
-229
-261
-207
-280
-157
-285
-236
-220
-204
-229
-203
-189
-195
-236
-155
-247
-92
-78
-201
-199
9
-283
-313
-249
-197
-171
-162
-256
-192
-258
-228
-282
-248
-178
-154
-180
-343
-233
-280
-119
-148
-253
-282
528
-215
-294
-141
-286
-310
-248
-215
-130
-267
-156
-272
-202
-153
-202
-228
-267
-273
-234
4
-223
-214
-248
-186
-207
-235
-234
-145
-217
-4
-236
-100
-221
-158
-161
-244
-223
-173
-265
-231
-207
-166
-252
-235
-282
-196
-200
-300
-181
-119
-279
-223
-149
-206
-253
-256
-293
-245
-109
-186
-204
-199
-186
-301
-178
-233
-134
-180
-205
-215
-166
-196
-265
-276
-298
-233
-169
-217
-163
-108
-220
-173
-143
-297
-230
-312
-253
-197
-184
-217
-211
-170
-217
-196
-165
-241
-204
-195
-202
-191
-136
-219
-283
-217
-198
-210
-174
-70
-209
-292
-202
-179
-230
-206
-251
-274
-261
-228
-203
-264
-197
-181
-151
-150
-184
-282
-87
-248
-228
-54
-117
-209
-29
-282
-116
-233
-159
-223
53
-247
-257
-272
-198
-329
-73
-279
-265
-161
-273
-203
-210
-243
-159
-147
-278
-139
-182
-220
-260
-234
-220
-216
-155
-140
-154
-213
-260
-179
-201
-180
-288
-249
-258
-215
-212
-125
-285
-280
-127
-248
-275
-221
-259
-243
-140
-240
-214
-226
-53
-234
-282
-202
-265
-236
-113
-265
-216
-234
-247
-218
-302
-78
-179
-115
-200
-224
-218
-165
-134
-309
-240
-224
-183
-233
-241
-182
-210
-258
-73
-250
-169
-316
-243
-287
-295
-248
-193
-138
-285
-224
-215
-83
-201
-206
-251
-132
-238
-177
-268
-104
-255
-139
-233
-229
-290
-240
-73
-126
-219
-310
-189
-224
-217
-232
-320
-207
-286
-194
-196
-220
-283
-221
-177
-246
-289
-225
-191
-261
-241
-138
-257
-190
-222
-204
-241
-165
-221
-193
-247
-237
-315
-252
-220
26
-44
-144
-264
-193
-257
-248
-190
-118
-225
-157
-197
-288
-128
-253
-310
-159
-180
-296
-164
-157
-170
-208
-152
-128
-176
-221
-116
-227
-280
-254
-194
-134
-185
-301
-216
-192
-178
-293
-223
-257
-260
-229
-298
-218
-169
-198
-258
-192
-242
-177
-251
-168
-201
-241
-274
-397
-267
-186
-313
-176
-323
-206
-243
-218
-161
-196
-311
-246
-253
-203
-288
-192
-283
-304
-233
-296
-282
-351
-312
-155
-234
-197
-189
-216
-81
-232
-266
-204
-214
-311
-207
-594
-201
-221
-251
-155
-176
-270
-223
-204
-252
-131
-204
-229
-242
-231
-152
-234
-171
-214
-220
-263
-134
-260
-266
-174
-358
-216
-252
-145
-65
-201
-277
-139
-207
-254
-163
-251
-241
-212
-67
-260
-222
-117
-231
-258
-257
-211
-149
-182
-268
-273
-318
-274
-267
-205
-225
-175
-168
-46
-218
-268
-267
-208
-249
-272
-200
-208
-190
-256
-218
-151
-230
-168
-173
-204
-293
-268
-256
-156
-156
-75
-173
-290
-220
-202
-231
-272
-200
-198
-173
-108
-166
23
-262
-166
-279
-215
-350
-280
-121
-233
-253
-275
-215
-319
-258
-237
-147
-132
-303
-277
-235
-297
-240
-191
-208
-153
-211
-248
-247
-242
-228
-266
-281
-247
-267
-136
-273
-275
-304
-208
-317
-310
-260
-285
-243
-162
-216
-179
-311
-318
-159
-399
-228
-199
-234
-204
-277
-273
-296
-179
-247
-303
-210
-303
-246
-216
-246
-217
-250
-205
-167
-211
-206
-173
-136
-183
-201
-289
-259
-237
-163
-238
-205
-219
-221
94
-240
-247
-224
-238
-222
-243
-220
-155
-228
-91
-200
-285
-189
-262
-532
-332
-115
-252
-252
-236
-315
-259
-200
-86
-292
-178
-190
-224
-316
-223
-271
-221
-201
-169
-179
-160
-207
-203
-275
-325
-179
-88
-290
-305
-464
-149
-194
-191
-228
-197
-166
-56
-242
-236
-170
-247
-201
-141
-207
-382
-291
-306
-236
-181
-225
-315
-312
-215
-240
-256
-223
-258
-161
-152
-211
-244
-138
-301
-254
-202
-169
-292
-268
-260
-253
-289
-216
-92
-282
-158
-209
-200
-179
-110
-256
-285
-210
-314
-212
-116
-228
-152
-234
-263
-222
-275
-285
-114
-137
-255
-267
-139
-234
-157
-472
-226
-238
-199
-272
-265
-147
-237
-352
-194
-179
-201
-225
-188
-72
-220
-205
-180
-224
-118
-238
-224
-207
-262
-314
-260
-167
-170
-202
-240
-233
-374
-200
-299
-243
-272
-300
-162
-172
-204
-139
-243
-257
-169
-180
-190
-207
-245
-221
-192
-212
-278
-203
-159
-166
-170
-151
-267
-198
-234
-153
-241
-290
-283
-161
-181
-205
-130
-154
-231
-290
-146
-198
-285
-259
-232
-178
-32
-269
-232
-308
-170
-232
-255
-242
-186
-183
-212
-254
-42
-241
-157
-193
-237
-143
-252
-143
-214
-242
-206
-235
-179
-206
-127
-329
-218
-189
-224
-159
-236
-191
-207
-207
-197
-252
-286
-169
-186
-161
-162
-188
-204
-136
-206
-77
-133
-169
-290
-189
-259
-291
-156
-276
-180
-307
-214
-233
-268
-190
-204
-224
-186
-268
-230
-237
152
-232
-243
-195
-193
-272
-171
-394
-169
-238
-249
-210
-146
-42
-83
-239
-232
-221
-242
-231
-190
-211
-225
-241
-182
-295
-222
-408
-242
-218
-251
-256
-204
-191
-44
-289
-249
-186
-196
-156
-243
-222
-262
-225
-239
-262
-184
-166
-245
-175
-155
-95
-139
-259
-307
-268
-156
-189
-231
-228
-239
-251
-302
-243
-278
-201
-226
-256
-196
-223
-304
-319
-299
-245
-287
-275
-216
-199
-236
-418
-181
-136
-217
-181
-214
-226
-255
-321
-304
-276
-112
-226
-188
-270
-193
-181
-260
-267
-185
-134
-262
-237
-96
-235
-199
-186
-192
-208
-4
-199
-134
-234
-277
-170
-235
-278
-103
-318
-365
-122
-36
-162
-148
-264
-122
-212
-218
-198
-325
-190
-148
-223
-280
-243
-158
-259
-237
-218
-265
-211
-201
-217
-160
-201
-188
368
-181
-255
-237
-180
-200
-303
-213
-285
-200
-231
-232
-251
-135
-257
-257
-247
-146
-177
-300
-77
-180
-327
-287
-231
-287
-246
-296
-168
-240
-225
-323
-175
-162
-190
194
-225
-246
-279
-161
-305
-258
790
-228
-257
-235
-233
-152
-229
-176
-257
-268
-167
-275
-204
-283
-241
-218
-247
-185
-204
-227
-414
-204
-124
-198
-190
-186
-180
123
-240
-298
-200
-216
-286
-37
-247
-181
-179
-215
-269
-280
163
-171
-213
-352
-136
-280
-277
-67
-228
-204
-178
-248
-202
-208
-136
-198
-59
-234
-254
-221
-170
-208
-273
-185
-249
-228
-224
-180
-247
-255
-190
-165
-248
-219
-238
-238
-147
-278
-284
-187
-304
-241
-162
-171
-163
-79
-293
-296
-255
-170
-285
-154
-227
-203
-189
-176
-183
-201
-219
-193
-250
-195
-173
-185
-232
-50
-295
-207
-189
-302
-337
-244
-247
-183
-217
-231
-159
-200
-159
-213
-301
-223
-190
-197
-202
-223
-297
-200
-283
-209
-274
-178
-165
-288
-157
-221
-252
-258
-345
-223
-226
-256
-139
-210
-206
-239
-206
-77
-215
-158
-279
-220
-295
-203
-96
-217
-157
-199
-221
-287
-214
-256
-188
-257
-24
-210
-279
-206
-287
-255
-197
-257
-251
-155
-254
-195
-258
-218
-180
-219
-251
-220
-164
-275
-216
-171
-224
-167
-271
-171
-249
-698
-204
-311
-318
-268
-243
-200
-235
-218
-253
-288
-177
-455
-180
-38
-282
-255
-227
-300
-179
-277
-261
-283
-207
-291
-231
-256
-280
-225
-211
-241
-222
-325
-245
-235
-284
-241
-175
-290
611
-214
-375
-167
-308
-206
-253
-212
-305
-159
-248
-356
-125
-285
-194
-223
-261
-217
-291
-191
-242
-282
-111
-116
-199
-318
-202
-263
-192
-176
-265
-84
-253
-207
-151
-156
-241
-223
-268
-192
-174
-239
-172
-220
-206
-182
-264
-261
84
-164
-148
-68
-205
-242
-292
-237
-220
-261
-241
-289
-217
-137
-249
-249
-145
-257
-335
-279
-149
-200
-291
-266
-227
-233
-256
-107
-270
-218
-99
-155
-232
-183
-203
-294
-214
-193
-268
-297
-227
-223
-183
-210
-140
-185
-210
-240
-274
-257
-281
-200
-221
-173
-278
-193
-146
-253
-270
-142
-220
-192
-143
-253
-37
-260
-170
-127
-132
-200
-251
-123
-234
-220
-20
-359
-205
-353
-207
-183
-195
-366
-197
-76
-146
-254
-201
-262
-112
-233
-136
-172
-154
-224
-264
-159
-229
-210
-332
-134
-211
-204
-313
-176
-108
-155
-265
-213
-152
-256
-91
-259
-256
-250
-176
-239
-251
-102
-129
-232
-190
-231
-161
-316
-223
-154
-232
-210
-162
-264
-264
-158
-250
-208
-208
-260
-422
-200
-215
-284
-241
-158
-256
-143
-231
-135
-237
-250
-200
-260
-271
-230
-274
-183
-185
-221
-175
-177
-203
-218
-255
-259
-223
-122
-263
-205
-353
-201
-243
-218
-187
-324
-234
-154
335
-392
-196
-271
-226
-221
-260
-183
-186
-222
-215
-220
-187
-253
-243
-277
-123
-252
-156
-147
-239
-251
-48
-219
-169
-268
-240
-242
-272
-195
-174
-261
-199
-206
-259
-244
-219
-207
-202
-208
-151
-202
-236
-256
-239
-263
-261
-140
-185
-194
-191
-191
-174
-202
-249
-347
-258
-85
-248
-117
-375
-266
-212
-311
-169
-213
-251
-152
-130
-153
-269
-271
-238
-256
-186
-291
-230
-183
-211
-286
-206
-153
-266
-229
-190
-209
-250
-250
-217
-191
-223
-232
-200
-149
-268
-162
-243
-178
-278
-167
-123
-187
-184
-205
-199
-181
-256
-197
-148
-229
-164
-247
-218
-216
-199
-224
-139
-306
-256
-224
-181
-252
-153
-195
-225
-288
-252
-172
-226
-115
-223
-91
-219
-299
-200
-172
-198
-232
-153
-277
-238
-118
-214
-225
-221
-66
-247
-164
-166
-174
-263
-123
-221
-253
-244
-293
-263
-201
-264
-244
-269
-291
-254
-135
-232
-214
-207
-177
-140
-312
-240
-202
-224
-145
-216
-270
-204
-313
-253
-177
-159
-252
-267
-226
-189
-176
-203
-193
-188
-226
-231
-245
-269
-284
-186
-256
-195
-246
-206
-238
-200
-266
-111
-268
-219
-303
-219
-212
-369
-247
-195
-189
-173
-284
-268
-209
-123
-166
-262
-251
-216
-271
-204
-175
-219
-177
-161
-217
-220
-224
-275
-279
-216
-250
-57
-247
46
-227
-260
-138
-106
-363
-165
-248
-185
-219
-179
-303
-122
-148
-299
-281
-164
-241
-284
-252
-281
-201
-238
32
-309
-72
-266
-188
-291
-192
-376
-201
-136
-355
-159
-238
-165
-248
-312
-173
-194
-237
-205
-202
-192
-54
-257
-152
-87
-134
-196
-234
-195
-181
-279
-41
-253
-280
-282
-283
-158
-263
-286
-165
-245
-178
-207
-256
-132
-214
-90
-165
-217
-292
-234
-251
-110
-326
-387
-211
-209
-198
-236
-234
-207
-199
-253
-180
-178
-356
-240
-221
-135
-234
-134
-193
-152
-177
-261
-280
-261
-211
-241
-162
-293
-283
-219
-246
-123
-227
-169
-280
-226
-269
-237
-119
-239
-176
-237
-253
-252
-170
-203
-199
-263
-213
-202
-236
-264
-233
-236
-237
-191
-161
23
59
-307
-238
-175
-137
-256
-214
-177
-161
-189
-191
26
-373
-259
134
-290
-327
-190
-282
-229
-454
-330
-205
-334
-227
-257
-327
-264
-277
-81
-224
-236
-240
-180
-230
-233
-173
-171
-200
-128
-306
-182
-351
-356
-248
-273
-226
-261
-198
-271
-245
-238
-254
-310
-209
-267
-94
-208
-242
-241
-192
-188
-215
-115
-194
-197
-426
-258
-160
-261
-155
-128
-266
-162
-162
-103
-290
-190
-295
-226
-279
-167
-213
-212
-257
-231
-147
-252
0
-305
-159
-183
-231
-177
-275
-196
-261
-250
-299
-277
89
-140
-172
-169
-182
-57
-229
-177
-241
-150
-58
-130
-83
-220
-201
-316
-299
-263
-232
-259
-115
-208
-172
-155
-164
-171
-218
-259
-181
-296
-232
-92
-269
-201
-250
-195
-208
-256
-131
-211
-262
-409
-263
-192
-146
-190
-164
-193
-219
-191
-117
-283
-206
-273
-252
274
-344
-190
-255
-184
-318
-126
-214
-183
-166
-162
-215
-243
-223
-233
-283
-292
-249
-318
-249
-290
-188
-276
-168
-145
-197
-133
-224
-250
-223
-108
-230
-206
-172
-208
-198
-242
-189
-261
-297
-282
-218
-275
-262
-291
-258
-192
-187
-259
-232
-260
-322
-183
-199
-184
-227
-239
-191
-243
-167
-239
-275
-148
-251
-269
-178
-208
-268
-192
-227
-213
-221
-209
-151
-162
-246
-279
-75
-223
-241
-274
-287
-154
-170
-163
396
-137
-175
-61
-267
37
-318
-310
-112
-198
-202
-215
-287
-273
-153
-325
-162
-164
-184
-216
-321
-211
-199
-173
-200
-238
-182
-260
-265
-333
-146
-221
-188
-202
266
-279
-223
-227
-176
-258
-91
-64
-317
-194
-294
-218
-203
-184
-272
-215
-217
-200
-157
-250
-201
-233
32
-217
-198
-145
-131
-230
-212
-168
-216
-205
-223
-247
-322
-376
-249
-280
-278
-134
-169
-250
-467
-195
-319
-263
-14
-212
-185
-276
-252
-140
-190
-330
-284
-256
-230
-106
-220
-209
