3381
3423
3191
3331
3210
3344
3188
3175
3357
3260
3186
3211
3246
3285
3377
3203
3168
3239
3337
3398
3213
3251
3424
3294
3320
3270
3163
3284
3154
3497
3355
3272
3282
3272
3494
3398
3150
3334
3248
3253
3401
3370
3255
3323
3324
3232
3364
3367
3469
3458
3159
3343
3340
3197
3232
3272
3403
3182
3388
3286
3284
3245
3294
3194
3400
3292
3429
3388
3324
3329
3396
3378
3403
3234
3313
3139
3260
3157
3326
3359
3393
3375
3304
3347
3265
3354
3198
3374
3448
3252
3289
3375
3173
3085
3316
3361
3102
3300
3302
3327
3448
3478
3218
3344
3180
3175
3321
3323
3356
3162
3280
3273
3301
3349
3425
3436
3299
3408
3276
3372
3260
3237
3420
680
3318
3183
3232
3119
3303
3337
3385
3402
3227
3338
3271
3409
3334
3230
3338
3195
3391
3386
3337
3053
3243
3337
3339
3085
3329
3190
3213
3169
3271
3350
3410
3263
3316
3199
3307
3183
3295
3269
3389
3400
3108
3362
3248
3280
3089
3323
3360
3309
3290
3341
3357
3418
3231
3336
3325
3263
580
3324
3443
3478
3421
3397
3104
3321
3246
3364
3329
3409
3154
3204
3230
3281
3365
3284
3352
3282
3357
3330
3389
3187
3218
2852
3434
3327
3363
3249
3242
3384
3317
3174
3334
3253
3272
3258
3202
3333
3352
3258
3353
3204
3305
1383
3332
3233
3320
3137
3108
3393
3287
3406
3371
3225
3210
3284
3271
3113
3372
3368
3270
3166
3385
3239
3357
3311
3162
3310
3301
3508
3292
3319
3283
3311
3330
3109
3305
3253
3394
3357
3502
3391
3225
3072
3173
3293
3255
3326
3290
3304
3336
3302
3371
3344
3182
3327
3289
3258
3223
3183
3421
3156
3196
3373
3215
3395
3305
3393
3236
3205
3327
3174
3189
3246
3328
3354
3268
3313
3350
3213
3348
3432
3307
3321
3278
3313
5885
3413
3199
3146
3140
3360
3387
3232
3275
3346
3332
3319
3400
3256
3293
3281
3364
3352
3333
3122
3377
3371
3269
3166
3364
3302
3273
3288
3119
3368
3394
3259
3305
3433
3302
3316
3303
3220
3281
2999
3294
3115
3307
3307
3267
3273
3407
3260
3178
3191
3248
3298
3254
3220
3311
3294
3349
3229
3249
3335
3318
3332
3157
3243
3401
3246
3074
3387
3317
3296
3213
3342
3337
1046
3317
3183
3088
3386
3412
3430
3412
3216
3328
3302
3327
3233
3450
3452
3245
3333
3299
3296
3243
3216
3213
3299
3348
3192
3356
3348
3272
3379
3348
3144
3362
3429
3304
3314
3301
3248
3447
3194
3304
3297
3240
3236
3344
3374
3364
3403
3356
3239
3210
3145
3375
3227
3405
3402
3231
3314
3363
3343
3267
3398
3242
3197
3381
3081
3268
3280
3364
3171
3347
3299
3285
3246
3401
3409
3262
3365
3058
3213
3309
3234
3433
3330
3147
3326
3168
3074
3348
3341
3302
3324
3372
3333
3214
3236
3480
3409
3200
3325
3354
3325
3279
3330
3324
3305
3314
3118
3286
3275
3327
3376
3403
3189
3339
3396
3313
3286
3270
3346
3183
3275
3172
3177
3309
3367
3323
3259
3349
3353
3236
3366
3391
3333
3225
3301
3359
3171
3325
3204
3392
3322
3300
3291
3275
3312
1363
3304
3342
3247
3309
3407
3409
3374
3227
3157
3450
3295
3232
3345
3282
3270
3474
3356
3308
3201
3248
3406
3199
3341
3444
3226
3234
3309
3282
3361
3324
3166
3296
3395
3379
3278
3353
3287
3280
3301
3295
3252
3397
3279
3250
3358
3217
3236
3261
3327
3417
3073
3233
3251
3271
3295
3367
3312
3393
3264
3158
3397
3186
3422
3413
3376
3354
3358
3341
3246
3264
3397
3343
3357
3367
3398
3322
3131
3327
3172
3355
3353
3254
3368
3288
3238
3370
3298
3167
3349
3196
3398
3376
3251
3039
3260
3493
3435
3376
3299
3249
3210
3299
3334
3196
3364
3263
3213
3445
3166
3263
3429
3205
3209
3263
3085
3265
3123
3358
3187
3244
3200
3202
3151
3413
3305
3242
3419
3201
3303
3172
3257
3348
3315
3347
3332
3333
3315
3419
3193
3375
3063
3226
3251
3067
3312
3283
3228
3337
3271
3239
3331
3360
3313
3475
3350
3261
3328
3383
3304
3266
3307
3261
3351
3457
3242
3312
3401
3311
3344
3208
3209
3260
3191
3344
3406
3228
3395
3263
3219
3160
2891
3411
3400
3272
3342
3226
3258
3267
3377
3091
3324
3365
3273
567
3413
3340
3274
3385
3362
3300
3249
3186
3254
3338
3375
3397
3311
3128
3297
3331
3177
3367
3234
3334
3301
3304
3259
3263
3331
3372
3338
3401
3243
3469
3389
3198
3256
3340
3185
2653
3307
3340
3272
3355
3342
3320
3210
3262
3261
3323
3384
