3607
3516
3482
3495
3407
3524
3472
3694
3717
3502
3373
3126
3337
3177
3592
3480
3571
3398
3710
3279
3399
3304
3583
3588
3410
3535
3344
3555
3369
3531
3680
3416
3518
3569
3639
3585
3603
3389
3453
3272
3649
3525
3674
3459
3710
3446
3438
3670
3598
3645
3408
3557
3441
3044
3425
3430
3666
3201
3640
3376
3610
3461
2874
3330
3667
3534
3607
3627
3483
3551
3613
3680
3535
3446
3578
3347
3580
3229
3315
3427
3634
3702
3609
3424
3196
3455
3368
3467
3641
3646
3559
3602
2572
3510
3397
3433
2950
3259
3553
3662
3768
3727
3536
3320
3362
2485
3519
3737
3414
3401
3532
3551
3329
3523
3645
3478
3538
3667
3624
3401
3489
2676
3405
3434
3100
3485
3542
3390
3549
3347
3638
3510
2934
3462
3612
3596
3460
3416
3551
2799
3648
3587
3621
3633
3582
1709
3666
3591
3561
3315
3528
3528
3268
3652
3717
3386
3529
3245
3501
2712
3622
3686
3420
3658
3508
3527
3524
3354
2387
3597
3657
3534
3368
3500
3646
2631
3511
3540
3472
3565
3608
3772
3537
3484
3577
3569
3520
3529
3663
3538
3589
3359
3457
3630
3521
3458
3647
3311
3491
3373
3541
3434
2795
3404
3584
3363
3570
3398
3659
3398
3406
3613
3393
3446
3558
2866
3009
3675
3055
3461
3589
3524
3551
3475
3557
2813
3425
3369
3558
3635
3502
3520
3460
3681
3572
3459
3498
3365
3689
3335
3531
3628
3592
3435
3538
2905
3319
3553
3452
3188
3496
3419
3531
3651
3688
3510
3426
3448
3597
3531
3650
3505
3541
3551
3216
3367
3601
3499
3557
3647
3583
3598
3487
3529
3712
3669
3397
3600
3526
3521
3276
3531
3721
2872
3618
3616
3606
3523
3376
3758
3381
3161
3491
3597
3411
3361
2988
3209
3565
3546
3664
3613
3628
3675
3518
3387
3246
3636
1669
3586
3511
2893
3512
3429
3653
3474
3651
3609
3532
3220
3555
3501
3428
3581
3647
3589
3363
3578
3625
3578
3370
3070
3521
3592
3579
3620
3497
3720
3680
3586
3354
3768
3428
3619
3454
2611
3635
3467
3610
3584
3556
3620
3644
2929
3666
3652
3526
3472
3386
3584
3585
3548
3382
3498
3504
3623
3379
3569
3580
3445
3598
3586
3620
3568
3511
3636
3653
3586
3394
3718
3578
2248
3591
3495
3464
3691
3446
3595
3559
3452
3307
3484
3521
3588
3676
3750
3486
3436
3587
3628
3504
3304
3492
3626
3292
3458
3662
3510
3596
3687
3509
3530
3673
3703
3503
3407
3559
3501
3568
2940
3489
3131
3525
3430
3449
3529
3616
3482
3591
3363
3629
3500
3567
3478
3621
3727
3401
3568
3529
3473
3410
3654
3483
2741
3644
3418
3543
3451
3560
3362
3725
3705
3539
3341
3694
3732
3636
3596
3461
3485
3494
2962
3659
3553
3560
3260
3313
3496
3371
3585
3576
3420
3498
3641
3449
3553
3527
3591
3393
3496
3589
3465
3192
3545
3485
3547
3443
3546
3306
3673
3654
3474
3302
3574
3554
3497
2730
3427
3628
3438
3416
3655
3514
3454
3375
3682
3457
3530
3596
3606
3451
3418
3454
3658
3474
3350
3480
2828
3496
3485
3671
3288
3533
3428
3557
3704
3537
3665
3547
2987
3345
3325
3713
3537
3677
3533
3521
3579
3475
3845
3389
2896
3581
3405
3634
3107
3589
3516
3464
3425
3671
3237
3610
3665
3591
3618
3513
3321
3576
3551
3675
3401
3531
3658
3492
3552
3446
3644
3666
3652
3461
3701
3611
3154
3511
3604
3735
2887
3634
3632
3481
3598
3580
3418
3574
3590
3272
3660
3361
3657
3673
3544
3737
3511
3367
3504
3524
3646
3606
3546
3538
3786
3659
3477
3642
3449
3651
3313
3512
3547
3640
3431
3694
3407
3048
3612
3370
3722
3580
3369
3423
3613
3645
3601
3572
3587
3529
3509
3515
3646
3583
3282
3416
3444
3514
3501
3632
3649
3411
3545
3537
3529
3639
3309
3702
3617
3513
3662
3673
3380
3719
3559
3494
3469
2883
3427
3272
3570
3647
3464
3620
3709
3668
3674
3620
3491
3710
3455
3599
3482
2987
3575
3484
3353
3696
3550
3535
3521
3731
3511
3664
3666
3459
3623
3689
3489
3372
3720
3632
3685
3645
3615
3526
3681
3568
3431
3397
3384
3481
2965
3740
3566
3429
3571
3611
3451
3215
3465
3670
3604
3311
3505
3348
3613
3474
3750
3475
3558
3708
3373
3356
3605
3678
3502
3538
3614
3502
3501
3488
3544
3462
3579
3640
3866
3268
3409
3548
3337
3609
3283
3532
3594
3666
3463
3466
3516
3486
3517
3536
3700
3700
3638
3371
3509
3531
3396
3072
3607
3542
3264
3529
3481
3528
3434
3550
3318
3469
3752
