-223
-2
-185
-212
-294
-242
-251
-253
-114
-233
-315
-231
-221
-137
-274
-178
-112
-158
-286
-198
-131
-145
-255
-182
-201
-283
-294
-107
-165
-236
-268
-133
-290
-202
-240
-448
-125
-209
-210
-266
-116
-287
-186
-177
-249
-188
-149
-279
157
-265
-238
-203
-226
-224
-186
-198
-238
-267
-167
-214
-246
-284
171
-252
-119
-215
-85
-277
-226
-213
-300
-363
-229
-284
-226
-154
-364
-238
-224
-337
-321
-280
-227
-257
-142
-224
-134
-264
-243
-261
-89
-185
-273
-320
-275
-306
-337
-212
-212
38
-156
-295
-344
-239
-206
-244
-63
-215
-220
-49
-244
-194
-275
-197
-290
-316
-175
-224
-271
-219
-259
-291
-117
-71
-170
-145
-156
-310
-258
-287
-283
-191
-290
-249
-48
-242
-142
-300
-318
-201
-290
-253
-228
-230
-166
-318
-245
-136
712
-187
-248
284
-218
-280
-300
-256
-181
-203
-153
-280
-292
-310
-213
-197
-296
-184
-103
-203
-220
-241
-171
-252
-103
-39
-342
-356
-8
64
-279
-192
-268
-204
-34
-224
-266
-351
-252
-342
-240
-313
-238
-210
-290
-241
-213
-267
-300
-312
-278
-254
-289
-280
-215
-265
-177
-192
-297
-208
-178
-219
-235
-386
-275
-249
-291
-231
-97
-168
-184
-191
-233
-248
-244
-244
-250
-137
-245
-372
-367
-216
-217
-229
-176
-160
-44
-323
-228
-151
-209
-200
-298
-150
-185
-294
-236
-231
-250
-164
-100
-77
-277
-264
-332
-228
-258
-250
-218
-260
-237
-143
-218
-314
-223
-267
-213
-374
-223
-192
-165
-160
-240
-283
-15
-289
-274
-258
-351
-238
-197
-309
-214
-213
-202
-299
-181
-280
-185
-217
-208
-293
-61
-231
-183
-268
-130
-179
-237
-258
-341
-173
-283
-351
-186
-192
-155
-282
-280
-302
-365
-98
-219
-168
-12
-182
-123
-256
-277
-224
-120
-297
-214
-154
-317
-246
-5
-295
-296
-275
-323
-247
-140
-196
-209
-309
-227
-202
-218
-193
-143
-209
-215
-134
49
-98
-168
-273
-101
-185
-215
-56
-288
-165
-171
-246
-251
-212
-219
-248
-195
-250
-141
-204
-81
-295
72
-120
-94
-223
-187
-227
-296
-283
-191
-194
-207
-198
-131
-200
-241
-306
-220
-221
-232
-241
-246
-282
-269
-50
-311
-198
-224
-207
-298
-226
-284
-211
-294
-322
-262
-234
-313
-252
-218
-247
-248
-75
-323
-152
-270
-355
44
-349
0
-217
-24
-348
-77
-216
-113
-255
-314
-241
-307
-182
-291
-296
-195
-197
-250
-194
-307
-54
-231
-213
-199
-306
-287
-244
-245
-204
-241
-463
-324
-248
-152
-307
-173
-142
-237
-245
-204
-263
-270
-248
-301
-168
-62
-68
-257
-246
-348
-280
-314
-24
-114
-37
-267
-264
-245
-184
-202
-328
-282
-298
-185
-212
-306
-20
-211
-213
-251
-274
-220
-116
-291
-238
-77
-251
-161
-231
-2
-188
-36
-58
-282
-232
-274
-200
-200
-277
-228
-201
-292
-150
-155
-283
-263
-271
-205
-178
-142
-297
-212
-232
-226
-195
-204
-209
-361
-380
-190
-248
-212
-260
-200
-251
-254
-183
-186
-237
-145
-244
-133
-77
-313
-314
-160
-212
-202
-228
-286
-189
-220
-212
-191
-140
-342
-246
-110
-290
-237
-232
-233
-219
-231
-71
-201
-183
-263
-215
-239
-281
-370
-40
-349
-175
-211
-475
-40
-195
-120
-249
-278
-222
-185
-301
-219
-232
-282
-179
-172
-319
-116
-194
-231
-195
-204
-218
-255
-219
-182
-179
-172
-242
-152
-210
-194
-157
-188
-301
-245
36
-101
-242
-393
-284
-277
-150
-192
-231
-341
-305
-214
-259
-245
-265
-223
-327
-213
-260
-52
-191
-247
-195
-116
-295
-123
-139
-243
-66
-221
-220
-223
-255
-312
-157
-227
-293
-179
-298
-474
-228
-189
-103
-259
-263
-263
-271
-149
-271
-282
-243
-173
-251
-268
-240
-307
-286
-241
-172
-225
-254
12
-217
-185
-298
-335
-251
-102
-186
-282
-92
-309
-233
-305
-230
-190
-174
-224
-386
-253
-250
-272
-58
-91
-231
-204
-91
-228
-243
-154
-271
-249
-217
-243
-167
-150
-224
-179
-224
-182
-250
-226
-389
-109
-233
-152
-226
-114
-352
-106
-249
-202
-302
-306
-200
-239
-116
-43
-254
-199
-254
-145
-278
-204
-193
-195
-233
-105
-200
-307
-245
-159
-186
-245
-186
-185
-271
-216
-189
-110
23
-326
-199
-239
-275
-225
-118
-387
-265
-75
-270
-291
-281
-72
-237
-228
-207
-190
-187
-260
-112
-318
-223
-8
-267
397
-158
-173
-269
-247
-198
-183
-67
-278
-230
-235
-176
-165
-316
-269
-236
-210
-236
-123
-191
-247
-193
-309
-207
-181
-201
-299
-256
-216
-186
-61
-392
-223
-129
-244
-378
-206
-199
-129
-293
-276
-283
-169
-146
-290
-252
-233
-94
-241
-206
-309
-140
-297
-226
-215
-486
-365
-275
-236
-39
-134
-207
-341
-172
-323
-258
-200
-190
-160
-102
-238
-50
-110
-282
-213
-302
-113
-283
-212
-127
-231
-199
-266
-247
-246
-294
-215
-168
-266
-12
-62
-273
-209
-200
-326
-243
117
-308
-183
-94
-159
-248
-376
-216
-235
-134
-179
-264
-224
-286
-208
-308
-246
-127
-71
-266
-207
-304
-259
-208
-153
-260
-262
-289
-147
-102
-236
-262
-300
-144
-215
-199
-227
-263
-97
-288
-267
-278
-85
-252
-239
-203
-230
-35
-349
-239
-152
-317
-145
-179
-110
-257
-242
-199
-247
-349
-271
-215
-194
-235
-218
-294
-282
-230
-183
-152
-230
-142
-210
-116
-203
-249
-296
-99
-260
-227
-106
-244
-243
-212
-185
-210
-252
-225
-173
-369
-229
-275
-194
-237
17
-210
-193
-228
-106
-532
-180
-195
-311
-225
-281
-241
-222
-259
-175
-258
-171
-270
-239
-251
-297
-60
-247
-262
-222
-296
-408
-208
-76
-296
-232
-290
-287
-229
-269
-226
-192
-227
-190
-149
-205
1041
-268
-199
-160
-265
-369
-204
-301
-125
-239
-195
-205
-257
-342
-299
-302
71
-162
-209
-181
-144
-111
-268
-308
-202
-269
-72
-250
-184
-270
-213
-200
-199
-95
-251
-242
-303
-283
-110
-215
-220
-150
-253
-174
-211
-299
-317
-117
-200
-241
-327
-144
-56
-164
-169
-189
-307
-261
-213
-153
-223
-247
-243
-118
-287
-230
-279
-276
-298
-100
-168
-152
-282
-87
-162
-194
-258
-126
-214
-253
-125
-278
-249
-229
-185
-204
-282
-226
-245
-152
-194
-164
-171
-286
-198
-198
-220
-218
348
-247
-277
-115
-215
-220
56
-353
-190
-229
-53
-263
-291
-172
-162
-193
-192
-244
-219
-268
-103
-190
-215
-184
-228
-177
73
-249
-260
-37
-162
-387
-234
-267
-216
-283
-228
-271
-296
-262
-290
-188
-223
-249
-209
-269
-191
-91
-290
-248
-349
-49
-141
-76
-303
-267
74
-8
-161
-231
-102
-259
-189
-262
-209
-293
-189
104
-251
-92
-261
-203
-175
-258
-185
-198
-274
-144
-327
-240
-156
-227
-198
-249
-210
-203
-120
-286
-287
-145
-186
-204
-227
-199
-268
-339
-335
-211
-101
32
-198
-218
-319
-163
-236
20
-205
-230
-180
9
-199
-280
-178
-182
-213
-264
-234
-297
-105
-168
-222
-181
-292
-206
-290
-238
-308
-263
-173
-182
-196
-177
-210
-189
-150
-248
-257
-207
85
-222
-275
-239
-206
-201
-162
-317
-250
-216
-285
-225
-250
-200
-107
-288
-162
-198
-210
-238
-72
-203
-174
-261
-291
-202
-244
-221
-248
161
-258
-250
-190
-368
-289
-182
-351
-119
-201
-247
-217
-157
-254
-202
-339
-259
-184
-287
-262
-175
-273
-246
-177
648
-261
-271
-241
-234
-297
-279
-360
-222
-264
-305
-88
-202
-229
-192
-202
-250
-264
-208
-139
-240
-200
-119
-192
-175
-262
-237
-170
-193
-251
-230
-266
-289
-185
-338
-141
-276
-297
-272
-214
-287
-204
-281
-210
-256
-216
-184
-249
-294
-151
-203
-268
-213
-120
-159
-173
-416
-237
-283
-237
-251
-1
-160
-94
-258
-264
-208
-246
-152
-172
-244
-491
-228
-140
-120
-255
-133
-247
-277
-367
-315
-226
-232
-298
-213
-188
-217
-177
-218
-187
-314
-408
-322
-225
-251
-273
-300
-291
-331
-333
-281
-206
-280
-169
-235
-214
-227
-182
-164
-184
-278
-523
-268
-220
-121
-211
-215
-240
-128
-218
-238
-312
-242
-302
-267
-46
-218
-247
-232
-307
-289
-163
-238
-296
-277
-191
-273
-298
-269
-203
-398
-184
-210
-250
-283
-337
-175
-239
-195
622
-210
-282
-271
-219
-248
-260
-307
-267
-281
-219
-264
-257
-245
-280
-279
-267
-164
-283
-335
-321
-345
-338
-250
-240
-117
-162
17
-279
-276
-293
-182
-172
-274
-125
-167
74
-198
-349
-42
-317
-244
-213
-266
-206
123
-284
-135
-246
-49
-229
-214
-273
-224
-160
-301
-199
-282
-255
-155
-282
-112
-160
-265
-94
-185
-287
-216
-264
-123
-163
-325
-234
-178
-49
-270
-328
-149
-180
-242
-236
-258
-168
-202
-296
-182
-362
-150
-87
-269
-144
-307
-279
-255
-274
-238
-193
-102
-204
-164
-145
-227
-169
-376
-213
-209
-3
-192
-175
-195
-176
-49
-61
-125
-221
-255
-172
-208
-197
125
-228
-222
-278
-335
-146
-155
-191
-177
-241
-217
-170
-106
-129
-257
-212
-287
-306
-266
-284
-339
-193
-248
-181
-178
-177
-160
-279
-231
-280
-265
-79
356
-250
-237
-273
-215
-195
-294
-220
-202
-172
-205
-286
-136
-209
-255
-195
-220
-240
-292
-120
-268
-232
-243
-255
-225
-287
-148
-109
-152
30
-339
-198
-248
-177
-141
-251
-315
-336
-223
-137
-168
-237
-291
-264
-216
102
-104
-295
-116
-153
-126
-125
-238
-109
-235
-39
-132
-319
-20
-366
-65
-214
-207
-170
-113
-183
-225
-203
-256
-241
-133
-130
-247
-246
-214
-378
-358
-337
-291
-201
-267
-237
-280
-229
-257
-251
-234
-200
-153
-221
-195
-170
-222
-308
-272
-250
-231
-248
-265
-310
-254
-173
-148
-341
-334
-219
-235
-176
-224
-149
21
-266
-227
-288
-177
-235
-268
-217
-264
-211
-221
-44
661
-179
-251
-347
-206
-277
-235
-254
-247
-177
-150
-245
-170
-289
-146
-269
-205
-276
-276
-143
-297
-170
-255
-172
-198
-309
-171
-116
-200
-225
-201
-259
-230
-292
-243
-179
-277
-254
-110
-143
-261
-188
-309
-203
-138
-165
-259
-84
-312
-247
-259
-166
-280
-138
-296
-284
-166
-166
-201
-287
-106
-149
-168
-274
-117
-282
-334
-290
-123
-236
25
-180
-257
-183
-272
-139
-147
-277
-250
-285
-346
-225
-218
-240
-176
-158
-164
-260
-234
-258
-355
-215
-251
-175
-299
-269
-205
-211
-273
-107
-295
-171
-241
-324
26
-208
-133
-225
-188
-195
-248
-222
-250
-247
-228
-227
-222
-432
-255
-204
-193
-228
-212
-324
-222
-252
-230
-404
-239
-271
-267
-298
-139
-243
-197
-314
-240
-68
-255
-359
-189
-272
-261
-251
-181
-259
-254
-139
-87
-234
-275
-196
-225
-160
-212
-264
-119
-190
-97
-284
-312
-294
-144
-100
-162
-233
-263
-306
-275
-218
-161
-286
-72
-228
-69
-187
-183
-264
-284
-105
-254
-228
-212
-222
-323
-96
-200
-170
-216
-241
-264
-281
-192
-157
-288
-184
-262
-193
-260
-261
-356
-113
-223
-123
-268
-140
-207
-246
-243
-181
-213
-216
-286
-243
-176
-168
-223
-219
-343
-260
-288
-238
-191
-274
-226
-96
-204
-133
-248
-215
-232
-205
-196
-227
-182
-225
-291
-331
-100
-153
-327
-263
-239
-194
-326
-177
-168
-220
-216
-224
-202
42
-296
-257
-190
-222
-164
-241
-237
-334
-244
-61
-306
-209
-225
-197
-176
-175
-227
-196
-177
-240
-248
-250
-175
-117
-186
-146
-203
-274
-180
-125
-406
-125
-173
-157
-224
-210
-245
-253
-258
-303
-245
-138
-172
-203
-268
-290
-200
-196
-185
-141
-243
-241
-127
-25
-346
-203
16
-202
-47
-180
-177
-215
-260
-267
-167
-173
-173
-295
-266
-110
-269
-170
-239
-132
-249
-247
-138
-225
-212
-262
-223
-98
-201
-252
-186
-196
-140
-162
-190
-243
-167
-128
-244
-258
-192
-246
-216
-415
-263
-261
-98
-221
-284
-207
-232
-293
-239
-247
-196
-322
-242
-230
-276
-252
-176
-259
-297
-191
-185
-241
29
-89
-281
-278
-117
-52
-147
-288
-161
-264
-194
-386
-235
-295
-228
-225
-302
-249
-188
-229
-144
-271
-357
-190
-173
-200
-147
-376
-165
-347
-204
-264
-74
-193
-214
-177
-141
-298
-383
-112
-239
-104
-217
-221
-170
-178
-258
-177
-132
-237
-133
372
-261
-174
-135
-265
-223
-365
-291
-365
-260
-246
-29
-48
-284
-175
-224
-155
-41
-204
-209
-287
-116
-111
-232
-322
-267
-246
-239
-215
-266
-304
-257
-200
-215
-185
-371
-198
-155
-209
-289
-226
-317
-113
-104
-243
-218
-277
-195
-177
-180
-94
-172
-193
-662
-120
-301
-233
-235
-249
-208
-223
-232
-161
-171
-269
-68
-225
-243
-299
-404
-162
-247
-218
-260
-228
-414
-262
-181
-229
-231
-289
-69
-238
-212
-237
-214
-177
-259
-167
-344
-181
-240
-306
-199
-93
-10
-259
-176
-102
-218
-187
-253
-175
-352
-325
-320
60
-173
-205
-344
-281
-67
-272
-273
-223
-263
-285
-344
-157
-69
-130
-294
-260
-243
-229
-261
-104
-219
-282
-223
-228
-355
-165
-260
-225
-49
-210
-227
-239
-194
-246
-149
-271
-266
-289
-265
-193
-194
-156
-272
-147
-105
-267
-163
-250
-219
-248
-231
35
-207
-264
-201
-198
-191
-196
-127
-220
-247
-297
-408
-346
-295
-231
-203
-226
-205
-264
-124
-265
-394
-180
-224
-251
-295
-190
-221
-152
-111
-294
-195
-267
-256
-229
-181
-302
-241
-279
-7
-157
-250
-270
-247
-85
-278
-289
-168
-118
-158
-177
-131
-193
-275
-206
-218
-207
-243
-248
-205
-218
-265
-168
-321
-294
-228
-232
-251
-325
-185
-222
-180
-95
-232
-199
-275
58
-262
-193
-186
-227
-232
-240
-195
-286
-272
-219
-285
-219
-165
-238
-173
-10
-244
-216
72
-196
-206
-198
-150
-246
-249
-106
-161
22
-162
-200
-219
-138
-272
-249
-201
-215
-262
-248
-268
-162
-213
-227
-306
-290
-159
-253
-286
-293
-186
-278
-388
77
-119
-258
-119
-140
-267
-217
-220
-105
-291
-146
-229
-200
-100
-295
-185
-241
-183
-254
-282
30
-344
-199
-246
-189
-144
-201
-333
-346
-337
-85
-323
-293
358
-329
-172
-296
-244
-161
-290
-193
-280
-205
-272
-138
-275
-189
-190
-219
-171
-270
-169
-242
-323
-205
-300
-178
-304
-334
-258
-118
-207
-321
-314
-80
-261
-216
-266
-166
-223
-214
-238
-259
-162
-289
-137
-247
-212
-221
-254
-348
-292
-729
-180
-313
-75
-187
-259
-106
-265
-188
-156
-219
-318
-323
-82
-280
144
-205
-217
-274
-332
-185
-241
-287
-214
-185
-217
-746
-235
-200
-261
-290
-234
-206
138
-254
-249
-338
-98
-110
-263
-107
-153
-159
-269
-71
-254
-190
-297
-220
-160
-188
-228
-230
-258
-244
-236
-277
-168
-109
-337
-186
-183
-223
-174
-268
-223
-290
-280
-117
-334
-262
-280
-183
-200
-235
-252
-270
-287
28
-141
-189
-279
-35
-306
-189
-306
-193
-275
-356
-293
-72
-330
-189
-257
-219
-318
-359
-203
-259
-171
-211
-171
-193
-232
-196
-256
-144
-344
-179
-316
-252
-160
-338
-103
-239
-297
-295
-140
-240
-214
-202
-286
-170
-180
-183
-243
-343
-254
-225
-316
-166
-244
-141
-129
-227
-70
-384
-216
-411
-137
-203
17
-292
-308
-217
-296
-255
-230
-262
-194
-220
-169
-89
-240
-189
61
-312
-200
-342
-273
-258
-221
-183
-301
-292
-254
-336
-280
1169
-184
-253
-347
-181
-231
-223
-230
-276
-269
-281
-247
-229
-360
-63
-195
-242
-182
-220
17
-140
-187
-221
-290
-233
-263
-185
-234
-334
-295
-166
-273
-189
-200
-245
-218
-198
-276
-171
-270
-261
-269
-129
-234
-148
-174
-229
-295
-208
-252
-240
-212
-77
-130
-158
-375
-44
-222
-139
-297
-95
-216
-210
-341
-335
-208
-306
-144
-211
-257
-235
-201
-145
-256
-339
-203
-261
-228
-325
-206
-222
-215
-264
-164
-258
-314
-238
-284
-279
-340
-261
-227
-14
-179
-259
-250
-301
-237
-277
-222
-239
-290
-222
-264
-291
-167
-357
-241
-239
-333
-184
-275
-246
-257
-267
-152
-297
-212
-227
-304
-273
-237
-75
-283
-148
-230
-137
-256
-225
-33
-234
51
-247
-212
-196
-179
-218
-255
-229
-273
-194
-296
-285
-145
-208
-315
-122
-196
-286
-252
-268
-247
-223
-253
-251
-217
-232
-247
-170
-278
-176
-317
-233
-205
-144
-226
-205
-225
-154
-253
-177
-260
-218
-37
-250
-70
-209
-159
-276
-124
-315
-210
-311
-247
-319
-216
-263
-63
-315
-280
-226
-230
-167
-314
-404
-261
-292
-249
-221
-161
-331
-334
-229
-279
-179
-155
-243
-177
-198
-182
-138
-186
-132
-237
-189
-292
-233
66
-217
-254
-362
-200
-118
-181
-308
-252
-224
-355
-150
-307
-155
-196
-232
-250
-52
-336
-155
-103
-173
-265
-73
-342
-151
-260
-282
-229
-235
-195
-214
-257
-124
-219
-285
-283
-186
-269
-117
-226
-233
-175
-168
-279
-215
-308
-179
-211
-71
-67
-180
-192
-283
-358
-219
-265
-252
-256
-299
-187
-274
-283
-208
-185
-154
-192
-343
-220
-181
-360
-245
-224
-244
-424
-100
-32
-182
-97
-158
-266
-172
-298
-221
-295
-235
-161
-165
-230
-149
-243
-199
-29
-275
-306
-395
-250
-363
-244
-230
-269
-2
-150
-260
-12
-156
-279
-117
-304
-136
-273
-234
-152
-261
-291
-188
-228
-138
-166
-66
-233
-248
-210
-152
-325
-214
-307
-202
-318
-205
-362
-117
-167
-285
-272
-244
-221
-107
-199
-238
-205
-207
-77
-229
-236
-229
-163
-225
-252
-327
-239
-14
-195
-299
29
-246
108
-245
-243
-208
-288
-340
-452
-72
-284
-247
-242
-213
-276
146
-209
-199
-146
-231
-141
-192
-230
-100
-206
-168
-112
-224
-202
-226
-305
-54
-145
-205
