3487
3334
3427
3200
3609
3385
3381
3562
3401
3406
3333
3304
3244
3331
3339
3435
3368
3281
3576
3353
3458
3348
3295
3330
3274
3340
3369
3512
3414
3313
3487
3326
3293
3409
3420
3238
3485
3333
3530
3349
3379
3383
3429
3486
3279
3324
4863
3399
3413
3443
3569
3373
3312
3298
3462
3459
3292
3320
3274
3325
3488
3337
3269
3435
3401
3462
3308
3464
3569
3416
3370
3460
3342
3345
3422
3495
3367
3502
3325
3308
3362
3474
3450
3330
3269
3250
3573
3193
3291
3588
3403
3339
3381
3422
3338
3337
3497
3335
3313
3451
3425
3470
3376
3352
3405
3247
3184
3474
3340
3607
3406
3389
3282
3304
3217
3242
3321
3306
3378
3254
3342
3329
3357
9002
3260
3343
3459
3370
3356
3354
3395
3292
3247
3343
3341
3363
3363
3324
3372
3315
3440
3456
3482
3820
3377
3236
3387
3600
3403
3375
3358
3494
3333
3432
3326
3341
3416
3481
3490
3474
3468
3391
3318
3468
3556
3426
3412
3474
3449
3372
3304
3437
3280
3326
3423
3243
3316
3358
3287
3382
9255
3455
3265
3375
3417
3282
3645
3386
3485
3252
3359
3315
3466
3373
3389
3502
3523
3268
3479
3233
3353
3236
3266
3392
3352
5355
3264
3281
3344
3442
3328
3384
3419
3567
3447
3272
3361
3505
3378
3340
3364
3466
3425
3305
3370
6285
3334
3370
3360
3951
3442
3316
3378
3346
3417
3386
3398
3429
3365
3503
3234
3365
3416
3516
3419
3292
3291
3352
3406
3260
3413
3461
3283
3374
3521
3294
3213
3545
3275
3388
3455
3345
3219
3338
3373
3470
3515
3300
3360
3431
3361
3482
3378
3364
3426
3427
3274
3319
3407
3408
3438
3582
3391
3280
3481
3187
3532
3640
3335
3374
3350
3578
3285
3557
3535
3364
3340
3217
3432
3261
3536
3389
3456
3272
3474
3351
3328
3466
2170
3242
3550
3409
3522
3282
3412
3178
3432
3276
3442
3180
3362
3555
3323
3587
3423
3341
3251
3737
3337
3281
3366
3222
3303
3568
3512
3344
3445
3316
3436
3391
3354
3490
3313
3287
3233
3379
3412
3578
3308
3616
3279
3374
3642
3248
3416
3484
3409
3356
3335
3346
3498
3294
3311
3330
3348
3595
3399
3404
3438
3187
3630
3304
3443
3510
3761
3428
3295
3420
3369
3488
3425
13107
3400
3588
3630
3381
3372
3421
3409
3488
3461
3325
3338
3344
3287
3305
3431
3415
3461
3459
3346
3342
3433
3311
3306
3409
3260
3347
3384
3418
3386
3494
3470
3263
3346
3256
3233
3425
3238
3392
3455
3283
3519
3345
3341
3372
3288
3273
3343
3345
3445
3625
3381
3310
3350
3482
3407
3319
3298
3409
3467
3399
3345
3300
3328
3959
3417
3484
3410
3448
3352
3555
3615
3399
3508
3383
3272
3291
3613
3543
3422
3340
3448
3525
3562
3218
3489
3632
3327
3343
4058
3351
3465
3408
3267
3376
3214
3585
3445
3357
3456
3204
3176
3344
3437
3406
3452
3646
3336
3337
3370
3365
3298
3669
3383
3316
3276
3324
3655
3402
3615
3425
3398
3548
3245
3456
3334
3293
3350
3404
3372
3310
3398
3394
3435
3391
3412
3273
3499
3354
3448
3413
3435
3374
3338
3303
6294
3318
3383
3245
3430
3221
3442
3335
3461
3530
3369
3374
3323
3552
3349
3413
3396
3420
3637
3505
3424
3367
3504
3287
3409
3406
3427
3581
3312
3365
3290
3572
3539
3323
3288
3239
3341
3547
3406
3504
3276
3527
3278
3432
3337
3270
3371
3288
3309
3295
3305
3539
3535
3395
3477
3467
3439
3341
3330
3387
3569
3495
3410
3351
3405
3346
3419
3434
3247
3419
3319
3299
3299
3336
3205
3465
3402
3501
3460
3392
3584
3274
3461
3270
3344
3449
3354
3236
3326
3346
3475
3524
3332
3538
3617
3375
3296
3395
3422
3454
3441
3468
3275
3535
3398
3242
3449
3521
3297
3399
3456
3422
3271
3430
3339
3486
3459
3441
3416
3613
3425
3521
3390
3369
3376
3412
3360
3197
3374
3383
3514
3477
3364
3443
3382
3482
3416
3484
3312
3430
3435
3604
3394
3326
3557
3444
3334
3394
3396
3484
3408
3383
3360
3598
3458
3519
3337
3385
3395
3444
3283
3389
3577
3406
3325
3409
3435
3362
3387
3375
3454
3360
3331
3423
3528
3385
3376
3284
3465
3432
3578
3709
3390
3371
3294
3279
3578
3256
3331
3504
3770
3301
3401
3356
9128
3370
3437
3362
3375
3462
3390
3582
3484
3345
3258
3363
3363
3685
3392
3361
3481
3395
3338
3340
3416
3463
3399
3464
3322
3394
3313
3395
3373
3513
3447
3375
3432
3440
3367
3512
4108
3372
3403
3378
3469
3250
3339
3478
3376
3300
3325
3447
