3648
3652
3331
3199
3708
3495
3666
3538
3523
3504
3106
3203
3199
3214
3519
3524
3315
3290
3783
3414
3512
3262
3490
3539
3218
3608
3102
3591
3201
3448
3637
3256
3558
3614
3473
3488
3532
3428
3567
3494
3465
3581
3649
3538
3348
3215
3741
3533
3587
3533
3520
3456
3761
3119
3408
3251
3375
3093
3225
3159
3577
3252
3065
3342
3400
3441
3370
3558
3410
3618
3616
3670
3473
3228
3522
3127
3398
3161
3142
3338
3476
3749
3632
3345
3025
3302
3390
3300
3571
3646
3316
3402
3349
3120
3301
3260
3168
3181
3360
3674
3707
3723
3546
3435
3069
2839
3181
3628
3499
3328
3462
3334
3237
3488
3407
3236
3324
3545
3491
3338
3307
3186
3281
3521
3036
3312
3444
3176
3541
3292
3429
3335
3101
3511
3325
3596
3401
3373
3445
2998
3655
3693
3668
3905
3339
3084
3559
3388
3524
3465
3233
3387
3065
3604
3507
3227
3391
3290
3501
3050
3531
3592
3294
3723
3311
3564
3462
3229
3312
3490
3501
3444
3252
3506
3785
3249
3074
3361
3191
3343
3355
3671
3411
3597
3594
3581
3683
3441
3530
3267
3532
3660
3592
3263
3483
3585
3553
3296
3446
3084
3439
3347
3025
3222
3267
3479
3351
3094
3442
3248
3203
3561
3326
3565
3311
2988
3152
3774
3263
3300
3441
3561
3500
3068
3372
3491
3351
3278
3462
3725
3412
3518
3394
3520
3488
3377
3434
3236
3493
3214
3196
3580
3494
3205
3292
2913
3221
3371
3223
3196
3417
3657
3376
3414
3658
3359
3131
3421
3215
3279
3738
3334
3571
3356
3274
3388
3350
3350
3314
3513
3391
3500
3455
3262
3536
3476
2993
3297
3248
3582
3288
3694
3607
2935
3519
3261
3613
3675
3329
3506
3281
3256
3585
3480
3498
3139
3237
3449
3557
3513
3756
3432
3533
3526
3829
3486
3325
3714
2518
3504
3377
3103
3327
3365
3510
3277
3635
3492
3457
2975
3462
3350
3299
3632
3562
3402
3174
3491
3461
3417
3194
2850
3251
3741
3760
3339
3316
3574
3643
3403
3234
3739
3160
3424
3124
3048
3588
3564
3376
3905
3425
3571
3686
2881
3521
3458
3362
3324
3252
3341
3483
3232
3195
3328
3397
3610
3289
3332
3520
3221
3524
3387
3621
3436
3812
3680
3507
3339
3397
3783
3453
13935
3527
3677
3491
3446
3475
3705
3520
3544
3298
3406
3445
3302
3504
3579
3379
3358
3505
3601
3365
3082
3232
3409
3195
3245
3523
3343
3512
3583
3373
3413
3696
3505
3322
3233
3267
3419
3367
3169
3302
2997
3539
3440
3325
3383
3282
3308
3433
3344
3391
3427
3422
3291
3537
3710
3445
3205
3480
3398
3319
3574
3265
2988
3358
3689
3824
3294
3554
3313
3424
3691
3764
3400
3800
3617
3331
3466
3427
3604
3446
3265
3515
3675
3623
3240
3313
3523
3200
3235
3769
3060
3493
3539
3121
3477
3267
3715
3351
3394
3512
3423
3095
3400
3347
3416
3379
3502
3133
3465
3612
3525
3382
3760
3544
3254
3126
3219
3704
3262
3436
3592
3166
3513
3213
3610
3309
3390
3582
3492
3142
3240
3335
3360
3392
3678
3480
2917
3601
3359
3620
3149
3663
3357
3330
3413
3284
3437
3471
3118
3264
3203
3556
3416
3616
3257
3444
3388
3226
3670
3238
3221
3445
3338
3555
3467
3427
3197
3475
3470
3677
3280
3512
3663
3589
3408
3453
3345
3589
3466
3493
3308
3331
3714
3404
3549
3172
3551
3396
3542
3251
3433
3462
3060
3363
3423
3385
3125
3721
3608
3283
3494
3587
3270
3509
3302
3901
3639
3238
3621
3663
3473
3667
3463
3227
3340
3371
3386
3426
3506
3268
3675
3637
3386
3536
3281
3740
3220
3516
3369
3364
3342
3556
3068
2891
3334
3196
3743
3447
3385
3368
3312
3633
3450
3452
3381
3524
3379
3265
3685
3428
3167
3291
3541
3379
3265
3571
3503
3154
3463
3403
3320
3377
3247
3606
3532
3443
3527
3232
3479
3720
3405
3413
3303
3062
3317
3283
3506
3474
3444
3592
3729
3691
3716
3476
3273
3601
3417
3493
3282
3138
3474
3454
3386
3575
3500
3434
3397
3570
3583
3616
3815
3394
3447
3565
3487
3248
3527
3669
3464
3419
3269
3385
3672
3396
3411
3413
3107
3219
3101
3831
3508
3244
3307
3512
3246
3321
3256
3693
3517
3128
3363
3394
3355
3186
3647
3476
3361
3551
3285
2793
3474
3657
3342
3475
3643
3411
3391
3278
3485
3448
3480
3493
3683
3372
3199
3676
3441
3628
3075
3363
3493
3617
3582
3129
3429
3410
3347
3540
3551
3692
3550
3263
3520
3446
3308
3389
3529
3397
3089
3433
3302
3378
3484
3411
3163
3305
3593
