3743
3625
3415
3454
3897
3700
3749
3668
3622
3509
3204
3460
3504
3411
3632
3541
3225
3332
3704
3928
3871
3528
3697
3678
3452
3882
3395
3639
3344
3526
3659
3417
3759
3670
3703
3641
3686
3615
3712
3882
3580
3808
3668
3611
3525
3445
4038
3596
3787
3650
3798
3614
3907
3136
3660
3205
3491
3440
3600
3321
3679
3306
2554
3603
3585
3611
3568
3615
3506
3769
3679
3719
3608
3007
3771
3170
3553
2579
3329
3343
3614
3738
3735
3514
3021
3287
3517
3608
3532
3715
3431
3616
4202
3530
3463
3271
2725
3380
3635
3680
3698
3737
3728
3437
3317
2326
3521
3625
3659
3258
3589
3546
3385
3660
3667
3544
3521
3676
3662
3489
3628
3201
3455
3420
2981
3300
3435
3200
3583
3463
3637
3449
2436
3585
3592
3776
3561
3206
3617
2924
3730
3748
3745
3767
3329
3249
3608
3540
3562
3615
3298
3577
3138
3680
3647
3450
3695
3559
3726
2601
3649
3621
3406
3745
3482
3708
3579
3395
3625
3610
3637
3569
3381
3806
3745
3528
3219
3513
3392
3491
3554
3642
3545
3796
3809
3560
3836
3654
3712
3517
3658
3960
3769
3405
3641
3687
3647
3525
3421
3351
3617
3623
2641
3434
3475
3570
3558
3289
3583
3492
3435
3623
3648
3520
3493
2277
2643
3723
2969
3487
3599
3653
3575
3400
3521
2733
3459
3273
3684
3658
3468
3640
3495
3702
3658
3526
3515
3198
3667
3315
3426
3668
3557
3233
3326
2685
3427
3387
3455
2926
3420
3956
3519
3536
3619
3469
3394
3440
3236
3541
3706
3579
3835
3577
3392
3297
3565
3664
3572
3716
3499
3571
3514
3423
3720
3640
3148
3591
3499
3621
3242
3750
3697
2980
3661
3227
3588
3840
3529
3610
3388
2800
3758
3551
3709
3118
2825
3981
3613
3753
3754
3560
3649
3610
3946
3781
3573
3673
7317
3576
3331
2640
3236
3544
3608
3494
3664
3660
3643
2305
3564
3444
3440
3541
3626
3636
3372
3614
3627
3476
3292
2514
3549
3833
3767
3437
3551
3755
3694
3522
3278
3775
3332
3529
3333
2627
3661
3611
3444
3800
3490
3748
3621
2650
3655
3554
3581
3452
3517
3530
3676
3303
3450
3328
3631
3795
3346
3613
3683
3395
3613
3598
3732
3472
3790
3668
3619
3526
3534
3732
3596
14324
3622
3876
3441
3547
3649
3783
3540
3752
3277
3498
3647
3280
3696
3610
3620
3513
3439
3641
3463
3076
3268
3648
3257
3602
3689
3404
3579
3634
3408
3532
3731
3647
3515
3437
3415
3579
3621
2831
3450
3433
3745
3380
3592
3558
3531
3531
3672
3280
3641
3343
3706
3363
3651
3796
3652
3427
3653
3686
3584
3675
3423
2480
3624
3547
3909
3460
3594
3430
3560
3683
3852
3638
3774
3668
3485
3695
3357
3709
3579
2917
3681
3747
3657
3360
3199
3347
3392
3367
3887
3367
3584
3609
3359
3471
3394
3602
3580
3477
3587
3733
2433
3572
3398
3574
3397
3611
3522
3619
3663
3610
3595
3739
3599
3529
2622
3456
3561
3385
3331
3560
3417
3442
3413
3633
3441
3503
3633
3628
3129
3135
3495
3535
3642
3626
3756
2805
3845
3493
3716
3190
3746
3562
3512
3530
3416
3580
3549
2787
3623
3488
3624
3549
3670
3480
3657
3513
3241
3764
3278
2684
3723
3503
3646
4009
3550
3487
3517
3602
3647
3328
3598
3725
3674
3490
3614
3337
3711
3591
3662
3516
3551
3713
3355
3537
3445
3617
3483
3613
3513
3565
3519
2926
3622
3543
3621
2434
3728
3552
3412
3577
3682
3459
3560
3606
4036
3695
3389
3652
3671
3553
3715
3508
3227
3465
3644
3570
3613
3553
3502
3661
3712
3525
3705
3413
3728
3464
3587
3638
3542
3231
3625
3251
2516
3521
3519
3771
3682
3343
3356
3616
3664
3539
3617
3612
3830
3574
3472
3752
3282
3377
3564
3624
3606
3530
3642
3623
3270
3721
3594
3363
3627
3212
3637
3368
3566
3545
3356
3582
3686
3602
3438
3466
2593
3319
3257
3577
3588
3369
3631
3697
3673
3722
3596
3307
3708
3437
3556
3498
2301
3606
3437
3468
3624
3608
3576
3728
3684
3661
3712
3664
3534
3548
3602
3621
3419
3576
3684
3615
3570
3609
3445
3700
3670
3774
3548
3119
3496
2576
3710
3696
3430
3465
3637
3428
3400
3612
3650
3653
3231
3687
3325
3495
3497
3616
3493
3586
3604
3433
3333
3595
3648
3537
3614
3660
3620
3394
3639
3682
3642
3739
3675
3764
3591
3495
3743
3512
3748
3099
3590
3586
3761
3573
3457
3685
3421
3489
3646
3603
3751
3688
3452
3542
3614
3280
3750
3725
3535
3063
3674
3571
3472
3640
3578
3257
3339
3721
