-193
-325
-217
-197
-358
-249
-207
-107
-171
-505
-223
-281
-271
-273
-106
-59
-12
-101
-93
-39
-344
-466
-233
-214
33
-76
1338
-267
-138
-143
-210
-132
-65
-128
-265
-173
-251
-150
-235
-213
-54
-239
-168
-252
-138
-41
-84
21
-72
-70
-217
-215
-406
-193
-287
-169
-171
-182
-577
-42
-310
-511
-263
-281
-354
-481
-203
-21
-303
-328
-91
-268
-339
-208
99
39
-803
-358
-252
-56
-172
-178
-119
-193
-354
-395
-125
-77
-262
-359
-196
-225
-297
-546
-172
-110
-229
-609
-130
-273
-42
-87
-240
-459
-284
-227
-156
-59
-297
-550
-110
-247
-393
-63
-307
-180
43
-215
-168
-64
-140
-280
-59
-142
-119
21
-245
-305
-289
-69
-414
-265
-91
-308
-436
-123
-180
-37
-299
-152
-209
-358
-182
-241
-372
-223
-68
42
-298
-232
-49
-399
-421
-23
-41
63
-27
-202
-253
-302
-564
-384
-283
-335
-112
-50
-122
-289
-116
-427
344
-181
-155
135
-149
-274
-414
-203
-327
-125
-402
85
-428
-400
-131
-114
-160
-149
-19
-471
-481
-123
-153
-281
-283
-158
-130
-269
-224
-221
-433
-335
15
49
-119
-65
-187
-160
-245
-199
-267
-53
-91
-197
96
-122
-206
-170
-393
-229
-230
-98
-160
-107
-200
-395
-184
-164
-145
-204
-456
-122
-1
-314
-232
-266
139
-226
-144
-18
-45
-161
-71
-401
-143
-249
-350
-396
83
-466
-346
-437
-109
-118
-359
-171
-309
90
-238
-395
-110
-119
-11
-136
-37
-280
-68
-119
-141
-29
-111
-367
-209
-353
-548
-329
-15
-285
-294
-172
-294
-195
-214
-48
-162
-73
-153
-541
-347
-368
-210
-629
-456
-300
-227
-247
-243
-159
-96
-164
-171
-227
-230
-129
-349
-218
-356
-135
2
-112
-501
21
-163
-416
-349
-76
-208
-174
-167
-89
-131
-231
-315
-161
-211
-201
-81
-296
-243
-479
-171
-34
-326
-270
-393
-413
-223
-349
-94
-306
-332
-212
-180
-155
-107
-439
-189
-218
-381
-287
-420
-398
-185
-185
-247
-19
-192
-126
-293
-183
-175
-89
-150
-155
-57
48
-112
-289
-123
-251
-256
-156
-137
-211
-55
-312
-343
-157
5
-207
-81
-269
-129
-104
-220
-5
-181
-264
-115
-277
-39
-162
-368
-19
-151
-145
-127
-328
-356
-152
-270
-17
-273
-116
-264
-461
-335
-325
-237
-77
-479
567
-155
-207
-361
-257
-123
-195
-225
-13
-262
132
-381
-113
-157
-205
-164
-157
-17
-274
-56
-168
-142
-24
-108
-168
-94
-399
-261
-237
-133
-38
-167
-215
-143
-155
-165
-127
-296
-285
-120
-215
35
-404
-289
-154
-283
-410
-117
-101
-61
-322
-38
-74
-382
-170
-313
-185
-261
-394
-587
-322
-134
-193
-147
-203
-151
-12
-309
-373
-74
-204
-194
-123
-262
-288
-154
-41
89
-265
36
-48
-425
-149
-139
-244
-297
-371
-38
-31
-408
-259
-137
-204
-155
-181
-279
-367
-262
-418
-211
-260
-123
-251
-301
-170
-245
-275
-214
-88
-433
-188
-246
-248
-180
-188
-173
-59
-136
-176
-193
-140
-374
-170
-342
-214
-245
-21
-373
-456
-270
-208
-288
-436
-100
-146
-258
-72
-97
-96
-258
-275
-92
-245
-199
-194
-615
-182
-180
-214
-301
-147
-182
-283
-221
-233
-223
-340
-34
-382
-111
-163
-252
-140
-302
-77
-165
-165
-135
-212
-149
-278
-313
-210
-313
-458
-143
-67
-152
-209
-126
-98
32
-190
70
-339
-252
-236
-191
-199
-293
-172
-59
28
-141
-100
-161
-137
-282
-398
-336
-101
-31
-44
4
-148
-131
-192
-289
-197
-98
-92
-237
-167
-207
-168
-314
80
-364
-155
57
-276
10
-166
-316
73
39
-244
-248
98
-335
-96
-44
-210
-83
190
-216
-109
-73
-152
-211
-151
-84
-157
-336
-169
-175
-103
-290
-80
-334
-17
29
-34
-258
-425
-77
-338
-125
75
-343
33
-272
-262
-241
-264
-277
-210
-247
-134
-72
-42
-204
-148
-420
-229
-121
-147
-145
-410
-249
-350
-39
-195
-98
-12
-230
-203
-97
-87
-131
-127
-26
-140
-56
-14
-200
-448
-277
-86
-161
-314
-272
-213
-1
-264
-224
-100
-241
-128
-190
-181
-206
-160
55
-210
-192
-213
-356
-166
-256
-331
-160
-340
-371
-308
-436
-179
-113
-184
-360
-80
-16
-262
-220
-102
-239
-316
-140
-192
-171
-242
89
-185
-376
-172
-177
-431
1
-212
-343
-119
-280
-243
-320
-324
-418
-276
-171
-171
-33
-162
-236
-130
-68
-305
-295
-342
-263
-324
-317
-116
-204
-143
-370
-130
-220
-151
-219
-193
-28
-285
-128
-53
-318
-379
100
-185
-141
-227
-348
-119
-266
-291
-60
-85
124
-185
-289
95
-455
-90
-307
-506
-146
191
15
-247
-93
-258
-365
-156
-231
-160
-84
-196
-226
-202
-86
-170
-137
-364
-207
-217
-358
-245
1
-253
-349
-9
-104
-337
-191
-85
10
-132
-201
-290
-109
-243
-311
-153
-61
-319
-126
-152
-174
-55
108
-96
-136
-212
-100
29
-103
-4
40
-248
-197
-67
-398
-155
-256
-277
-9
-275
-347
-192
-403
-81
-38
-337
-181
67
-49
-197
-135
-62
-318
-168
-281
-387
-238
-92
-268
-117
-194
-168
-341
-127
-239
-132
-383
-319
-245
-361
-221
-196
-92
-217
-61
123
-251
-328
-97
-341
-155
-229
-270
-454
-82
-153
-141
-62
-179
1134
-187
-187
-187
-299
-257
-485
-432
-131
-157
367
-96
-233
124
-85
-204
-86
-186
-213
-145
-93
-23
-340
-395
-116
-204
-179
-87
-372
-310
67
-37
-271
77
-24
-188
-135
229
-128
-121
-168
-85
-141
-353
-261
-107
-264
-361
-127
-239
-369
-157
-227
40
-107
-150
-156
-247
54
-198
-155
-333
-217
-220
-120
-293
-138
-263
-293
-92
-442
-58
2
-133
-304
82
-196
-258
-189
-285
-162
-77
-133
-89
-229
-302
-289
-91
-246
-195
-109
-241
-160
-108
-359
-143
-168
-229
-53
-175
-297
-600
-323
-165
-324
-157
-272
-142
-213
-117
-158
-283
-269
-303
-348
-410
-64
24
-84
-486
-274
-67
-103
-336
-140
-87
-196
-281
-305
-129
-94
-67
-41
-589
-221
-295
-271
-299
-96
-415
-202
-142
-66
-414
108
-108
-391
-159
-142
-318
-208
-219
-98
-246
-266
-527
-244
-246
-574
-288
-130
-116
-290
-170
-343
-65
-179
-89
-125
-240
-179
-306
-188
-138
337
-33
-140
45
-109
-133
-97
-197
-378
-88
-337
-232
-252
-360
-37
-327
-174
-288
-225
-215
-424
-356
-224
-217
-187
-180
-150
-317
-172
-102
-206
-148
-397
-200
-177
-107
-365
-90
-99
-267
-129
-438
-287
-94
-180
-149
-20
-288
-110
-196
-99
-306
-238
-501
-199
-339
-84
-102
-233
-425
-245
-315
-425
-97
-475
-338
-455
-153
-259
-223
-109
-246
-146
-250
-298
-242
-256
-205
-215
-234
-439
-300
-202
-161
-296
17
-27
-278
-135
-105
-121
-749
-219
-274
-471
-484
-218
-40
-316
-90
-84
-11
45
-44
-140
-133
-447
-328
-185
-120
-201
-286
-112
-207
-262
-406
-377
-334
-217
-106
-117
-294
-211
-185
-626
-185
-407
-344
-187
-487
-121
-290
-336
-166
-215
-166
-110
-342
-104
-77
1472
-77
-139
-325
-37
-379
-168
-178
-195
-109
-145
-137
-133
-129
-364
-314
-1
-113
94
-223
-68
-336
-284
-111
-9
-186
-91
-125
-180
-168
-236
-221
-260
-147
28
-215
-82
-192
-39
-158
-277
-156
-49
-105
-376
-211
-476
-285
-70
-274
-401
-272
-169
-83
-287
-272
-97
85
-235
-64
-175
-364
-274
-170
-165
-183
-211
-113
-172
-165
-138
-161
-55
74
-215
-156
-253
-153
-331
-203
-291
202
-382
-96
-257
-99
-153
-266
21
-114
-154
-46
-582
-329
-77
-134
-204
-284
-68
-173
-105
-98
-138
-95
-304
-539
-201
-236
-331
-346
-177
-160
-42
-6
-232
-363
80
-135
-115
-261
-436
-378
-204
-281
99
-9
-232
-106
-67
67
-101
-145
-343
-327
-198
-149
-212
-226
-180
-277
-204
-281
-373
-95
15
-231
-217
-293
-176
20
6
-112
-264
140
-137
-64
-45
-85
-490
-160
-185
-119
-56
-168
43
-277
-88
-134
-276
-263
-80
-150
-181
-73
-185
-17
-162
-29
-170
-237
-123
-226
-131
-239
-254
48
-217
70
-126
-181
-53
-110
-361
-29
-135
-158
-172
-59
-274
-141
-47
-277
-268
-95
-456
-951
-143
-198
71
-223
-160
-205
-437
-299
-240
-194
-163
-374
-40
-350
-283
115
-108
-170
198
-132
-122
-139
-142
-390
-93
-390
-125
-282
-186
-65
-170
-119
-225
-8
-288
-105
-82
-64
-471
-90
-529
-421
-88
-267
-47
1253
-336
-122
-337
-150
-171
-75
-277
-188
-381
-54
-277
-144
-271
-105
-393
-459
21
-250
-384
-164
-387
-37
-15
-235
-148
67
-281
-296
-200
-272
-187
-214
-67
-341
-248
-183
-444
-181
-145
-319
77
-126
-44
-88
-218
-116
-134
-117
-49
-108
-219
-256
-225
-387
-119
-72
-288
-327
-437
-237
-240
-372
-309
-104
-575
-120
-85
-269
-536
-205
-474
-179
-348
309
-259
-67
-312
-104
-177
-296
-61
-348
-245
-429
-126
-243
-338
11
-34
-133
-280
-298
-36
-54
5
-239
-128
-202
-325
-134
-195
-147
-99
-319
-296
-138
-190
-289
-394
-55
-263
-214
-255
-304
-112
-212
-196
-177
-223
-99
-268
-298
-71
-520
66
-208
-177
-317
-286
-222
-229
-35
-61
-359
-273
-202
-270
-213
-216
-260
-357
-193
-320
-121
-301
-123
56
-255
-199
-146
-290
-379
-79
-114
-334
-59
-16
-175
-467
-186
-32
-168
-163
-221
-313
-215
-98
-3
-309
-208
-364
188
-44
-363
-193
-72
-202
-67
114
-61
-598
-11
-448
-199
-27
-69
-184
-395
-353
-170
-106
-106
-184
-288
-253
-171
-280
-365
-324
-230
-61
-111
-222
-218
-62
-263
-437
-107
-176
10
-154
-93
-288
-235
-266
-125
-107
-110
-260
-163
-263
-33
-262
-329
-511
-93
-87
-222
-380
30
-122
-288
284
-166
-297
-243
-387
-63
-427
-385
-191
-207
-301
-125
-105
-91
-458
-49
-48
-146
-159
-101
-309
-175
-173
-67
-174
-150
-160
-291
-329
-231
-197
-175
-112
-7
-133
-157
-86
-307
-191
-231
-52
-158
-105
-120
-74
-140
-103
70
-103
-326
-171
-240
-178
-226
-249
-165
-199
-51
-309
-41
-50
-55
-141
-144
-279
-65
-220
-149
-98
-556
-203
-286
-142
39
-345
-157
-521
-2
-38
93
-93
-19
-245
24
-227
-313
-115
-440
-541
-279
-253
-204
-22
-275
-195
-220
-124
-16
180
-255
-393
-348
-143
-152
-211
-432
-134
-264
-247
-404
-167
-194
-486
-19
-455
-179
-90
-340
-331
-204
-44
-74
-242
-52
-355
-274
-147
32
-311
-540
-134
-224
-296
-238
-230
-228
-209
-218
-206
-303
-169
-30
-109
-215
-92
-224
-167
-278
20
-403
-127
-239
-208
-48
-487
-7
-215
-11
-302
-59
-174
-141
-270
-156
-216
-204
-170
-190
-38
-12
-118
-26
-218
-290
-27
-56
-158
-377
-149
-123
-153
-172
-233
-288
-332
-215
-168
-139
-155
-182
-136
-826
-100
-81
-368
-129
-349
-105
-156
-420
-21
-217
-127
-128
-420
-48
-64
-48
-134
-191
-95
-154
-265
-364
-19
-147
-97
-339
-111
-363
-215
-256
-209
-138
-109
-187
-287
-482
-135
-219
-241
-335
-289
-220
-100
-22
-117
-275
-157
-372
-321
-405
-435
-150
-268
-269
-170
-109
-45
-179
-234
-76
-251
-325
-230
-211
-105
-412
-526
-49
-137
-290
-124
-163
-231
-206
-300
-66
-149
-234
-74
-6
-134
-115
-50
-262
-37
-378
-204
-327
-348
-346
-39
-335
-30
-167
-139
-181
53
-112
-246
-532
-226
-214
-187
-477
-302
-195
-171
-150
-145
-245
61
-399
-180
-368
-292
-215
-164
-244
-124
-363
-3
-287
-169
-86
-89
-388
-389
-134
-80
-277
-61
-101
-391
-96
-190
-80
15
-113
-116
-115
-174
-296
-303
-223
-249
-67
-7
-229
-124
-335
128
-160
-405
-54
-181
-41
-278
-123
-344
77
-20
-29
-208
-135
-98
-140
-646
-291
-39
-28
-249
-182
-414
-141
808
-124
-92
-359
-374
56
-73
-171
-108
-193
-52
-98
-171
-535
-364
-147
-341
-277
-151
-81
-39
-266
-331
-63
-286
89
-284
-200
-131
-65
-200
-88
-179
-527
-441
-296
-59
-397
-209
-198
62
-106
-323
-35
-317
-316
70
-347
-41
-248
-147
-235
-160
-165
-172
-253
-92
-264
-162
-144
-180
-169
-147
-281
-116
6
-211
-322
-356
-67
-184
-152
-332
-217
-169
-81
-142
-30
-92
-28
-407
-135
-297
-179
-110
-139
-227
-145
41
-258
-121
-138
-67
-128
-260
-191
-413
-177
-239
-156
-119
-160
-44
-295
-41
-36
-456
-119
-360
-288
-223
-67
-143
-129
-237
-378
-249
-284
-184
-244
-26
-294
55
-94
-300
-254
-190
-228
-155
-373
27
-143
-68
-318
-239
-186
-398
-297
-246
-212
-151
-241
-214
-113
-475
-424
21
-441
-150
-176
-282
-42
-186
-153
-264
-248
-332
-123
-211
-122
-378
33
-63
-102
-170
-329
33
-57
-161
-402
-198
-236
-256
-332
-332
-227
-159
-206
-168
-113
-240
-222
-251
-167
-138
-357
81
-129
-128
-298
-78
-224
-380
-298
-317
-144
-134
-304
-299
-120
-94
-422
-199
-261
-227
-283
-118
-395
-255
77
-470
-174
-337
-364
-647
-232
-161
-393
-202
-206
-104
-93
-484
-230
-9
-120
-64
-162
-174
-271
-307
-239
-45
-153
-189
-104
-88
41
-86
-272
-394
-471
-28
-236
-137
-100
-151
-48
-142
-305
-291
-495
-231
279
178
-155
-366
-276
-230
-254
-118
-76
-196
-463
-90
-896
-319
-87
-235
-186
-37
-197
-194
-185
-346
-204
-444
-178
-273
-62
-251
-146
-106
-250
-441
-267
-373
-298
-120
-125
-263
-299
-458
-403
-361
-57
-292
-303
-353
-377
-377
-455
-224
-170
-198
-234
-133
-147
-152
-174
-176
-273
-591
-253
-136
-378
-222
-358
-228
-458
-513
-243
-203
-382
-526
-12
-281
-168
-304
-274
-279
-171
-421
-219
-439
-71
-206
-152
-159
-226
-416
-288
-177
-309
-76
-40
-235
-226
-46
-159
-190
-113
-204
-170
-254
-113
-214
-260
-265
-193
-295
-122
-431
-328
-248
-122
-235
-147
-313
-81
-184
-138
-346
7
-302
-288
-32
-263
-191
-232
-148
-201
-259
-12
-290
-332
-17
-156
-351
-549
-469
-267
-113
-226
-135
-239
-72
-428
-274
-97
-83
-459
-249
-89
-115
-209
-259
-209
-369
-508
-293
-316
-58
-223
-63
-88
-202
-203
-363
-176
-41
-127
164
-197
-167
-172
-265
-236
-63
-146
-52
-119
-201
2
25
-77
-126
-402
-136
-90
-55
-241
-400
-178
-262
-534
-88
-20
-345
90
-330
-111
-32
-172
-188
-115
-30
-306
-177
-98
5
-160
-22
-115
-280
-371
-81
-104
-230
-337
-182
-370
-154
-190
-46
-298
-122
-33
-286
-259
-108
-128
-152
-11
-81
-369
-95
198
-179
-228
-131
-264
-26
-292
-335
-220
-784
-62
-154
-320
-314
-147
-105
-136
-160
-479
-277
-269
-93
-6
-197
-104
-244
-147
-146
-124
-32
-305
-77
-276
-292
-295
-77
-213
-84
-31
-208
-215
-344
-191
-347
-188
-337
-169
-174
-94
-281
-212
-169
21
-529
-79
-120
-141
-318
-100
-262
-141
-111
-104
-17
78
-255
-194
-83
-224
-142
-184
-167
-244
-440
-163
-19
-279
-286
-225
-202
-14
-249
-508
-246
-166
-132
-199
-287
-332
-86
-139
-375
-493
-276
-89
-50
19
-130
-246
-35
-319
-204
-197
-90
-286
-44
-107
-413
-199
-205
-253
-268
-63
-543
-100
-184
-344
-438
-127
-102
-164
-196
-233
-127
-147
-13
-402
-406
-218
-53
-139
-235
19
-142
-377
-36
-225
-287
-39
-120
-310
-82
-196
-563
-325
-93
-35
-216
-310
-114
-190
34
-103
-174
-312
-179
-324
-138
-166
-332
55
-250
-664
-249
-217
53
8
-771
-209
-237
-254
-163
-233
-499
-163
-56
-55
-120
-382
-237
2
38
-271
-38
-34
-136
-231
-513
-257
-246
-368
7
-172
-221
-292
-274
-29
-188
-389
-193
-376
-381
-113
-226
-121
-71
-179
-229
-350
-31
-364
-309
-292
-75
-303
-221
-197
-96
-95
-300
-189
-226
-347
-384
-399
-368
-422
-17
-242
-302
-812
-76
-75
-231
-268
-353
-325
-249
-159
-168
-168
-319
-89
-325
-106
-212
-285
-173
-284
-132
-150
20
-135
-282
-361
-248
-266
-273
-9
-191
-241
-132
-427
-122
-503
-414
-234
221
-469
-301
-6
-105
-221
-324
-246
-46
-191
-179
66
-134
-110
-138
-287
-231
-82
-224
-99
-194
9
-209
-415
231
-219
-166
264
-247
-106
-253
-23
-272
-172
-254
-192
-91
-150
-208
-114
-174
-322
-98
-134
-306
-446
-295
-563
-153
-338
-469
9
-343
-183
-222
-123
-56
-143
-463
-169
-79
-16
-126
-253
-70
10
-400
-380
-195
-233
-414
-93
-142
-87
-158
-342
-63
-318
-156
-156
-359
-205
-45
-294
-127
-177
-268
-64
-83
-138
-59
-240
-307
-220
-64
-420
-439
-166
-200
-121
-62
-233
-242
-117
-97
-227
-533
-283
-336
7
-410
-256
-45
-198
-470
-23
-157
-307
-457
-305
6
-404
-144
-251
-665
-276
-25
-202
-161
-165
-36
-135
-169
-285
-176
-404
-383
-118
-305
-160
-116
-401
-267
-321
-212
-223
-160
-188
-205
-153
-187
-162
-415
-59
-241
-23
-309
-266
-102
-86
-241
-326
-295
-159
-324
-221
-435
-252
-355
-516
-200
-278
-210
-257
-123
-167
-41
-264
-463
-166
-76
-96
-217
-28
-96
-260
-354
-162
-2
-102
-84
-178
-73
-237
-279
-252
-240
-301
-57
-297
133
-152
-247
-144
-180
-194
-139
-212
-239
-169
-178
185
-139
-101
-150
-220
-229
-394
-191
-150
-100
-490
-168
-165
-228
-158
-295
-339
-377
