-234
-198
-252
-264
-130
-311
-217
-241
-272
-264
41
-203
-305
-221
-34
-64
-191
-178
-254
-224
-231
-200
-157
-275
-269
-314
-243
-265
-215
-213
-185
282
-190
-272
-293
-207
-181
-221
-178
-240
-299
-211
-157
514
-419
-307
44
-274
-131
-226
-266
-98
-245
-255
-221
-285
-212
-295
-222
-99
-322
-223
-238
-187
-95
-260
-255
-276
-185
-238
-291
-217
-240
-6
-291
-252
-256
-300
-298
-164
675
-193
-234
-231
-225
-243
-238
-206
-300
-231
-164
-175
532
-225
-197
-247
-216
-292
-219
-197
-329
-174
-251
-220
-185
-183
-141
-181
-228
-187
-307
-285
-114
-265
-222
61
-276
-285
-333
-234
-201
-134
-300
-207
-270
-247
-288
-224
-296
-231
-300
-160
-244
-246
-165
-199
-163
-267
-221
-230
-193
-164
-252
-221
-171
-160
-166
-615
-240
-201
-202
-187
-182
-87
39
-248
-275
-200
-78
-260
-282
-228
-233
-221
496
-253
-199
-165
-270
-158
-245
-77
-259
-168
-178
-133
-258
-81
-248
-314
-214
-184
-186
-308
-123
-226
-238
-155
-237
-249
-281
-268
-307
-151
-251
-249
-221
-208
-147
-262
-121
-248
-263
-193
-225
407
-328
-260
-288
-254
-232
-237
-268
-242
-221
-299
-326
-206
49
-202
-218
-211
-318
-229
-325
-203
-220
-256
-309
-234
-262
-221
-591
-179
-349
-233
-93
-204
-315
-239
-300
-129
-270
-269
-154
-191
-190
-184
-240
-156
-262
-218
-175
-163
-204
-275
-233
-263
-287
-245
-387
-233
-252
-206
-295
-214
-321
-360
605
-218
-242
-328
-281
-306
-295
-206
-277
-307
-77
-303
-276
-192
-180
-360
-256
-303
-309
-133
-305
-275
-230
-274
-356
-312
-194
-242
-294
-324
-151
-236
-257
-323
-172
-222
-274
-270
-198
-255
-301
-207
-167
-249
-149
-277
-206
-265
-251
-144
-40
-257
-243
-274
-188
-205
-33
-288
-253
-329
-305
-284
-253
-244
-258
-253
-303
-238
-232
-227
-230
-240
-262
-232
25
-319
-304
-241
-290
-112
-181
-246
-230
-142
-184
-262
-261
598
-238
-209
-173
-258
-124
-261
-256
-285
-235
-229
-214
-172
-286
-228
-231
-161
-233
-268
-162
-310
-198
-85
-239
-230
-98
-180
-357
-278
-370
-285
-262
-268
-342
-235
-282
498
-225
-209
-215
-233
-115
-235
-413
-67
-261
-240
-92
-320
-283
-278
-289
-289
-281
-194
-226
-207
-269
-113
-231
-174
-230
-215
-220
-166
-167
-112
-184
-248
-302
-339
-269
-223
-227
-155
-281
-289
-199
-257
-272
-88
-162
-283
-223
-196
-357
-342
-244
-295
-252
-132
-252
-168
-240
-201
-239
-122
-213
-219
-313
-315
-182
-254
-166
-353
-185
-231
-192
-292
-212
-300
-57
-267
-195
-197
-228
-219
-213
-211
-302
-246
-187
-267
-151
-256
-184
-266
-202
-147
-264
-291
-343
-249
-229
-197
-229
-286
-112
-276
-259
-261
-226
-197
-227
-257
-30
-277
-234
-61
-115
-210
-260
-278
-338
-357
-179
-313
-252
-248
-272
-273
-200
-238
-193
-216
-243
-202
-243
-146
-230
-122
-298
-199
-237
-150
-152
-216
-359
-219
-225
-157
-337
-214
-211
-286
-148
-176
-303
-224
-260
-221
-172
-315
-196
-225
-495
-223
-292
-242
-173
-282
-123
-260
-248
-193
-294
-187
-218
-287
-245
-193
-507
-234
-259
-322
-295
-99
-164
-223
-230
-170
-253
-46
-194
-291
-274
-223
-140
-245
-162
-220
-231
-262
-302
-180
-146
-294
-213
-321
-93
-298
-200
-194
-226
16
-66
-229
-404
-243
-170
-167
-302
-368
-280
-57
-185
-232
-173
-194
-355
-199
-201
-206
-247
-110
-300
-280
-318
-164
-280
-284
-235
-220
-234
-286
-227
-106
-213
-194
-295
-202
556
-182
-242
-73
-205
-325
-303
-264
-241
-175
-139
-130
-175
-218
-254
-199
-205
-255
-266
-229
-283
-308
-273
-231
-164
-259
-185
-220
-206
-193
-352
-192
-120
-270
-253
-326
-171
-97
-255
-214
-255
-194
-258
-326
-290
-199
-193
-348
-66
-147
-278
-246
-76
-213
-190
-325
-274
-187
-204
-322
-305
-299
-307
-314
-84
-319
-281
-181
-226
-195
-226
-315
-242
-185
-312
-174
-232
-186
-209
-207
-210
-151
-341
-270
-304
-215
-294
-152
-79
-135
-218
-258
-211
-231
-201
-175
-222
-201
-213
-234
-271
-231
-225
-266
-229
-329
-205
-58
-278
-194
-268
-225
-276
-289
-271
-210
-213
-201
-267
-173
-338
-227
-197
-217
-236
-252
-205
-227
68
-180
-214
-446
-216
-189
-254
-319
-195
-250
-240
-259
-230
-153
-113
-353
-84
-281
-168
-156
-280
-266
-165
-231
-294
-206
-298
-268
-244
-215
-217
-156
-211
-295
-127
-301
-289
-280
-220
-241
-258
-336
-135
-282
-216
-112
-190
-333
-239
-252
-168
-265
-200
-157
-294
-82
-213
-108
-173
-276
-295
-270
-209
-198
-206
-278
-252
-220
-232
-204
-305
-256
-259
-159
-41
-162
-201
-228
-302
-252
-290
-198
-193
-230
-224
-142
-258
-187
-293
-169
-217
-180
-174
600
-231
-255
-134
-203
-246
-299
-280
-245
-207
-244
-244
-262
-299
-245
-277
-267
-176
-206
-81
-302
-248
-34
-197
-294
-234
-81
-237
-293
-184
-193
-192
-260
-262
-263
-234
-213
-367
-120
-177
-114
-345
-64
-413
-261
-42
-328
-187
-226
-270
-186
-169
-143
-209
-234
-184
-134
-200
-237
-261
-162
-155
-275
-719
64
-234
-275
-222
-230
-268
-252
-172
-287
-222
-253
-263
-263
-166
-253
-160
-180
-300
-193
-263
-235
-62
-137
-224
-111
-282
-271
-120
-78
5
-221
-229
-200
-253
-365
-254
-267
-293
41
-180
-230
-276
-155
-266
-229
-370
-220
-221
-118
-146
-291
-305
-245
-255
-210
-218
-259
-237
-287
-132
-138
-179
-77
-183
-197
-289
-129
-132
-246
-198
-207
-283
-253
-224
-122
-318
-238
-205
-281
-88
-231
-222
-185
-162
-166
-287
-283
-65
-278
-272
-284
-297
-235
-271
-230
-217
-260
-247
-251
-323
-235
-177
-276
-126
-241
-283
-322
-274
-219
-269
-196
-232
-233
-287
-372
-210
-292
-244
-275
-214
-228
-226
-286
-189
-243
-226
-259
-330
-281
-207
-299
-223
-234
-229
-297
-208
-36
-124
-293
-246
-245
-259
-243
-227
-232
-282
-315
-248
-357
-308
-300
-259
-313
-271
-240
-225
-270
-154
-251
-229
-145
-243
-262
-174
-201
-276
-205
-309
-273
-190
-259
-165
-189
-201
-245
-225
-167
-302
-94
-239
-226
-354
-189
-214
-324
-193
-261
-210
-247
-204
-350
-190
535
-183
-269
-269
-238
-300
-219
-344
-222
-238
-279
-178
-229
-215
-156
-298
-146
-329
-172
-206
-253
-232
-164
-230
-117
-284
-305
-156
-257
-343
-254
-253
-136
-272
-255
-153
-197
-263
-210
-195
-225
-241
-305
-250
-249
-245
-195
-207
-95
-265
-135
-250
-239
-244
-206
-235
-76
-252
-184
-223
-319
-284
-175
-200
-260
-118
-138
-206
-113
-265
-225
-222
-195
-215
-241
-223
-247
-172
-268
-224
-210
-243
-203
-276
-291
-263
-340
-296
-250
-192
-108
-229
-251
-238
-244
-127
-235
-195
-208
236
-251
-347
-292
-255
-268
-254
-353
-246
-251
-241
-267
-221
-275
-151
-270
-204
-274
-220
-204
-325
-260
-234
-115
-197
-299
-303
-194
-135
-215
-223
-275
-239
-198
-226
-250
-255
-297
-107
-280
-234
-142
-234
-336
-180
-270
-198
-62
20
-147
-290
-213
-308
-184
-276
-285
-183
-198
-200
-215
-274
-215
-223
-218
-342
-224
-197
-255
-221
-196
-244
-211
-248
-270
-131
-342
-355
-124
-258
-96
-253
-221
-239
-263
-258
-158
-288
-259
-342
-258
-249
-333
-192
-317
-222
-249
-193
-284
-262
361
-185
-229
-252
-160
-98
-271
-246
-228
-224
-210
-288
-186
-227
-205
-232
-197
-194
-260
-244
-229
-264
-205
-232
-239
-93
-319
-233
-261
-269
-162
-313
-262
-136
-312
-255
-108
-258
-183
-300
-215
-222
-158
-169
-217
-254
-336
-265
-254
-120
-188
-51
-153
-233
-275
-239
-335
-219
-216
-225
-62
-318
-265
-356
-84
-239
-78
-290
-246
-287
-244
85
-274
-247
-261
-320
-234
-214
-260
-291
-201
-213
-294
-253
-194
258
-208
-222
-131
-281
-347
-268
-180
-290
-215
-249
-131
-283
-200
-131
30
-289
-227
-334
-283
-178
291
-303
-311
-205
-245
-291
-184
-295
-173
-250
-264
-191
-220
-236
-389
-193
-253
-252
-243
-266
-200
-277
-185
-276
-256
-157
-189
-341
-338
-257
-286
-175
-247
-207
-235
-284
-256
-308
-279
-315
-240
-258
-353
-199
-333
-231
-305
-357
-343
-296
-138
-271
-237
-234
-154
-111
-212
-383
-213
-238
-214
-215
-220
-120
-264
-241
829
-190
-262
-268
-186
-326
-28
-250
-222
-214
-229
-348
-325
-112
-205
-84
-222
-171
-292
-255
-280
-211
-246
-165
-181
-211
-334
-260
-186
-281
-262
-94
-281
-258
-212
-175
-333
-207
-275
-121
-256
-175
-190
-212
-257
-311
-194
-217
-128
-245
-236
-130
-209
-264
-233
-340
-235
-218
-193
-245
-212
-195
-249
-288
-266
-244
-220
-274
-229
-252
-211
-157
-205
-136
-140
-99
-115
-96
-27
-352
-124
-315
-215
-260
-238
-309
-319
-310
-130
-230
-195
-226
-202
-303
-209
-294
-166
-231
-192
-223
-115
-202
-228
-256
-25
387
-248
-169
-280
-170
-124
-412
-343
-313
-240
-219
-236
-279
-186
-217
-198
-103
-249
-23
-204
-292
-183
-315
-178
-200
-247
-199
-219
32
-163
-274
-270
-208
-163
-302
-225
-270
-286
-233
-186
-222
-204
-201
-259
-200
-258
-336
-223
-251
-286
-239
-233
-211
-119
-264
-238
-233
-259
-283
-273
-308
-127
-217
-283
-145
-300
-220
-181
-210
-318
-312
-130
-311
517
-233
-282
-263
-218
-347
-114
-255
-214
290
-278
-299
-263
-217
-312
-281
-147
-219
-168
-354
-262
-217
-225
-233
-11
-241
-253
-157
-222
-222
-280
-206
-308
-193
27
-208
-123
-264
-233
-414
-217
-94
-223
-240
-287
-229
-207
-190
-264
-239
-121
-295
-126
-161
-233
-266
-28
-50
-92
-246
-202
-263
-148
-196
-226
519
-291
-140
-210
-287
-287
-258
-176
-252
-306
-314
-199
-313
-168
-273
-162
-172
-192
-133
-270
-163
-273
-267
-215
-248
-219
-131
-332
-153
-245
-424
-56
-189
-207
-342
-295
-241
-241
-200
-187
-270
-244
-217
-333
-249
-242
-257
-309
-117
-225
-237
-198
-180
-315
-225
-156
-255
-253
-160
-232
-68
-279
-461
-119
-176
-323
-217
-130
-97
-302
-128
-279
-152
-233
-263
-280
-236
-289
-201
-225
-231
-221
-243
-82
-218
-201
-206
-215
-216
-235
-250
-211
-181
-296
-222
-597
-337
-262
-292
-289
-307
-216
-178
-134
-210
-300
-177
-251
-139
-283
-162
-295
-197
-256
-309
-241
-233
-282
-145
-544
-342
-295
-319
-247
-271
-171
-235
-279
-338
-248
-277
-227
-280
-248
-292
-250
-318
-243
-272
-179
-205
-276
-216
-243
-229
-234
-167
-160
-231
-321
-211
478
-279
-261
-339
-192
-155
-226
-282
-161
-333
-346
-201
-502
-321
-252
-203
-413
-236
-317
-246
-240
-266
-237
-152
-296
-296
-197
-237
-194
-238
-270
-245
-569
-292
-308
-267
-240
-88
-217
-262
-273
-210
-202
-193
-323
-195
-320
-228
-314
-160
-130
6
-301
-355
-259
-268
-308
-230
-226
-214
-94
401
-172
-203
-158
-291
-190
-309
-190
-213
-185
-214
-283
-281
-182
-202
-344
-290
-112
-158
-43
-243
-282
-307
-322
-242
-134
-170
-253
-282
-289
-133
-290
-233
-162
-207
-246
-236
-215
-125
-206
-192
-239
-207
-126
-170
-281
-228
-247
-234
-359
-248
-206
-233
-184
-231
-304
-164
-226
-178
-159
-313
-172
-249
-262
-130
-284
-182
-192
-236
-160
-292
-306
-310
-63
-219
-235
-149
-144
-286
-166
-242
-274
-228
-234
-219
-207
-181
-189
-128
31
-193
-199
-278
-313
-159
-198
-257
-325
-296
-56
-212
-207
-62
-216
-185
-263
-80
-271
-244
-94
-211
-221
-224
-75
-290
-202
-319
-268
52
-6
-186
-95
-306
-305
-264
-144
-212
-261
-291
-243
-207
-247
-180
-320
-204
-198
-179
-240
-215
-171
-274
-259
-337
-167
-291
-181
-232
-362
-292
-151
-101
-258
-169
-201
-5
-341
-206
-315
-304
-163
-267
-226
-239
-268
-292
-237
-259
-300
-207
-19
-210
-214
-19
-93
-279
-291
-303
-153
-321
-247
-263
-243
-161
-85
-231
-249
-241
-191
-37
-186
-288
-353
-170
-285
-243
-277
-312
-249
-260
-200
-206
-246
-209
-295
-219
-238
-159
-266
-162
-183
-168
-284
-60
-244
18
-259
-292
-263
-359
-237
-193
-125
-207
-187
-209
-256
-288
-602
-201
-294
-349
-224
-215
-141
-185
-120
-297
-143
-181
-224
-308
-138
-252
-256
-148
-229
-222
-422
-220
-229
-323
-199
-280
-102
-144
-314
-353
-209
-206
-180
-226
-148
-205
-248
-303
-257
-283
-285
-227
-251
-234
-176
-185
-199
-298
-93
-235
-265
-282
189
-313
-273
-290
-231
-326
-304
-297
-256
-300
-205
-215
-273
-226
-299
-234
-40
-184
-248
156
-257
-191
-264
-232
-243
-144
-262
-310
-248
-305
-320
-202
-266
475
-279
-301
-172
-289
-283
-289
-262
-262
-186
-163
-216
-245
-177
-172
-239
-232
-289
-257
-220
-262
317
-239
-8
-248
-213
-285
-224
-223
-284
-246
-275
-205
-519
-234
-123
-241
-213
-198
-239
-172
-237
-228
-257
-118
-285
-277
-195
-271
-316
-188
-153
-339
-300
-214
-272
-208
-192
-180
-209
-176
-150
-219
-230
-266
-271
-315
-329
-130
-257
-232
-279
-212
-272
-298
-243
-435
-259
-257
-149
-246
-208
-328
-322
-274
-293
-281
-242
-271
-185
-148
-239
-236
-242
-279
-63
-250
-265
-186
-221
-245
-272
-207
-203
-293
-245
-444
-309
-295
-239
-274
-57
-245
-148
4
-215
-214
-130
-261
-232
-208
-255
-363
-111
-160
-262
-221
-243
-247
-267
-294
-219
-194
-287
-367
-253
-260
-324
-226
-228
-344
-294
-236
-265
-313
-454
-338
-117
-207
-196
-222
-268
-248
-181
-262
-275
-307
-273
-407
-250
-133
-263
-222
-346
-169
-339
-294
-249
-268
-124
-154
-152
-243
-202
-258
-250
-251
638
-205
-268
-228
-238
-339
-84
-214
-307
74
-201
-153
-158
-235
-299
-276
-290
-203
-345
-248
-146
-239
-144
-245
-317
-258
-272
-216
-298
-255
-237
-203
-310
-288
-265
12
-143
-271
-169
-228
-228
-132
646
-244
-209
-214
-225
-262
-195
-187
-283
-194
-266
-204
-339
-335
-211
-159
-218
-244
-246
-275
-273
-140
-179
-97
-194
-206
-209
-278
-222
-250
-142
-125
-197
-249
-282
-225
-196
-172
-57
-159
-76
-282
-156
-172
-240
-238
-198
-213
-252
-185
-177
-101
-258
-293
-284
-300
-279
-269
-281
-247
-212
-250
-219
-264
-271
-264
-166
-196
-194
-219
-276
-269
-161
-289
-352
-307
-307
-302
-164
-258
-198
-216
-106
-160
-174
-289
-258
-301
-253
-217
-291
-200
-184
-267
-256
-208
-207
-201
-195
-239
-276
-152
-261
-178
-228
-236
-237
-245
-218
-241
-270
-295
-248
-323
-270
-155
-261
-155
-241
-284
-298
-190
-132
-222
-332
-327
-213
-201
-234
-292
-161
-206
-184
-246
-280
-158
-53
-143
-247
-258
-195
-257
-228
-275
-319
-240
-180
-346
-254
299
-210
-315
-309
-225
-202
-249
-296
-299
-279
-172
-234
-231
-188
-220
-280
-270
-279
-230
-183
-310
-237
-285
-188
-214
-217
-271
-34
-190
-58
-186
-262
-271
-122
-265
-200
-333
-238
-315
-278
-304
-131
-95
-315
-195
-211
-248
-193
-11
-290
-309
-133
-291
-303
-322
-270
-317
-188
-248
-269
-292
-271
-235
-218
-178
-306
34
-277
633
-55
-213
-271
-225
-207
-210
-271
-197
-203
-132
-322
-209
-176
-380
-283
-404
-268
-238
-53
-276
-238
-360
-301
-242
-207
-233
-276
-262
-202
-187
-223
-221
-269
-216
-251
-77
-266
-222
-151
-282
-302
-136
-278
-219
-199
-271
-320
-253
-181
-248
-248
-384
-248
-175
-127
-152
-268
-284
-171
-191
-94
-221
-226
-249
-46
-308
-273
-294
-267
-179
-273
-301
-298
-232
-282
-122
-253
-168
-110
-193
-249
-178
-271
-222
-205
-160
-129
-238
-283
-287
-259
-265
-309
-262
-196
-263
-276
-220
-190
-203
-153
-362
-188
-198
-171
-101
-249
55
-223
-238
-168
-228
-195
-226
-183
-56
-107
-453
-297
-255
-29
-120
85
-238
-478
-255
-134
-210
-231
-200
-241
-239
-91
-281
-255
-181
-343
-179
-322
-272
-383
-278
-304
-288
-234
-215
-102
-223
-183
-315
-145
-211
-166
-27
-211
-247
-267
-195
-220
-323
-265
-214
-258
-241
-231
-319
-155
-215
-172
-144
-274
-271
-181
-249
-156
-295
-213
-242
-186
-221
-165
-261
-215
-223
-219
-273
-278
-207
-212
-219
-179
-123
-259
-223
-227
-158
-297
-242
-212
-173
-152
-143
-276
-165
-278
-307
-210
-113
-236
-182
-318
-273
-122
-260
-205
-270
-221
-287
-229
-270
-287
-207
-56
-254
-255
-220
-143
-622
-224
-222
-181
-324
-262
-156
-301
-191
-225
-314
-205
-202
-299
-230
-203
-222
-189
-384
-265
-293
-271
-218
-215
-188
-309
-166
-284
-308
-221
-282
-273
-178
-256
-244
-217
-185
-241
-206
-167
-267
-340
-251
-281
-260
-241
-206
-238
-231
-291
-147
-283
-280
-256
-274
-319
-228
-352
-202
-299
-192
-359
-216
-197
-287
-42
-313
-367
-267
-256
-223
-220
-256
-218
-157
-262
-260
-280
-238
-245
-217
-173
-277
-175
-213
-109
-290
-261
-129
-231
-193
-224
-216
-224
-282
-204
-200
-156
-194
-194
-237
-231
-294
-208
-250
-69
-182
-78
-201
-230
-293
-94
-116
-172
-223
-259
-186
-229
-103
-215
-223
-248
-274
-240
-240
-253
-231
-275
-267
-234
-270
-162
-264
-248
-245
-279
-270
-176
-200
-267
-176
-213
-167
-252
0
-206
-157
-69
-267
-231
-278
-293
-15
-285
-208
-223
-277
-171
