-168
-347
-220
-215
-271
-24
-249
19
-254
-254
-309
-208
-263
-208
-284
-184
-198
-153
-261
-269
-234
-92
-136
-247
-248
-121
-173
-219
-193
-195
-136
-222
-74
-199
8
-308
-222
-245
-178
-270
-203
-171
-204
-227
-211
-151
-287
-89
-269
-196
-174
-153
-174
-217
-161
-9
-234
-231
-229
15
-78
-301
-292
-219
-133
-282
-534
46
-243
-278
-222
-237
-179
-74
-243
-158
-232
-224
-293
-306
-182
-323
-281
-252
-380
-281
248
-252
-170
-141
-256
-240
-253
-147
-236
-208
-151
-72
-215
-216
-236
-382
-133
-219
-223
-227
-135
-267
-261
-188
-241
-202
-221
-235
-180
-240
-228
-157
-402
-197
-273
-317
-27
-174
-227
-290
-156
-363
-97
-181
-340
12
-267
-196
-219
-233
-169
-189
-194
-293
-176
-154
-7
-131
-302
-165
-240
-174
-240
-248
-210
-167
-247
-184
-191
-176
129
-216
-246
-87
-271
-211
-148
-288
-262
-216
-147
-67
-189
-219
-269
-217
152
-187
-151
-254
-162
-240
-226
-257
-480
-308
33
-264
-214
-353
-169
-83
-131
-286
-262
-157
-220
-309
-217
-212
-404
-115
-268
-245
-274
-341
-112
-277
-151
-285
-328
-194
-52
-225
-207
-158
-185
-213
-636
-196
-168
-226
-277
-306
-213
-137
-173
-153
-215
-187
-157
-141
-25
-150
-209
-155
-267
-213
-414
-337
-99
-288
-206
-231
-36
-224
-233
-219
-266
-83
-221
-290
-188
-158
46
85
0
-134
-299
-348
-201
-104
-172
-253
-240
-209
-172
-181
-203
-199
-259
-222
-234
-192
-251
-54
9
-244
-90
-301
-244
-293
-109
-187
-223
-239
-202
-286
-279
-173
-323
-121
-159
-326
-211
-39
-235
-222
266
-222
-196
-199
-303
-259
-184
-250
-294
-234
-149
-174
-321
-389
-134
-192
-258
-47
-253
-343
-398
-190
-225
-176
-245
-269
-110
-139
-199
-311
-264
-139
-254
-403
-73
-214
-166
-247
-309
-247
-212
-111
-236
-287
-158
-182
-272
-295
-462
-150
-164
-170
-187
-201
-170
-330
-53
-302
-207
-258
-191
-150
-73
-241
-252
-207
-233
-201
-194
-229
-284
-221
-328
-425
-79
-321
-150
-286
-147
-233
-286
-276
-232
-240
-266
-235
-227
-227
-209
-210
-201
-27
-248
-254
-323
-244
-284
-225
-185
-241
-194
-277
-313
-164
-214
-238
-229
-115
-212
-267
-191
-234
-225
-238
-259
-180
-292
-201
-244
-128
-275
-251
-203
-186
-350
-260
-189
-364
-115
-97
-230
-223
-401
-141
-262
-74
-242
-189
-135
-174
-208
-249
-172
-180
-248
-77
-288
-228
-210
-330
-267
-116
-107
256
-206
-274
-125
-196
-23
-67
-265
-289
-286
-165
-212
-214
-179
-290
-211
44
-263
-88
-116
-134
-28
-280
-182
-201
-248
-251
-212
-218
-124
-334
-119
-123
-187
-145
-185
-178
-218
-231
-277
-322
-176
-255
-448
-216
-247
-232
-236
-120
-106
-289
-257
-143
-144
-239
-318
-239
-243
-244
-7
-228
-31
-263
-179
-205
-202
0
-276
-176
-196
-238
-231
-155
-236
-407
-236
-195
-310
-208
-145
-166
-230
-268
-201
-395
-163
-183
-217
-98
-347
-277
-93
-280
-269
-176
-258
-162
-269
-347
-192
-234
-245
-123
-241
-264
-262
-182
-108
-216
-258
-280
-142
-250
-227
-204
-187
-197
-105
-240
-197
-412
-226
-213
-199
-148
-233
-167
-192
-179
-304
-310
90
-342
-231
-274
-156
-231
-262
-271
-96
-143
-200
-265
-267
-116
-272
-219
-231
-169
-213
-173
-313
-297
-90
-157
-144
-18
-254
-146
-172
-121
-292
-151
-177
-241
-253
-207
-297
-298
-241
-314
-198
-232
-234
-264
-165
-247
-385
-149
-91
-207
-159
-88
-194
-249
-244
-178
-147
-67
-222
-186
-223
-235
-89
-207
-117
-334
-201
-239
-180
-215
16
-139
-362
60
-208
-242
-177
-228
-204
87
-205
-151
-87
36
-283
-148
-179
-224
-161
-346
-28
-248
-189
-182
-133
-332
-296
-285
-184
-239
-247
-63
-198
-203
-309
-70
-380
-122
-198
-200
-136
-261
-107
-129
-290
-217
-222
-46
-209
-326
-211
-336
-210
-176
-258
-165
-157
-252
-219
-66
-304
-123
-147
-194
-331
145
-193
-246
-199
-239
-235
-163
-310
85
-138
-121
-299
-373
36
-312
-253
-223
-418
-312
-189
-220
-228
-148
-243
-113
-208
-332
-152
-221
23
-222
-258
-128
-3
-272
-185
-198
9
-260
-246
-226
-209
-271
-379
124
-233
-295
-245
-193
-127
-254
-44
-251
-238
-212
-229
-155
-189
-83
-206
-57
-1
-327
-279
-160
-149
-137
-232
-171
-313
-294
-356
-362
-70
-132
-260
-221
3
-218
-325
-148
-199
-135
-248
-137
-229
-120
-145
-168
-281
-158
-189
-196
-349
-193
-156
-203
-215
-289
-266
-221
-339
-365
-267
-260
-240
-205
-84
-193
-204
-197
-41
-285
-74
-237
-170
-236
-281
-278
-113
-313
-203
-198
11
-113
-292
-316
63
-158
-145
-270
-188
-141
-193
-285
-189
-276
-272
-202
-231
-291
-211
-230
-221
-243
-92
-245
-297
-23
-168
-253
-301
-324
-184
-251
-321
-227
-259
-252
-295
-171
-195
-204
-280
-176
-187
-135
-234
-106
-302
-224
-54
-163
-237
-223
-18
-291
-378
-235
-212
-173
-325
-170
-194
-233
-234
-219
-188
-152
379
-115
-358
-257
-194
-247
-204
-248
-122
-18
91
-211
-219
-16
-281
-101
-106
-201
-99
-228
-190
-203
-264
-234
-85
-108
-255
-200
-78
-280
-172
-208
-236
-254
-237
-346
-45
-212
-141
-163
-254
-214
-199
-20
-208
-234
-308
-184
-296
-183
-202
-333
-148
-54
-256
-252
-251
-257
-228
-247
-201
-255
-147
-194
-14
-83
-284
-295
-43
-284
-192
-224
-245
-148
-268
-68
-184
-131
-161
-324
-272
-240
-268
-146
-255
-185
-193
-256
-249
-14
-283
-111
-220
-135
-376
-203
-24
-314
-245
-19
-306
-249
-286
-249
-190
-249
145
-428
-187
-243
-230
-295
-232
-285
-219
-224
-290
-177
-136
-158
-89
-305
-160
-181
-50
-161
-284
9
-129
-248
-110
-96
-112
-280
-163
-204
-91
-427
-269
-88
-237
-328
-252
-269
-79
-194
-130
-185
-203
-266
-187
-199
-225
-196
-244
-43
-164
-180
-293
-138
-303
-159
-182
-250
-62
-292
-175
-213
-181
-206
-289
-292
-345
-286
-133
-15
-148
-245
-19
-72
-221
-285
-217
-181
-308
-293
-125
-332
-270
-215
-223
-178
-166
-194
-301
-181
-123
-85
-235
-165
-261
-240
-232
-254
-435
-144
-133
-220
-172
-205
-254
-180
-302
-229
-220
-361
-328
-317
-374
-268
-224
-232
-90
-186
-213
-176
-262
-142
-139
-201
-83
-214
-90
-337
-67
-209
-176
-133
-231
-180
-283
-332
-154
-62
-146
-157
-354
-97
-301
-124
-229
-182
-306
-263
-167
-181
-163
-238
-116
-272
-320
-202
-130
-212
-276
-304
-179
-261
-218
-172
-203
-276
-308
-240
-259
-100
-305
-44
-315
-184
-294
-238
-179
-217
-116
-220
-296
-235
-215
-262
-265
-169
-337
-411
-261
-247
-266
-293
-226
-290
0
-256
-247
-249
-205
-210
-324
-218
-171
-141
-156
-286
-362
-143
-237
-174
-322
-251
-226
15
-229
-217
-224
-141
-59
-354
-207
-297
-223
-300
-163
-329
-190
-110
-154
-98
-156
-119
-350
-144
-169
-155
-85
-331
-280
-144
-231
-153
-256
-231
-11
-237
-154
-111
-194
-147
-265
-251
-209
-176
-212
-256
-212
-289
-76
-256
-189
-228
-196
-265
-219
-268
-191
-279
-220
-137
-174
-217
-157
-203
-325
-272
-307
17
-197
-326
-277
-324
-94
-221
-228
-257
-212
-389
-199
-141
-277
-228
-170
-194
30
-233
-250
-251
-258
-210
-270
-229
-251
-323
-288
-157
-92
-183
-312
-296
-125
-260
-284
-134
-259
-293
-215
-206
-228
-279
-262
-155
-204
-243
-268
-355
-321
-156
-241
-109
-151
-206
-194
-135
-162
-160
-263
-337
777
-219
-166
-132
36
-212
-259
-127
-178
-210
-170
-193
-263
-125
-272
-247
-276
-348
-206
-334
-280
-196
-205
-242
5
-111
-138
-217
-116
-131
-330
-6
-228
-285
-205
-260
-270
-176
-367
-238
-307
-191
-172
-179
-162
138
-255
-197
-214
-111
-211
-251
-224
-148
-276
-184
-263
-287
-223
-143
-220
-275
-291
-366
-81
-387
-125
-235
-279
-232
-189
5
-127
-247
-324
-83
-433
-225
-222
-253
-251
-300
-160
-274
-301
-263
-266
-108
-137
-304
-306
-228
-217
-313
-180
-82
-189
-190
27
122
-226
-179
-214
-264
-200
-205
-230
91
-185
-129
-155
-237
-207
-227
-195
-187
-263
-132
-234
-241
-165
-161
-353
-262
-192
-218
-243
-163
-190
-214
-312
-267
-250
-287
-256
-158
-130
-238
-209
-190
-258
-175
-259
-223
-165
-289
-325
-283
-287
-273
-275
-111
-168
-367
-225
-251
-241
-194
-11
-260
-237
-128
-291
-219
-108
-177
-213
-66
-173
-149
-353
-163
-173
-193
-216
-167
-307
-229
-157
-287
-187
-278
-218
-221
65
-205
-237
-218
-181
-226
-148
-195
-111
-88
-294
-212
-23
-224
-142
-218
-301
-217
-239
-232
-239
-245
-175
-192
-193
39
-169
-276
-73
-222
-171
-211
-98
-249
-211
-98
-211
-280
-312
-272
-242
-264
-197
-223
-182
-248
-200
-210
141
-131
-238
-148
-263
-304
-229
-112
-96
-263
-246
-228
-391
-269
-312
-285
-223
-243
-202
-128
-198
-387
-71
-268
-117
-277
-171
-73
-229
-252
-202
-251
60
-231
-229
-230
-288
-244
-257
-193
-265
49
-319
-356
-158
-326
-297
-377
-223
-298
-196
-277
-205
-142
-228
3
-143
-282
18
-242
-238
-280
-103
-136
-211
-175
-178
-270
-195
-128
-216
-167
-289
-110
-68
-284
-161
-222
-317
-174
-133
-275
-298
-117
156
-223
-189
-206
-210
-310
-75
-286
-148
-219
-168
-322
-208
-63
-275
-157
-260
913
-60
-317
-186
10
-279
-240
-262
-225
-51
-294
-107
-219
-249
-224
-143
-192
-195
-216
-264
-231
-92
-292
-301
-117
-183
-284
-132
-326
-267
-138
-283
-111
-197
-251
-197
-290
-282
-199
-291
-215
-63
-88
-280
-245
-245
-202
-182
-272
-215
-115
-115
-244
-258
-275
-222
-184
-94
-254
-240
-310
-173
-197
-290
-181
-223
-260
-95
-217
-54
-402
-384
-244
-195
-259
-178
-318
-36
-156
-217
-334
-278
-259
-258
-206
-113
-198
-252
-194
-195
-235
-224
-364
-240
-184
-178
-255
-174
-229
-65
-289
-316
-241
-211
-219
-215
-14
-330
-342
-90
-307
-366
-6
82
-231
-172
-360
155
-265
-187
-196
-224
-191
-280
-132
-219
-231
-319
-245
-114
-224
12
-61
-116
-157
-210
-300
-283
-299
-183
-194
-304
-167
-250
-187
-323
-166
-275
-280
-321
-251
-136
-265
-243
-252
-268
-201
-158
-272
-125
-282
-162
-287
7
-104
-193
-73
-176
-152
-235
-191
75
-360
-177
-141
-122
-291
-241
-360
-103
-144
-289
-259
-232
-249
-179
-210
-311
-186
-193
-357
-253
-200
-308
-263
-210
-135
-171
-80
-239
-57
-247
-315
-231
-158
-310
-362
-328
-268
-405
-118
-218
-38
-236
-128
-134
-263
-344
-152
-300
-204
-265
-86
-243
-252
-251
-174
-290
-50
-202
-267
-177
-201
-245
-291
-65
-105
-179
-178
-331
-169
-329
-162
-88
-148
-418
-45
-232
-208
-264
-292
-158
-219
-465
-182
-142
-194
-236
-166
-240
-115
-250
-255
-290
-131
-281
-236
-251
-150
-256
-229
-206
-308
-180
-269
208
-234
-171
158
-243
-140
-229
-283
-85
-160
-334
-155
-280
-207
-251
122
-250
-210
-307
-220
-336
-45
-295
-257
-234
-283
-181
-218
-116
-193
-245
-67
-271
-208
-286
-50
-312
-178
-237
-173
19
-256
-211
-318
-199
-187
-162
-232
-264
-272
-194
-60
-298
-117
-189
-257
-57
-89
93
-139
-340
-193
-261
-322
-228
-269
-289
-157
-323
-170
-262
-139
-326
-199
-117
-239
-262
-274
-215
44
-45
-312
-181
-299
-222
-215
-234
-133
-174
-261
-129
-169
-226
-98
-327
-104
-207
-250
-200
-188
-200
-152
-77
-208
-246
-278
-184
-179
-184
-115
-369
-272
-146
-166
-151
-226
-175
-232
-278
78
-199
-222
-227
-257
8
-206
-39
-142
-244
-276
-270
-192
-235
-247
-197
-303
-255
-104
-77
-296
-202
-146
-47
-196
-291
-172
-188
-180
-279
-314
-202
-240
-293
-148
-221
-242
-149
-185
-325
-318
-201
-198
-139
-95
-14
-253
-215
-187
-98
-146
-146
-239
-314
179
-288
-283
-134
-242
-239
-242
-332
-132
-170
-132
-123
-187
-154
-334
-204
-357
-26
-306
-183
-321
-195
-184
-193
-210
-111
-274
-214
-249
-179
-262
-156
-160
-86
-154
-254
-163
-114
-186
-116
-263
-318
-290
-251
-86
-198
-272
-124
-235
-191
-207
-175
-299
-324
-296
11
-272
-148
-117
-232
-197
-255
-222
-188
-160
-217
-255
-55
-210
220
-242
-258
-207
-289
-163
-285
-222
-152
-220
-283
-148
-271
-178
-242
-233
-103
-217
-280
-72
-97
-340
-217
-144
-200
-160
-245
-325
-193
-263
-175
-337
-189
-246
-274
-106
-256
-233
-251
-229
-249
-169
-159
-204
-5
-277
-226
-266
-183
-236
-273
-73
-231
-178
-292
11
-48
-262
-296
-276
-292
-163
44
-193
-103
-214
-277
-133
-391
-233
-162
-51
-248
-193
-184
-192
-238
-293
-157
-217
-309
-189
-249
-131
-206
-234
-87
-140
-31
-125
-203
-271
-165
-216
-239
-231
-232
-59
-177
-168
-352
-229
-255
-301
-247
-144
-171
-400
-192
-279
-280
-98
-153
-158
-207
-171
-172
-182
-205
-167
-252
-388
-263
-17
-255
-217
-492
-301
-223
-249
-213
-197
-196
-196
-212
-164
-264
-236
-266
-253
-192
-380
-175
-264
-232
-308
-168
-113
-248
-222
-92
-273
-280
-197
-192
-129
-207
-193
-203
-353
-260
-245
-237
-296
-184
-155
-160
-210
-145
-165
-180
-219
-284
-250
0
-144
-212
-249
-169
-226
-275
-253
-161
-103
-250
-249
-382
-283
-178
-215
-187
-169
-271
-117
-178
-199
-169
-220
-218
-171
-188
-221
-217
-148
22
-224
-330
-43
-287
-245
-163
-186
-147
-249
-202
-149
-224
-180
-207
-115
-180
-307
-242
-244
-239
-294
-223
-226
-305
-180
-227
-57
-69
-138
-96
-305
-163
-152
-258
-282
-186
-299
-156
-174
-244
-200
-275
-155
-213
-380
-272
-300
-52
-246
-188
-282
-175
-175
-349
197
-193
-300
-199
-255
-176
-76
-216
-321
-23
-6
-314
-220
-271
-197
-162
146
-244
-219
-318
-330
-273
-268
-221
-202
-152
-303
-224
-230
-227
-32
-199
-230
-237
-59
-309
-149
-190
-226
-206
-292
-269
-154
-54
-380
-212
-163
-221
-139
-20
-184
17
-231
-215
-65
-236
-211
-150
-117
-203
-246
-282
-86
-220
-312
-192
-36
-297
-217
-269
-163
-157
-161
-203
-208
-231
-251
-330
-222
-197
-260
-185
-267
-514
-185
-204
-214
-237
-240
-244
-254
-202
-321
-286
24
-267
-224
-254
-201
-179
-91
426
-168
-142
-208
-300
-301
-278
-271
-175
-272
-326
-79
-269
-346
-243
-187
-260
-311
-256
-186
-175
-200
-55
-253
-251
-194
-202
-208
-250
-265
-283
-180
-324
104
-67
-188
-231
-221
-284
-360
-100
-230
-412
-247
-260
-310
-310
-241
-175
-43
-210
-136
-147
-310
-146
54
-242
-168
-150
-178
-151
-272
-347
-224
-242
-161
-147
-256
-108
-259
-190
-152
-187
-255
-284
-269
-246
-191
-699
-242
-91
-250
-253
-248
-120
-317
-332
-126
-89
-190
-328
-294
-287
-289
-282
-251
-324
-213
-256
-108
-242
-203
-48
-211
-223
-163
-208
-249
-263
-219
-109
-209
-133
-244
-95
-82
-122
-189
-168
-366
-164
-201
-262
-211
-242
-161
-323
-222
-157
-15
-245
42
-278
-254
-181
-184
-89
-236
-237
-127
-219
-57
-211
-123
-299
-174
-330
-328
-196
-176
-289
-273
-368
-379
-127
48
-156
-206
-91
-114
-306
-61
-140
-124
-293
-115
-231
-256
-284
-340
-321
-182
-235
-291
-243
-211
-102
-199
-239
-198
-134
-217
-215
-152
-123
-262
-157
-235
-270
-244
-156
-271
-148
-286
-209
-197
-192
-264
-112
-179
-261
-248
-283
-83
-282
-304
-175
-142
-195
-223
-226
-448
-167
-177
-194
254
-130
-26
-365
-217
13
-136
-306
-122
-255
-250
-181
-169
-179
-233
-319
-189
-210
-235
-171
-226
-174
-72
-392
-204
-286
-241
-306
-181
-74
-267
-134
-251
-184
-292
-316
-209
-178
-80
-289
-265
-295
-190
-254
-199
-201
-314
-237
-258
-253
-204
-124
-182
-252
-189
541
-190
-263
-279
-265
-71
-252
-211
-377
-281
-147
-231
-149
-125
-290
-232
-337
-278
-321
-149
-307
-278
-182
-286
-138
-284
-26
-284
-288
-58
-298
-227
-88
-62
-182
-308
-265
-141
-195
-121
-118
-298
-305
-289
-266
-227
-290
-266
-326
-166
-221
-286
-115
-289
-202
-109
-324
-128
-19
-270
-158
-280
-215
-178
-171
-327
-206
-264
-33
-176
-261
-390
-196
-246
-41
-61
-265
-212
-246
-282
-225
-155
-245
71
-114
-242
-248
-223
123
-258
-131
-51
-457
-144
-330
-264
-204
-229
-229
-268
-187
-212
-250
-271
-156
-189
-80
-273
-201
-370
-325
-313
-279
-230
-137
-232
-328
-177
-497
-280
-317
-13
-174
-51
-166
-192
-242
-228
-889
-275
-71
-249
-206
-290
-158
-181
-398
-219
-217
-176
-228
-370
-207
-210
-246
-145
-48
-219
-194
-217
-267
-187
-308
-167
-216
-190
-228
-259
-183
-95
-30
-99
-245
-174
-241
-12
-242
-255
-256
-306
-298
-242
-157
-165
-183
-294
-251
-196
-141
-231
-77
-135
-136
-200
-253
-181
-298
-241
-89
-280
-165
-214
-171
-37
-113
-215
-98
-229
-215
-168
-120
-325
-196
-277
685
-276
-73
-225
-196
-209
-193
-273
-251
-49
-203
-216
-204
-265
-161
-254
-193
-172
-232
-315
-124
-232
-200
-187
28
477
-263
-166
-265
-203
-173
-168
-258
-206
-204
-171
-87
-111
-262
-256
-353
-350
