3529
3488
3387
3348
3273
3470
3452
3526
3570
3438
3320
3189
3355
3346
3508
3472
3199
3444
3542
3390
3412
3313
3492
3272
3368
3340
3287
3432
3246
3515
3552
3394
3359
3498
3595
3490
3387
3395
3425
3172
3495
3481
3563
3433
3541
3313
3387
3521
3526
3548
3421
3509
3398
3015
3350
3341
3535
3246
3541
3356
3459
3220
3019
3336
3511
3414
3486
3453
3425
3490
3416
3525
3466
3345
3517
3140
3499
3034
3378
3346
3512
3532
3474
3390
3325
3202
3415
3521
3558
3438
3356
3417
2589
3401
3448
3309
2938
3372
3537
3530
3594
3529
3503
3381
3350
3253
3481
3533
3354
3426
3430
3529
3224
3450
3532
3410
3439
3627
3461
3236
3428
3101
3325
3381
3216
3228
3335
3282
3455
3300
3543
3354
3047
3391
3437
3537
3411
3207
3446
3010
3466
3551
3525
3560
3478
2650
3522
3443
3556
3183
3332
3365
3313
3516
3531
3345
3504
3223
3545
3223
3503
3580
3445
3541
3414
3444
3482
3267
2732
3442
3585
3472
3292
3361
3585
3101
3406
3410
3404
3366
3474
3565
3491
3514
3494
3534
3479
3375
3582
3397
3557
3314
3315
3484
3457
3427
3580
3200
3368
3306
3414
3347
2966
3466
3460
3249
3489
3347
3467
3362
3406
3515
3446
3255
3471
3107
3043
3534
3031
3385
3486
3417
3523
3367
3520
2871
3340
3309
3488
3460
3371
3479
3406
3551
3561
3400
3381
3257
3555
3268
3354
3480
3534
3394
3480
3176
3287
3357
3278
3001
3354
3366
3546
3566
3571
3420
3182
3315
3448
3504
3539
3373
3585
3567
3371
3386
3435
3502
3435
3533
3540
3468
3535
3525
3613
3489
3257
3544
3436
3430
3263
3551
3565
3154
3412
3430
3400
3467
3327
3571
3322
3258
3464
3475
3373
3182
3167
3221
3445
3474
3497
3433
3493
3578
3274
3514
3328
3480
2834
3478
3336
3056
3298
3390
3588
3473
3551
3533
3448
3030
3439
3401
3397
3417
3510
3447
3368
3462
3540
3406
3337
2975
3554
3539
3476
3385
3471
3477
3558
3492
3360
3724
3395
3519
3422
3144
3520
3449
3414
3348
3509
3534
3511
3145
3543
3548
3468
3315
3409
3402
3471
3377
3408
3313
3458
3570
3343
3387
3477
3349
3477
3406
3519
3418
3396
3506
3545
3460
3356
3531
3422
1681
3510
3367
3336
3503
3273
3541
3506
3450
3286
3345
3346
3361
3613
3599
3420
3241
3442
3510
3457
3203
3332
3501
3188
3307
3546
3429
3378
3553
3355
3440
3490
3606
3397
3338
3378
3419
3481
3100
3336
3063
3528
3394
3355
3314
3511
3365
3511
3191
3474
3316
3427
3197
3524
3505
3362
3419
3462
3438
3365
3509
3264
2960
3487
3438
3417
3368
3404
3192
3472
3512
3474
3374
3548
3553
3494
3493
3436
3355
3408
3230
3567
3608
3402
3281
3269
3305
3401
3439
3459
3349
3515
3505
3480
3468
3390
3480
3303
3509
3476
3408
3056
3469
3345
3480
3383
3515
3296
3446
3472
3500
3396
3517
3506
3476
3083
3361
3439
3335
3299
3474
3431
3268
3336
3578
3332
3489
3437
3503
3324
3332
3480
3631
3418
3177
3444
3189
3410
3411
3512
3159
3511
3444
3475
3525
3456
3512
3487
3076
3378
3303
3534
3481
3548
3318
3464
3443
3303
3779
3322
3203
3576
3388
3467
3055
3404
3501
3318
3368
3496
3255
3445
3494
3526
3576
3524
3390
3465
3509
3582
3354
3503
3519
3309
3506
3367
3552
3436
3488
3480
3591
3508
3222
3368
3445
3614
3076
3430
3521
3357
3542
3495
3355
3425
3542
3120
3578
3350
3603
3590
3546
3520
3462
3273
3336
3414
3477
3558
3451
3521
3613
3573
3438
3467
3391
3504
3316
3411
3427
3618
3267
3570
3260
3017
3510
3332
3631
3494
3332
3302
3459
3523
3535
3497
3439
3380
3360
3345
3499
3429
3206
3428
3241
3511
3375
3594
3482
3336
3460
3516
3295
3461
3254
3520
3387
3504
3542
3440
3404
3558
3419
3332
3273
2992
3272
3277
3529
3449
3359
3505
3557
3434
3557
3473
3354
3492
3362
3361
3454
3011
3519
3423
3352
3426
3342
3304
3369
3529
3469
3553
3462
3276
3524
3528
3485
3311
3581
3488
3541
3524
3519
3404
3621
3466
3476
3375
3340
3400
3177
3537
3452
3428
3491
3491
3369
3242
3433
3518
3590
3333
3535
3258
3448
3398
3410
3431
3521
3583
3363
3257
3528
3559
3515
3386
3529
3410
3438
3419
3461
3460
3449
3500
3850
3074
3343
3522
3265
3590
3222
3434
3493
3582
3386
3339
3455
3413
3432
3449
3519
3472
3476
3398
3446
3372
3347
3256
3470
3476
3251
3516
3443
3423
3384
3434
3343
3371
3579
