-173
-263
-236
-194
-53
-266
-282
-44
-129
-245
-286
-63
-263
-198
-188
-212
-289
-199
-295
-132
-223
-320
-532
-214
-272
-165
-118
-207
-196
-239
-303
-234
-229
-243
-224
-68
-194
-46
-133
312
-166
-143
-244
-182
-136
-243
-233
-84
-115
-250
-185
-189
-327
-169
-304
-148
-239
-246
-168
-252
132
-243
-221
-123
-191
-155
-323
-113
-113
-326
-126
-121
-246
-241
-139
-424
-243
109
-221
-172
-194
-261
-103
-114
-302
-192
-170
-252
-40
-250
-211
-233
-232
-186
-283
107
-210
-253
-223
-228
-199
-292
-223
-100
-263
-231
88
-236
-156
-111
-94
-193
-182
-222
-207
-156
-213
-178
-183
-309
-270
-235
-260
-127
-217
10
-208
-228
-185
-234
-286
-260
-200
-263
-72
-208
-243
-123
-268
-158
-116
-94
-159
-644
-243
-219
-145
-313
-43
-92
-218
-202
-156
-82
-145
-265
-266
222
-347
-176
-389
-207
-222
-208
-200
-192
-239
-223
-192
-193
-247
-308
-251
-238
179
-20
-158
138
-273
-191
-242
-310
-243
-173
-217
-207
-148
-292
-90
-180
-233
-83
-394
-176
-271
-212
-158
-308
-167
-212
-278
-59
-259
-252
-284
-274
-219
-208
-228
-230
-122
-196
-275
-144
-327
-235
-150
-264
-112
-256
-216
-222
-265
-245
-194
-254
-221
-114
-248
-251
-159
-227
-229
-202
-117
-74
-290
-93
-220
-270
-205
1217
-170
-258
-243
-138
-265
-368
27
-217
-15
-247
-196
-195
-292
-243
473
-224
-367
-175
-206
-193
-4
-320
-207
-248
-247
-163
-231
-201
-126
-367
-246
-207
-284
-154
-316
-178
-281
-249
-211
-187
-66
-217
-267
-163
-272
-246
-188
-263
-292
-319
-201
-269
-162
-302
-252
-242
-195
-249
-254
-153
-223
-212
458
-246
-188
-198
-215
-223
-277
-273
-381
156
-215
-244
-89
-203
-210
-299
-330
-209
-267
-266
-242
-204
-219
-216
-124
-208
-206
-430
-260
-246
-196
-264
-171
-164
-222
-241
-208
-255
-187
-3
-220
-272
-250
-167
-251
-204
-209
-212
-230
-251
-197
-296
-341
-285
-70
-231
-240
-268
39
-257
-297
-236
-271
-288
-342
-223
-103
-196
-77
-182
-257
-237
-76
-63
-257
-179
-159
-237
-135
-215
-151
-34
-189
-220
-199
-208
-123
-213
-148
-187
-245
-129
-252
-232
-83
-148
26
-267
-274
-248
-155
-221
-16
-177
-209
-52
-240
-194
-225
-115
-305
-171
-175
-206
-201
-228
-262
-199
-203
-290
-193
-271
-70
-272
-219
-116
-213
-249
-293
-192
-260
-207
-268
-154
-191
-200
-234
-219
-209
-207
-584
-238
-274
-319
-212
-203
-220
-349
-184
-231
-260
-246
-281
-73
-168
-201
-246
-264
-107
-234
-236
-383
-292
-60
490
-159
-285
253
-211
-156
-332
-127
-172
-303
-257
-144
-170
-224
-308
-353
-215
-173
-313
-146
-226
-86
-80
-367
-222
-284
-209
-324
-157
-148
34
-202
-214
-214
-156
45
-304
-225
-197
-197
-171
-305
-223
-202
-254
-190
-11
-249
-215
-214
101
-174
-265
-225
-148
-189
-207
-229
-174
-334
-235
-264
3
-155
-228
-198
-152
-244
-287
-202
-285
-221
-271
-254
-310
-235
-128
-279
-72
-367
-244
-285
-441
-270
-216
-253
-95
-209
-201
-233
-121
-290
-264
-216
-252
-126
-194
-237
-127
-207
-163
-175
-212
-217
-6
-228
-207
-258
-253
-156
-139
-198
-289
-291
-95
-254
-199
-255
-150
-218
-197
-248
-112
-172
-198
-59
-284
-282
-233
-297
-103
-252
-287
-598
-354
-157
-238
-195
-362
-291
-134
8
-243
-214
-224
-68
-253
-249
-232
-239
-373
-244
-20
159
-117
-93
-125
-7
-251
-244
-208
-212
-131
-165
-225
-218
-299
-218
-151
-251
-177
-157
-250
-262
-261
-263
14
53
-276
-284
-81
126
-200
-202
-107
-211
-139
-247
-105
49
-124
-26
-244
-217
-275
-274
-231
-257
-259
-372
-73
-243
-379
-179
-281
-184
-252
-212
-177
-230
-185
-330
-220
-165
-201
-218
-220
-179
-164
-277
-239
-174
-290
-148
-199
-433
-174
-35
-177
-207
-116
-187
-152
-210
-270
-237
-268
-273
-176
-307
-204
-97
-298
570
-283
-139
-291
-187
-82
-84
-510
-130
-243
-203
-296
-265
-257
-191
-245
-142
-188
-146
-78
381
-251
-345
-225
-333
-108
-267
-245
-145
-201
-290
-191
-131
-239
-353
-214
-284
-270
-266
-113
-187
-175
-244
-208
-117
-148
-130
-219
-151
-217
-134
-164
-232
-233
-193
-200
-245
-78
-230
-169
-155
-173
-359
-214
20
-173
-57
-259
-168
-185
-186
-208
-261
-158
-96
-30
-159
-58
-281
-310
-132
-140
-393
-258
-248
-155
-205
-266
-230
-113
-178
-191
-247
-222
-59
-151
-158
-234
-228
5
-173
-257
-274
-235
-44
-349
-362
-258
-186
-204
-302
-268
-491
-236
-195
-241
-226
-153
-287
-332
-662
-249
-290
-151
-239
-260
-407
-163
-235
-451
-212
-104
-204
470
-233
-236
-360
-244
-269
-248
-270
-235
-310
-169
-170
-184
-170
-207
-244
-201
347
-338
-161
-147
-159
-337
-283
-221
-297
-90
-272
-263
-141
-279
-87
-354
-305
-185
-235
-100
-213
-45
-286
-246
-210
-267
-87
-337
-167
-218
-163
-229
-173
-248
-307
-199
-239
-285
-328
-366
-182
-174
-140
-295
-200
-161
-210
-165
-271
-180
-184
-129
-109
-254
-188
-260
-211
-203
-241
-222
-233
-194
-55
-176
-215
-166
-174
-252
-196
-242
-237
-207
-217
-222
-294
-239
-151
-198
-253
-244
-734
-185
-239
-252
-289
-234
-188
-237
-102
-293
-279
-211
-218
63
-264
-225
-297
-189
-251
-496
-303
-386
-196
-146
-155
-187
-206
-164
-163
-192
-219
-202
14
-119
-197
-70
-198
-54
-315
-347
-134
-286
-252
-119
-168
-83
-250
-235
-197
-197
-234
-222
-212
-228
-308
-329
-299
-48
-285
-228
-214
-122
-137
-235
-217
-277
-112
-246
-217
-165
-142
-229
-248
-250
-293
-196
-245
-279
-281
-278
-153
-267
-34
-196
-144
-201
-119
-303
-293
-220
-225
-80
-237
-248
-233
-173
-341
-251
-316
-192
-207
-81
86
-206
-286
-197
-293
-311
-230
-270
-156
-195
175
-211
-251
-224
-270
-302
-188
-176
-247
-166
-331
-245
-183
-205
-204
124
-210
-230
-101
-572
-159
60
-78
-83
-193
-278
-186
-236
-258
-134
-212
-300
-128
-256
-188
-274
-87
-171
217
-168
-207
-254
-110
77
17
-282
-237
-292
-193
-245
-293
-189
-308
-140
-204
-284
-190
-239
-211
-152
-284
-332
131
-256
-1
177
-153
-15
-221
-251
-130
-313
-363
-258
-275
-198
45
-122
-205
-185
-244
-216
-114
-266
-280
-291
-180
-106
-256
78
-252
-188
-221
-193
-200
-129
-258
-8
-312
-315
-203
-164
-154
-148
-211
-256
-232
-216
-309
-99
-219
-225
-234
-179
-284
-399
-125
1060
-256
-282
-352
-172
-171
-281
-103
-162
-210
-301
37
-200
-264
-213
-190
-383
-111
-41
-171
-333
-181
-86
-297
-267
-194
-186
-536
-214
-209
-362
-208
-271
-248
-188
-300
-192
-204
-169
-156
-47
-259
-283
179
-227
-226
-276
-315
-164
-251
-296
47
-284
-253
-292
81
-208
-239
-337
-157
-228
-140
-319
-98
-456
-162
-180
-192
-241
-303
-191
-246
-226
-169
-208
-320
-173
-171
-249
-230
-271
792
-185
-202
511
-313
-192
-272
-140
-257
-221
-200
-232
-291
20
-165
-144
-182
-260
-116
-276
-92
-249
-81
-276
-203
-255
-107
-291
-303
-339
-232
394
-281
-9
-146
128
-139
-197
-269
-174
-150
-285
-182
38
-225
-144
-272
-151
-255
-286
-183
-297
-178
-224
-25
-200
-244
-239
-47
-184
-242
-273
-162
-241
-184
-269
-230
-118
-165
-332
-224
-226
-213
-211
-261
-188
-164
-231
-214
-255
-357
-246
-262
-209
-264
-214
-289
-223
-235
-315
-240
68
-254
-228
-216
-127
-258
-102
-370
-213
-214
-225
-237
-139
-174
-232
-64
-151
-223
-212
-107
-301
-153
-294
-184
-192
-300
-226
-235
-256
-229
-225
-221
-125
-118
-205
-248
-315
-219
-220
-292
-296
-295
-241
-237
-251
-250
-148
-157
-225
-77
-204
-232
-221
-40
-138
-185
-253
-151
-246
-274
-320
-319
-192
-281
-281
-325
-89
-177
-240
-195
-297
-234
-274
-252
-234
-319
-254
-218
-345
-176
-227
-237
-219
-211
-66
-247
-40
-276
-199
-221
-256
-153
-482
-222
-390
-277
-222
-250
-159
-224
-36
-219
-309
-316
34
-348
-86
-259
-101
-247
-249
-296
-230
-238
-345
-101
-359
-202
-210
-236
-316
-268
-155
-216
-275
-44
-83
-237
471
23
-270
-261
-287
-173
-226
-294
-303
-192
-243
-109
-150
-159
-217
-211
-214
-273
-191
-154
-37
-180
-311
-323
-103
-158
-295
-5
-151
-217
-211
-292
-203
-180
-193
-77
-295
-133
-276
-194
-232
-230
-296
-252
-178
-253
-130
-91
-177
-192
-169
-230
-247
-206
-329
-186
-188
-254
-322
-289
-123
-223
-105
-173
-215
-196
-242
-274
-177
-224
-483
-193
-223
-211
-287
-149
-165
-233
-187
-167
-174
-257
-283
-273
-237
-258
-14
-242
-297
-174
-287
-224
-144
-168
-264
-224
-276
-191
-273
-188
-192
-299
-112
-194
-276
-291
-70
-28
-341
-283
-317
-2
-182
-262
-494
-249
-173
-218
-297
-233
-45
-244
-289
-293
-132
-83
-287
-112
-269
-214
-261
-126
-194
-218
-146
-246
-338
-275
-266
-230
-124
-192
1034
-222
-183
-240
-146
-334
-135
1012
-164
-199
-212
-166
-109
-200
-630
-240
-208
-131
-215
-253
276
-219
64
-291
-85
-347
-145
-162
-225
-250
-333
-466
-308
-151
-423
-33
56
-135
-278
-305
-262
-266
-243
-226
-214
-316
-142
-181
-292
-145
-23
-180
-252
-275
-79
-251
-202
-227
-257
-209
-191
-225
-475
-157
-225
-293
-124
-196
-181
-220
-104
-251
-265
-262
-323
-246
-250
5
-232
-214
35
-295
-231
-205
-172
-301
-195
-282
-46
-257
-305
-205
99
-162
-207
-237
40
-213
-259
-324
-218
-222
-119
-131
-198
-245
-274
-303
-211
-222
-208
158
-304
-335
-185
69
53
-324
-240
-210
-203
-352
-289
-276
-173
-176
-171
-270
-181
-118
-184
-311
-222
-61
-252
-191
-247
-245
-186
-206
-138
-281
-234
-296
-147
-230
-182
-152
-29
-168
-61
-276
-311
-72
-211
-34
-218
-80
-184
-217
-69
-143
-263
-164
-267
-275
-175
-240
-235
-161
-219
-284
-230
-270
-163
-167
-311
-412
-158
-253
-229
-186
-256
-255
-205
-194
-100
-282
-79
-133
-156
-89
-254
-165
-249
-396
-11
-163
-200
-232
-102
-360
-263
-288
-287
-260
-556
-212
-184
-225
-144
-225
-246
-242
-302
-224
-262
-189
-174
-193
-207
-346
-228
-349
-200
-200
-208
-144
-264
-226
-207
-115
-176
-306
-218
-213
-197
-282
-182
-211
-127
-126
-181
-243
-106
-230
-244
-236
-182
-222
-269
-181
-188
-354
-222
-217
-294
-233
-90
-246
-174
-108
-264
-308
-260
-259
-225
-194
-246
-278
-239
-201
-207
-242
-244
169
-223
-143
-339
-191
-246
-205
-237
-286
-243
-242
-235
-206
-209
-178
-111
-171
-241
-157
-24
-251
-312
-22
-136
-236
-247
-144
-218
-256
-177
-189
287
-229
-203
-182
-162
-142
-183
-260
-160
-296
-189
-212
-188
-275
-108
-237
-268
-240
-277
-111
-162
-215
-252
-152
-330
-181
-118
-222
-196
-233
-121
-228
-149
-284
-243
-303
-266
-302
-187
-135
-278
-136
-243
-166
-191
741
37
-174
-290
-174
-197
-292
-159
-301
-271
-152
-225
-152
-141
-273
-211
-53
-236
-210
-231
-247
-176
-143
-257
-495
-212
-248
-147
-226
-304
-231
-182
-205
-163
-356
-299
-211
-203
-283
-400
-274
9
-207
-170
-540
-224
-237
-21
-263
-167
-202
-209
-262
1253
-20
-190
-150
-207
-254
-209
-196
75
-220
-161
-179
4
-79
-235
-101
-293
-241
-211
-215
-81
-176
-291
-105
-230
-213
-104
-29
-224
-71
-240
-108
-219
-164
-253
-5
-277
-139
-248
-198
-329
-195
64
620
-64
44
-227
-36
-235
-151
-243
-205
-238
-184
-231
-163
-285
-196
-231
-277
-168
-287
-251
-236
-293
-261
-323
-174
-208
-113
-229
-214
-251
-109
-243
-215
-240
-177
-171
-265
45
-182
-48
-277
-134
-268
-166
-178
-254
-144
-57
-219
-160
-151
-106
-199
-235
-306
-225
-221
-188
925
-449
70
880
-315
-192
-162
-230
-160
-267
-225
-227
-175
-198
-149
-236
-289
-368
26
-243
-137
-260
-268
-233
-228
-255
-163
-112
-340
-349
-245
-281
-265
-207
-164
-251
-255
-208
-221
-301
-167
-159
-311
-210
-286
-57
-232
-236
-254
-203
-311
-189
-167
-222
-121
-290
-106
-362
-223
-223
-312
-170
-294
-240
-172
-328
-246
-253
-283
-347
-277
-120
-290
-282
-242
-138
-148
-262
-306
-335
-247
-112
-143
-201
-220
-237
-116
-218
-72
-97
-134
-306
-186
-274
-177
-199
-267
-318
-270
-288
-240
0
-204
140
-156
-253
-431
-215
-117
-235
-251
-74
-283
-60
-187
125
-206
-325
-234
-274
-317
-193
-316
-12
-296
-201
-179
-241
-327
-189
-216
-286
-200
-116
-266
-239
-203
-291
565
-170
-466
-230
-106
-201
-312
-188
-186
-329
-145
-351
-351
-286
-269
-112
-180
-181
-143
-391
-249
-265
-128
-283
-180
-209
-150
-203
-173
71
-203
-187
-147
-213
-199
-214
-359
-231
-192
-169
-289
-183
-196
-181
-218
-264
63
-338
8
-103
-228
543
-210
-151
-221
-13
-180
-262
-141
-126
-83
-208
-203
-211
29
-230
-241
-158
121
-205
-235
-224
-133
-275
-340
-286
-306
-151
-277
-258
-23
-168
-318
-177
47
16
-245
-248
-180
-267
230
-224
-236
-272
-152
-130
-225
-199
-64
-347
-235
-69
-239
-241
-228
-237
-246
-174
-156
-254
-241
-240
-119
-268
-228
-236
-154
-219
-268
-160
-206
-253
26
-257
-125
-136
-131
-165
-230
-171
-172
-201
-183
3
-250
-274
-198
-121
-211
-215
-222
-116
-247
-149
-191
-304
-91
-328
-224
-211
-8
-244
-261
-188
-220
-204
-280
-346
-183
-266
-217
344
-313
-187
-184
-130
-127
-286
-156
-118
-226
-158
-261
-222
-265
-222
-211
-167
-202
-118
-326
-257
-227
-52
-179
-347
-193
-268
-238
-227
-202
-256
-59
-310
-257
-273
-268
-236
-164
-302
-218
-32
-160
-191
-208
-184
-205
-288
-313
-172
-165
-224
-259
-173
-38
387
-278
-260
-280
-101
-271
-198
-224
-276
-85
-159
-289
-119
-289
-132
-137
-303
-172
-240
-245
-272
-175
-291
-132
-27
-120
-275
-224
-168
-64
-226
-336
-115
-245
-146
-410
-231
-294
-225
-156
-231
-239
-23
-186
-304
-257
-114
-210
-197
-288
-206
-292
-263
-199
-233
-256
-200
-80
-292
-204
-215
-265
-180
-180
-88
-212
-251
-25
-179
-209
-220
-169
-182
-188
-620
-231
-173
-185
-196
-232
-200
-190
-334
-280
-273
-175
-200
-162
-213
-100
-213
-180
-242
-229
-248
128
-306
-197
-115
-172
-270
-229
-13
-223
-359
-132
-263
-192
-210
-96
-76
-214
-260
-16
-255
-233
-179
-185
-194
-212
-266
-207
-231
-318
-335
331
-146
5
-218
-218
-261
-258
-221
-230
-266
-520
-131
-225
-214
-176
-193
-152
-616
-426
-108
-28
-234
-309
-212
-220
-195
-208
-97
-282
-254
-83
-226
-296
-189
-213
-229
286
-283
-164
321
-34
-218
-224
-269
-241
-322
-224
-207
-244
-235
-197
-196
-202
-236
-294
-209
-250
-318
-245
-280
-282
-225
-270
-223
-222
-216
-267
-154
-213
-163
-246
-199
-317
-238
-236
-194
-181
-170
-280
520
-177
-116
-264
-163
-364
-194
-66
-252
353
-109
-174
-203
-182
-303
-303
28
-328
-163
-182
-233
-225
-240
-261
-308
-177
-183
-201
-227
16
-142
-273
-84
-203
-190
-239
-209
-191
-309
-199
-299
519
-224
-271
-87
-67
-193
-163
65
-150
-131
-240
-234
-189
-187
-253
-93
-231
-133
-32
-198
-37
-228
-212
-227
-377
-242
-196
-196
-88
-178
-187
-198
-191
-242
-196
-215
-144
-481
-220
-31
-193
-240
-37
-75
-289
-218
-265
-354
-193
96
-201
-303
-353
178
-241
-163
-253
-461
-256
-299
-295
-240
-217
-149
-175
-217
-332
-243
8
101
-37
-235
-344
-209
-234
-190
-209
-243
-237
-165
-112
-237
-132
-273
-245
-254
-247
561
-44
-271
-233
-257
-287
-132
-667
-220
-287
44
-298
-197
-146
-143
-274
-241
-326
-179
-167
-249
-240
-229
-346
-293
-260
-260
-231
-204
-192
-241
-204
-191
-255
75
-186
-287
-188
-158
-194
-226
-355
-236
-117
-224
-144
-261
-172
-233
-290
-305
-294
-183
-292
-276
-145
-257
-97
-251
-216
-113
-188
-330
-114
-168
-113
-264
-191
-224
-217
-209
-264
-265
-148
-266
-168
-191
142
-40
-185
-208
-335
-156
-159
-142
-203
-198
-5
-225
-246
-179
-258
-266
-204
-189
-261
-265
939
-251
-228
-177
-165
-195
-302
-315
-216
-196
-231
-255
-171
-254
-13
-224
-229
-336
-221
-308
-501
-184
-262
-231
-216
219
-178
-411
-218
-278
-287
-70
-241
-177
-171
-186
-208
-240
-177
-216
-254
-250
-263
-187
-195
-212
-259
-253
-127
810
-178
-209
-247
208
-231
-66
-70
-273
-195
-51
-217
-219
-196
-231
-221
-28
-191
-266
-262
-257
-193
-274
-223
-304
-253
-252
-202
-205
-183
-85
-272
-280
-211
-206
-98
-172
-96
-313
-309
-197
-225
-288
-259
-267
-255
-209
-128
-96
-410
-102
-273
-132
-191
-273
-127
-126
-264
-116
-171
-269
-272
-108
-216
-294
-145
-254
-253
-207
-142
-200
-200
360
-256
-296
-155
-145
-199
-200
-540
-237
-288
-183
-234
-282
-212
-260
-260
-229
187
-167
-279
-123
-273
-145
-324
-267
-185
-327
-150
-185
-135
-136
-354
-215
-172
-318
-237
-265
-221
-240
-341
-148
-202
-327
-126
-357
-338
-297
-173
-239
-242
-216
-211
