-224
-3
-185
-209
-295
-243
-249
-253
-115
-232
-311
-230
-222
-134
-270
-180
-112
-157
-286
-198
-133
-149
-258
-181
-200
-284
-294
-109
-164
-237
-270
-129
-290
-205
-241
-445
-127
-207
-210
-263
-118
-283
-187
-179
-249
-187
-147
-277
157
-268
-237
-203
-229
-226
-186
-197
-239
-265
-168
-213
-242
-283
173
-255
-116
-217
-83
-277
-225
-211
-297
-362
-231
-287
-224
-152
-369
-238
-223
-337
-322
-280
-228
-259
-139
-227
-136
-265
-242
-261
-90
-184
-273
-321
-277
-308
-340
-219
-210
38
-161
-294
-348
-241
-208
-242
-61
-216
-221
-50
-245
-191
-273
-195
-291
-317
-174
-223
-272
-217
-257
-292
-116
-71
-170
-144
-160
-303
-258
-290
-281
-189
-289
-246
-45
-242
-141
-300
-317
-202
-286
-252
-229
-229
-166
-317
-242
-136
711
-184
-246
286
-214
-282
-302
-259
-184
-204
-151
-278
-294
-310
-214
-198
-296
-183
-103
-202
-219
-239
-172
-253
-103
-40
-343
-354
-9
64
-280
-190
-268
-204
-34
-221
-270
-349
-255
-342
-238
-315
-237
-209
-290
-238
-209
-267
-301
-311
-278
-252
-290
-283
-217
-268
-175
-193
-297
-208
-180
-221
-232
-384
-274
-250
-293
-231
-97
-168
-183
-194
-233
-247
-245
-242
-249
-139
-244
-372
-368
-213
-218
-224
-178
-156
-46
-322
-229
-152
-211
-199
-296
-150
-184
-296
-237
-232
-247
-162
-96
-76
-277
-261
-333
-228
-257
-249
-215
-263
-236
-142
-219
-314
-225
-267
-212
-374
-224
-195
-166
-157
-241
-279
-12
-293
-272
-255
-352
-240
-193
-308
-217
-212
-200
-297
-183
-279
-184
-218
-206
-293
-62
-229
-183
-270
-130
-179
-235
-259
-342
-176
-282
-353
-187
-188
-156
-285
-282
-303
-365
-95
-218
-167
-13
-181
-123
-256
-280
-222
-123
-294
-212
-153
-317
-244
-7
-299
-300
-276
-322
-245
-141
-197
-211
-313
-227
-200
-217
-192
-143
-208
-214
-134
46
-98
-167
-275
-100
-185
-220
-55
-287
-164
-169
-242
-251
-212
-219
-246
-195
-254
-142
-204
-83
-297
72
-123
-94
-224
-187
-225
-295
-282
-189
-196
-205
-201
-128
-198
-240
-306
-219
-222
-235
-238
-249
-279
-267
-48
-315
-197
-226
-210
-297
-224
-282
-212
-295
-321
-260
-238
-314
-252
-223
-245
-250
-74
-322
-153
-271
-355
43
-345
1
-215
-27
-352
-74
-216
-111
-258
-315
-240
-302
-184
-291
-292
-198
-198
-248
-192
-308
-56
-230
-215
-197
-309
-289
-245
-246
-205
-241
-464
-324
-250
-151
-306
-173
-142
-237
-245
-205
-263
-271
-251
-304
-167
-63
-69
-258
-248
-347
-278
-316
-25
-114
-37
-268
-265
-247
-184
-202
-328
-284
-297
-188
-210
-306
-17
-209
-214
-250
-272
-219
-117
-294
-239
-74
-248
-162
-230
-3
-187
-36
-57
-281
-232
-271
-201
-204
-278
-229
-200
-292
-148
-156
-282
-263
-274
-204
-180
-144
-297
-212
-236
-227
-196
-201
-208
-362
-379
-191
-246
-211
-258
-199
-250
-257
-183
-183
-238
-146
-240
-130
-78
-316
-316
-163
-210
-205
-224
-288
-188
-220
-211
-194
-140
-345
-248
-110
-290
-240
-234
-233
-219
-231
-70
-202
-180
-268
-211
-239
-282
-368
-40
-347
-174
-210
-474
-40
-196
-121
-251
-279
-225
-187
-303
-218
-232
-282
-179
-171
-322
-116
-194
-232
-197
-205
-219
-254
-220
-185
-182
-174
-240
-150
-209
-196
-158
-190
-301
-247
38
-100
-242
-393
-285
-276
-149
-196
-232
-340
-304
-214
-256
-245
-265
-225
-324
-215
-260
-51
-189
-247
-198
-113
-294
-125
-136
-243
-67
-219
-221
-219
-256
-312
-156
-230
-296
-180
-299
-474
-230
-191
-102
-259
-262
-263
-269
-145
-272
-283
-245
-171
-252
-267
-239
-307
-288
-240
-172
-223
-253
11
-216
-188
-297
-337
-248
-101
-185
-283
-90
-312
-235
-305
-231
-189
-172
-224
-385
-252
-248
-273
-61
-91
-230
-203
-94
-227
-241
-151
-266
-247
-218
-246
-165
-152
-226
-179
-223
-180
-245
-223
-389
-108
-234
-156
-229
-115
-353
-106
-248
-202
-300
-304
-198
-236
-116
-42
-257
-197
-253
-147
-281
-207
-193
-195
-233
-102
-202
-304
-244
-157
-191
-245
-186
-191
-274
-214
-188
-109
23
-328
-201
-239
-274
-226
-117
-384
-264
-75
-271
-292
-283
-70
-235
-228
-206
-189
-186
-262
-108
-319
-221
-12
-267
399
-162
-172
-270
-246
-197
-183
-64
-277
-230
-233
-175
-166
-315
-269
-237
-209
-238
-128
-192
-247
-197
-304
-206
-177
-204
-298
-257
-216
-192
-61
-391
-225
-132
-244
-377
-208
-200
-132
-293
-277
-280
-169
-146
-290
-254
-237
-96
-245
-205
-309
-142
-302
-230
-216
-483
-366
-273
-235
-40
-135
-205
-342
-174
-323
-257
-203
-190
-158
-104
-239
-49
-107
-281
-216
-303
-112
-284
-211
-126
-232
-195
-269
-250
-247
-293
-217
-166
-269
-12
-61
-275
-211
-197
-328
-242
117
-307
-184
-93
-159
-248
-377
-217
-230
-133
-178
-261
-222
-287
-208
-309
-246
-130
-69
-262
-210
-306
-258
-209
-154
-263
-263
-288
-149
-104
-239
-261
-303
-143
-217
-205
-228
-265
-95
-289
-268
-280
-84
-254
-237
-200
-230
-35
-349
-238
-154
-319
-146
-178
-106
-254
-243
-199
-246
-348
-270
-214
-198
-236
-215
-294
-285
-232
-182
-152
-228
-145
-209
-114
-201
-247
-299
-100
-262
-226
-105
-244
-244
-208
-186
-211
-253
-226
-177
-366
-229
-277
-193
-235
18
-212
-190
-224
-107
-535
-179
-194
-309
-226
-275
-242
-224
-260
-173
-255
-168
-269
-237
-252
-297
-58
-247
-264
-223
-298
-405
-210
-77
-294
-232
-294
-284
-229
-268
-226
-192
-228
-187
-149
-202
1037
-266
-202
-161
-267
-369
-204
-302
-126
-239
-197
-205
-257
-350
-301
-305
77
-163
-207
-179
-143
-113
-268
-306
-202
-266
-68
-250
-187
-268
-210
-199
-199
-96
-251
-244
-299
-280
-108
-217
-221
-152
-251
-175
-214
-298
-315
-117
-201
-241
-325
-142
-59
-162
-169
-191
-307
-264
-212
-155
-225
-248
-243
-117
-287
-229
-282
-278
-296
-100
-167
-152
-284
-88
-160
-190
-259
-125
-215
-249
-129
-277
-252
-228
-186
-206
-282
-224
-246
-149
-199
-161
-169
-285
-199
-196
-219
-217
350
-248
-273
-116
-215
-219
55
-355
-189
-230
-54
-257
-291
-173
-160
-192
-195
-244
-221
-269
-107
-190
-215
-184
-226
-179
72
-251
-259
-37
-162
-389
-229
-268
-217
-284
-228
-271
-297
-264
-292
-188
-223
-250
-208
-269
-192
-94
-290
-248
-353
-50
-142
-73
-307
-266
76
-8
-158
-228
-100
-261
-190
-266
-210
-294
-190
101
-249
-91
-264
-203
-176
-256
-189
-195
-273
-145
-328
-236
-159
-227
-199
-248
-214
-204
-120
-287
-285
-146
-186
-205
-225
-200
-267
-338
-338
-211
-103
33
-197
-219
-320
-164
-237
20
-204
-227
-181
9
-201
-279
-181
-183
-213
-267
-235
-295
-104
-171
-218
-182
-293
-204
-289
-240
-311
-263
-172
-180
-197
-180
-211
-186
-150
-247
-258
-208
87
-223
-279
-242
-207
-201
-164
-318
-256
-217
-284
-225
-250
-200
-106
-288
-163
-198
-214
-238
-76
-199
-169
-260
-290
-205
-245
-223
-244
161
-254
-248
-188
-369
-287
-181
-350
-118
-202
-245
-216
-161
-253
-202
-341
-263
-184
-291
-264
-175
-273
-245
-179
650
-261
-273
-240
-233
-295
-280
-361
-224
-265
-303
-89
-201
-229
-190
-201
-251
-267
-209
-143
-241
-199
-118
-194
-175
-261
-238
-170
-191
-248
-226
-265
-285
-185
-337
-140
-278
-294
-273
-212
-287
-205
-280
-209
-258
-216
-185
-250
-300
-150
-204
-269
-214
-122
-161
-171
-415
-238
-286
-236
-252
0
-161
-95
-259
-265
-207
-246
-151
-178
-245
-494
-232
-139
-122
-256
-133
-249
-272
-366
-316
-226
-227
-297
-214
-190
-219
-178
-219
-187
-313
-406
-322
-224
-249
-273
-299
-288
-332
-332
-281
-208
-278
-172
-234
-214
-228
-181
-166
-184
-279
-522
-271
-223
-116
-212
-215
-241
-130
-218
-237
-312
-241
-304
-264
-47
-221
-247
-236
-304
-290
-161
-236
-293
-274
-190
-272
-297
-268
-203
-394
-186
-211
-250
-281
-338
-176
-240
-195
621
-210
-280
-272
-219
-248
-258
-308
-268
-280
-220
-264
-254
-244
-282
-279
-269
-165
-285
-337
-323
-343
-338
-250
-238
-118
-166
19
-280
-278
-292
-183
-172
-272
-127
-166
74
-195
-348
-41
-320
-245
-215
-265
-206
121
-286
-135
-249
-52
-231
-217
-274
-222
-161
-301
-199
-283
-251
-161
-280
-112
-158
-265
-94
-185
-289
-215
-263
-124
-163
-326
-235
-177
-50
-269
-330
-145
-178
-242
-240
-257
-172
-206
-294
-179
-363
-148
-86
-270
-145
-305
-277
-256
-276
-241
-190
-104
-207
-164
-146
-226
-171
-376
-215
-208
-6
-192
-176
-197
-177
-48
-62
-125
-221
-257
-170
-210
-198
124
-226
-224
-280
-336
-149
-155
-189
-175
-243
-221
-170
-107
-129
-258
-212
-286
-307
-260
-283
-340
-194
-247
-181
-179
-174
-161
-278
-234
-277
-265
-78
356
-247
-237
-274
-213
-196
-297
-225
-202
-173
-203
-288
-137
-210
-255
-196
-222
-239
-291
-115
-268
-231
-240
-257
-229
-288
-149
-110
-151
28
-340
-197
-247
-175
-143
-253
-315
-339
-222
-135
-166
-236
-289
-262
-216
103
-106
-295
-115
-153
-123
-127
-236
-108
-233
-40
-132
-318
-20
-362
-65
-212
-206
-171
-117
-182
-223
-201
-256
-239
-136
-131
-248
-246
-216
-378
-359
-339
-291
-202
-267
-239
-277
-230
-256
-252
-235
-199
-156
-223
-194
-171
-223
-308
-270
-247
-234
-245
-266
-307
-253
-169
-148
-340
-334
-218
-235
-176
-221
-153
22
-267
-228
-289
-178
-235
-268
-220
-264
-209
-223
-44
660
-178
-256
-347
-206
-277
-237
-252
-245
-179
-150
-246
-167
-291
-146
-268
-206
-275
-276
-144
-298
-169
-257
-172
-196
-307
-171
-119
-203
-230
-199
-257
-230
-292
-241
-183
-277
-252
-109
-143
-260
-186
-311
-202
-137
-164
-257
-83
-313
-247
-261
-163
-281
-138
-296
-289
-167
-165
-202
-287
-106
-148
-169
-274
-119
-283
-331
-289
-123
-237
27
-180
-258
-180
-271
-142
-144
-280
-256
-285
-348
-221
-217
-237
-173
-156
-163
-264
-235
-258
-353
-216
-251
-176
-299
-270
-203
-211
-273
-106
-295
-168
-244
-324
24
-207
-131
-222
-186
-195
-247
-220
-251
-250
-226
-228
-221
-436
-254
-204
-192
-225
-211
-318
-222
-254
-229
-406
-244
-274
-269
-300
-140
-244
-198
-313
-243
-69
-254
-358
-186
-271
-264
-250
-183
-260
-257
-137
-86
-237
-275
-200
-230
-160
-212
-265
-118
-190
-92
-286
-312
-295
-147
-99
-165
-235
-265
-308
-276
-218
-156
-284
-75
-227
-68
-185
-182
-267
-282
-106
-248
-228
-209
-223
-324
-98
-200
-172
-215
-243
-264
-282
-192
-155
-289
-185
-263
-191
-258
-259
-356
-115
-227
-124
-267
-138
-205
-246
-243
-183
-211
-216
-284
-241
-177
-170
-222
-220
-343
-257
-289
-235
-187
-274
-227
-95
-203
-133
-251
-218
-231
-204
-198
-227
-182
-218
-291
-330
-101
-152
-327
-264
-238
-193
-324
-178
-169
-220
-212
-223
-202
43
-297
-257
-192
-220
-161
-243
-238
-337
-243
-63
-306
-210
-223
-199
-174
-176
-229
-198
-176
-238
-248
-248
-173
-117
-186
-145
-205
-273
-179
-125
-406
-125
-174
-155
-220
-214
-249
-253
-255
-304
-247
-138
-174
-203
-266
-292
-200
-195
-184
-142
-245
-241
-128
-24
-345
-205
16
-200
-48
-180
-178
-213
-262
-268
-169
-172
-170
-295
-265
-106
-271
-171
-237
-139
-246
-248
-135
-223
-210
-258
-224
-95
-203
-253
-185
-199
-141
-164
-193
-243
-165
-125
-244
-261
-193
-248
-217
-412
-263
-260
-97
-216
-281
-204
-233
-295
-238
-244
-197
-322
-243
-229
-276
-252
-179
-261
-296
-195
-183
-241
28
-90
-280
-276
-119
-56
-146
-290
-162
-263
-194
-384
-234
-292
-228
-225
-302
-251
-189
-229
-147
-271
-355
-193
-171
-199
-146
-380
-168
-348
-206
-265
-74
-194
-214
-178
-145
-302
-385
-114
-238
-103
-219
-224
-172
-180
-257
-175
-133
-240
-134
372
-262
-175
-137
-262
-219
-365
-288
-366
-258
-246
-29
-50
-283
-176
-224
-153
-42
-206
-208
-287
-117
-111
-232
-322
-265
-245
-236
-214
-263
-306
-258
-196
-219
-182
-372
-197
-155
-208
-289
-225
-315
-114
-104
-245
-219
-276
-195
-176
-182
-94
-172
-195
-661
-120
-299
-234
-234
-247
-205
-224
-230
-163
-170
-268
-68
-224
-240
-301
-405
-164
-246
-221
-259
-226
-416
-265
-179
-230
-229
-287
-69
-234
-214
-236
-215
-176
-259
-168
-343
-177
-241
-305
-198
-89
-10
-260
-173
-99
-217
-187
-253
-174
-353
-325
-318
59
-170
-204
-341
-281
-66
-273
-272
-222
-265
-285
-344
-157
-69
-130
-292
-265
-241
-229
-262
-106
-218
-284
-221
-228
-358
-163
-262
-227
-51
-211
-228
-239
-193
-249
-153
-271
-263
-291
-263
-196
-196
-153
-270
-148
-108
-268
-162
-247
-217
-248
-235
37
-208
-263
-202
-199
-190
-196
-130
-220
-246
-299
-408
-346
-296
-230
-204
-222
-202
-264
-125
-266
-394
-179
-224
-256
-294
-191
-221
-154
-112
-295
-195
-269
-253
-224
-183
-299
-245
-279
-8
-159
-253
-272
-247
-85
-278
-287
-171
-121
-159
-182
-132
-191
-274
-205
-219
-207
-241
-245
-205
-218
-263
-168
-324
-296
-227
-232
-252
-326
-188
-220
-182
-96
-230
-197
-279
56
-263
-195
-187
-226
-230
-239
-194
-285
-271
-218
-286
-220
-166
-239
-172
-8
-245
-211
72
-199
-205
-198
-146
-249
-250
-106
-162
26
-164
-198
-220
-138
-273
-245
-201
-214
-262
-249
-267
-163
-214
-227
-307
-288
-157
-252
-286
-294
-184
-278
-388
77
-121
-259
-121
-141
-262
-216
-221
-106
-291
-144
-226
-199
-100
-297
-184
-243
-180
-254
-280
34
-344
-195
-245
-187
-145
-197
-333
-345
-339
-82
-322
-296
357
-332
-173
-295
-244
-157
-290
-193
-282
-206
-276
-138
-276
-187
-192
-218
-171
-270
-168
-240
-325
-204
-300
-180
-300
-332
-259
-114
-210
-321
-314
-80
-262
-213
-267
-166
-221
-214
-240
-261
-159
-288
-137
-246
-213
-222
-254
-347
-292
-728
-179
-317
-75
-187
-261
-104
-263
-191
-155
-218
-320
-321
-82
-280
148
-203
-220
-275
-333
-182
-242
-286
-217
-184
-215
-744
-234
-201
-260
-290
-232
-203
137
-255
-249
-336
-99
-111
-262
-109
-150
-160
-265
-69
-251
-192
-293
-220
-158
-187
-231
-228
-252
-244
-240
-278
-170
-106
-339
-186
-183
-223
-175
-269
-225
-290
-280
-119
-333
-262
-281
-182
-198
-234
-252
-272
-290
27
-141
-191
-277
-33
-308
-187
-303
-192
-274
-354
-293
-71
-331
-190
-254
-220
-320
-363
-203
-258
-176
-209
-170
-191
-234
-195
-255
-144
-344
-176
-317
-251
-159
-339
-101
-237
-297
-295
-140
-240
-209
-205
-286
-172
-178
-185
-244
-338
-251
-225
-313
-163
-242
-142
-128
-225
-71
-386
-219
-412
-136
-203
19
-295
-303
-216
-296
-259
-230
-260
-194
-220
-172
-90
-238
-187
66
-311
-201
-343
-273
-255
-223
-182
-301
-289
-252
-339
-282
1170
-184
-254
-346
-181
-228
-225
-228
-276
-269
-279
-248
-230
-362
-59
-197
-238
-182
-218
18
-140
-185
-222
-290
-236
-263
-187
-233
-334
-297
-166
-274
-193
-198
-244
-218
-197
-276
-171
-269
-262
-265
-127
-235
-146
-172
-231
-296
-206
-249
-240
-213
-81
-129
-156
-370
-42
-223
-136
-298
-94
-217
-210
-344
-336
-206
-307
-141
-207
-254
-237
-202
-146
-252
-341
-202
-260
-229
-321
-205
-222
-213
-264
-164
-259
-315
-239
-280
-277
-342
-262
-228
-13
-179
-256
-253
-299
-239
-278
-222
-236
-290
-222
-260
-289
-163
-359
-241
-241
-333
-182
-276
-246
-253
-266
-151
-300
-211
-230
-306
-277
-236
-74
-286
-149
-226
-137
-253
-224
-32
-235
51
-247
-215
-196
-180
-220
-258
-228
-273
-194
-296
-286
-147
-206
-315
-124
-197
-286
-252
-267
-246
-225
-254
-250
-216
-229
-246
-170
-281
-174
-315
-234
-202
-146
-224
-207
-226
-154
-251
-175
-262
-217
-38
-253
-68
-212
-159
-277
-124
-314
-208
-311
-250
-315
-214
-261
-67
-316
-282
-229
-228
-167
-314
-406
-267
-295
-248
-218
-159
-329
-332
-225
-279
-180
-156
-244
-176
-198
-183
-136
-188
-129
-232
-190
-291
-235
67
-217
-255
-363
-198
-116
-183
-309
-251
-224
-352
-153
-305
-151
-195
-230
-251
-51
-337
-155
-102
-173
-265
-71
-341
-149
-259
-284
-230
-236
-196
-213
-261
-122
-215
-283
-280
-191
-267
-120
-226
-237
-176
-170
-277
-214
-309
-178
-212
-71
-67
-180
-193
-280
-358
-224
-264
-253
-257
-303
-187
-272
-287
-206
-185
-154
-191
-345
-222
-181
-361
-243
-223
-245
-423
-98
-35
-180
-100
-158
-261
-175
-298
-219
-292
-235
-161
-164
-227
-151
-242
-202
-27
-278
-306
-395
-252
-363
-246
-228
-269
-5
-148
-261
-12
-156
-281
-115
-304
-131
-272
-237
-152
-262
-293
-188
-229
-139
-167
-69
-235
-246
-209
-151
-323
-214
-307
-203
-315
-204
-362
-113
-167
-284
-273
-245
-219
-105
-200
-235
-206
-205
-74
-230
-239
-229
-166
-222
-252
-328
-241
-15
-197
-296
33
-247
109
-246
-243
-204
-287
-344
-448
-72
-283
-250
-242
-213
-275
143
-211
-199
-143
-233
-137
-195
-235
-99
-204
-170
-110
-226
-198
-229
-307
-54
-144
-207
