3677
3641
3533
3514
3937
3751
3693
3668
3647
3510
3344
3511
3522
3625
3628
3554
3254
3449
3651
3960
3813
3695
3648
3659
3403
3742
3452
3687
3330
3529
3666
3573
3688
3633
3694
3561
3624
3708
3714
3867
3670
3817
3695
3633
3586
3472
4064
3602
3834
3649
3777
3597
3847
3183
3643
3250
3508
3519
3628
3360
3686
3375
2983
3679
3627
3631
3505
3596
3554
3720
3566
3718
3741
3232
3807
3307
3522
3000
3382
3376
3586
3735
3700
3626
3092
3295
3594
3598
3639
3599
3430
3620
4312
3590
3479
3285
2935
3513
3633
3703
3725
3768
3638
3518
3530
3217
3582
3685
3580
3431
3656
3586
3520
3758
3668
3516
3630
3614
3640
3503
3619
3281
3513
3576
3093
3345
3572
3118
3602
3614
3658
3559
2567
3568
3501
3749
3528
3195
3625
3158
3615
3706
3702
3691
3468
3473
3627
3495
3577
3551
3437
3545
3255
3685
3670
3571
3671
3637
3775
2777
3601
3635
3624
3691
3525
3712
3582
3451
3700
3634
3633
3620
3421
3824
3740
4035
3366
3441
3496
3540
3567
3662
3473
3862
3668
3533
3873
3636
3743
3542
3717
4058
3805
3519
3545
3736
3711
3645
3498
3369
3652
3701
2823
3570
3536
3604
3594
3458
3650
3577
3480
3618
3621
3629
3436
2771
2664
3768
3130
3412
3674
3657
3632
3350
3604
2769
3476
3290
3648
3653
3479
3651
3486
3762
3586
3499
3610
3347
3616
3335
3523
3602
3579
3376
3498
2687
3515
3463
3410
3101
3488
3976
3563
3542
3698
3566
3493
3482
3366
3506
3715
3570
3759
3532
3485
3445
3584
3540
3584
3643
3498
3491
3499
3562
3669
3660
3254
3605
3515
3674
3342
3752
3683
2979
3637
3378
3575
3823
3522
3612
3489
2983
3648
3666
3705
3189
2955
3976
3506
3629
3734
3583
3674
3628
4184
3784
3477
3656
9352
3739
3410
2496
3381
3547
3687
3569
3732
3668
3601
2770
3548
3480
3424
3502
3552
3693
3441
3593
3669
3495
3331
2982
3596
3758
3703
3502
3530
3633
3650
3547
3390
3921
3385
3659
3376
2645
3670
3614
3545
3699
3547
3777
3642
2605
3573
3571
3575
3326
3525
3609
3726
3365
3448
3398
3596
3700
3524
3507
3673
3426
3646
3580
3748
3539
3736
3666
3618
3544
3547
3754
3562
2261
3661
3776
3570
3609
3665
3714
3674
3734
3303
3534
3634
3365
3686
3629
3618
3458
3461
3716
3510
3194
3377
3534
3285
3624
3744
3455
3509
3619
3589
3528
3715
3602
3462
3395
3496
3606
3679
2901
3474
3339
3693
3403
3608
3561
3585
3535
3632
3171
3552
3347
3597
3533
3571
3827
3651
3462
3678
3673
3526
3722
3362
2646
3580
3504
3910
3535
3645
3388
3566
3708
3876
3732
3690
3647
3489
3679
3291
3674
3547
3174
3735
3750
3675
3486
3371
3367
3476
3434
3891
3387
3658
3554
3371
3565
3400
3647
3562
3466
3556
3717
3001
3555
3467
3578
3498
3661
3611
3593
3662
3616
3654
3624
3761
3572
3013
3495
3508
3325
3335
3614
3445
3509
3486
3686
3580
3535
3604
3711
3265
3340
3566
3600
3566
3627
3677
2706
3792
3538
3701
3233
3788
3743
3651
3619
3501
3590
3641
2798
3567
3480
3656
3609
3698
3430
3636
3608
3302
3856
3437
2872
3600
3488
3630
3893
3656
3603
3499
3674
3670
3518
3641
3641
3757
3479
3646
3389
3735
3621
3618
3527
3538
3742
3389
3521
3409
3636
3539
3557
3583
3594
3568
3354
3471
3584
3613
2434
3692
3643
3434
3581
3694
3530
3574
3616
4004
3704
3448
3599
3691
3592
3683
3541
3445
3516
3643
3583
3583
3585
3581
3698
3696
3615
3685
3471
3743
3562
3634
3593
3620
3298
3651
3378
2648
3513
3449
3707
3719
3486
3447
3662
3702
3441
3623
3645
3720
3584
3499
3712
3404
3466
3614
3677
3777
3548
3677
3681
3358
3767
3613
3397
3551
3174
3640
3455
3616
3609
3464
3610
3686
3570
3490
3525
2613
3411
3222
3638
3627
3380
3652
3662
3625
3726
3606
3389
3688
3571
3547
3495
2374
3645
3590
3456
3600
3616
3646
3616
3729
3652
3664
3692
3630
3589
3595
3622
3469
3680
3675
3661
3593
3692
3448
3649
3682
3723
3607
3312
3471
2956
3745
3669
3498
3506
3689
3417
3508
3551
3583
3589
3386
3645
3300
3553
3592
3715
3505
3563
3699
3468
3424
3699
3705
3523
3610
3687
3528
3573
3724
3698
3702
3756
3636
4006
3622
3479
3748
3448
3745
3312
3583
3672
3722
3509
3417
3670
3373
3515
3571
3614
3683
3732
3547
3510
3610
3419
3665
3615
3479
3248
3582
3515
3431
3655
3589
3438
3387
3693
