3396
3403
3376
3347
3322
3317
3289
3490
3503
3343
3197
3010
3219
3171
3427
3295
3305
3281
3441
3028
3180
3154
3423
3378
3273
3318
3138
3406
3148
3496
3518
3108
3315
3427
3470
3407
3387
3303
3330
3149
3486
3364
3480
3259
3490
3208
3202
3489
3467
3459
3262
3473
3326
2875
3338
3165
3428
2985
3421
3248
3337
3216
2861
3148
3453
3456
3414
3432
3326
3352
3464
3515
3357
3152
3383
3044
3425
2980
3290
3235
3441
3456
3443
3362
3111
3222
3302
3417
3437
3418
3295
3330
2436
3345
3269
3386
2767
3192
3439
3454
3509
3462
3391
3255
3182
2992
3412
3479
3320
3156
3298
3419
3225
3268
3449
3352
3371
3520
3409
3169
3363
2602
3266
3308
2985
3289
3316
3204
3416
3166
3438
3367
2903
3346
3439
3435
3317
3215
3414
2910
3446
3441
3418
3442
3419
2280
3501
3416
3396
3184
3422
3412
3076
3436
3513
3257
3405
3076
3452
2837
3408
3568
3350
3526
3254
3380
3408
3193
2281
3422
3560
3325
3226
3287
3504
2809
3309
3248
3388
3298
3309
3507
3373
3384
3438
3415
3384
3362
3494
3361
3440
3227
3321
3423
3393
3364
3488
3244
3282
3236
3436
3307
2834
3261
3358
3137
3391
3256
3440
3223
3289
3441
3256
3269
3406
2983
2899
3471
2781
3251
3371
3337
3430
3297
3408
2787
3312
3131
3430
3435
3268
3387
3302
3513
3432
3324
3326
3206
3468
3173
3337
3468
3410
3261
3381
2869
3236
3341
3345
2675
3289
3249
3319
3443
3508
3308
3140
3267
3388
3288
3430
3303
3441
3432
3165
3273
3351
3382
3347
3450
3393
3402
3356
3471
3490
3438
3122
3400
3351
3392
3122
3390
3500
2948
3366
3425
3398
3331
3214
3567
3264
3096
3335
3407
3214
3171
3076
3052
3449
3421
3470
3383
3492
3450
3384
3363
3144
3473
2296
3465
3328
2862
3303
3276
3447
3369
3462
3489
3403
2790
3393
3286
3274
3320
3457
3410
3245
3423
3497
3370
3191
3100
3414
3328
3392
3386
3366
3468
3469
3385
3189
3624
3267
3470
3294
2818
3485
3328
3361
3360
3360
3426
3445
2947
3450
3418
3326
3227
3236
3264
3388
3324
3279
3324
3348
3418
3243
3403
3396
3124
3430
3382
3466
3299
3383
3438
3521
3368
3169
3532
3385
1590
3440
3341
3360
3477
3352
3468
3471
3315
3225
3373
3347
3321
3448
3558
3357
3120
3358
3445
3373
3264
3251
3330
3206
3202
3440
3347
3387
3486
3304
3448
3459
3437
3379
3270
3378
3296
3377
2897
3280
2987
3346
3291
3171
3299
3363
3260
3462
2973
3444
3268
3406
3226
3415
3470
3159
3306
3382
3283
3300
3468
3241
2742
3376
3297
3345
3296
3314
3181
3469
3501
3341
3254
3504
3488
3445
3417
3299
3287
3295
2836
3496
3458
3393
3092
3182
3243
3180
3423
3325
3188
3393
3436
3359
3426
3347
3459
3269
3316
3332
3291
2973
3318
3357
3347
3294
3462
3197
3383
3431
3418
3196
3442
3465
3404
2976
3312
3494
3255
3273
3394
3362
3230
3361
3554
3269
3331
3383
3418
3211
3280
3385
3489
3307
3250
3327
2865
3289
3307
3496
3015
3410
3321
3384
3462
3384
3404
3397
3097
3135
3317
3531
3407
3473
3300
3313
3454
3289
3676
3092
2923
3422
3243
3432
3004
3417
3417
3307
3304
3453
3171
3335
3501
3424
3391
3292
3213
3377
3499
3476
3349
3412
3419
3322
3348
3330
3484
3402
3414
3391
3522
3474
3085
3285
3435
3539
2860
3420
3438
3238
3508
3407
3270
3412
3407
3088
3566
3272
3541
3487
3380
3515
3328
3222
3312
3315
3417
3413
3423
3349
3577
3479
3374
3427
3246
3474
3142
3371
3341
3522
3184
3508
3257
2911
3472
3210
3562
3454
3211
3194
3389
3494
3473
3404
3358
3307
3293
3334
3449
3334
3126
3314
3260
3460
3297
3439
3447
3210
3417
3390
3207
3505
3197
3489
3408
3340
3496
3430
3261
3508
3434
3428
3257
2797
3182
3120
3416
3415
3289
3484
3493
3430
3449
3447
3321
3483
3300
3388
3350
2960
3455
3333
3200
3421
3422
3388
3381
3448
3430
3451
3420
3225
3403
3485
3362
3150
3534
3485
3442
3415
3467
3332
3507
3406
3302
3334
3163
3329
2723
3522
3388
3379
3412
3451
3213
3086
3235
3423
3489
3165
3411
3197
3448
3312
3495
3288
3322
3429
3254
3221
3461
3470
3364
3361
3430
3370
3310
3352
3357
3381
3377
3479
3726
3048
3336
3447
3260
3505
3095
3402
3386
3434
3312
3402
3300
3261
3325
3370
3505
3445
3442
3288
3415
3448
3177
3010
3450
3389
3148
3380
3315
3306
3326
3313
3217
3337
3507
