3378
3420
3193
3329
3206
3345
3189
3173
3361
3261
3181
3209
3246
3285
3380
3199
3172
3241
3336
3393
3215
3248
3423
3289
3325
3270
3163
3285
3147
3491
3357
3273
3285
3275
3491
3402
3147
3341
3250
3246
3400
3370
3257
3319
3326
3232
3371
3359
3466
3449
3159
3346
3347
3192
3233
3276
3411
3183
3384
3289
3283
3247
3299
3192
3406
3290
3431
3388
3325
3330
3399
3374
3407
3233
3314
3141
3262
3161
3328
3360
3386
3374
3302
3346
3263
3354
3201
3368
3446
3254
3292
3375
3169
3090
3316
3369
3102
3302
3300
3329
3447
3481
3218
3341
3187
3177
3324
3327
3353
3162
3284
3271
3293
3354
3422
3435
3305
3403
3272
3372
3259
3238
3420
680
3314
3182
3222
3113
3305
3336
3381
3400
3225
3337
3274
3417
3329
3231
3340
3200
3391
3381
3338
3052
3244
3338
3340
3086
3324
3190
3211
3168
3273
3347
3404
3259
3311
3198
3305
3182
3294
3269
3393
3397
3102
3361
3254
3274
3093
3319
3357
3303
3296
3340
3360
3417
3229
3340
3322
3271
580
3325
3445
3478
3419
3393
3104
3318
3247
3369
3330
3412
3154
3203
3237
3283
3366
3281
3353
3283
3354
3320
3392
3181
3209
2856
3429
3326
3363
3248
3236
3379
3321
3173
3326
3258
3276
3259
3203
3337
3350
3257
3354
3198
3312
1383
3333
3239
3321
3141
3103
3397
3284
3402
3369
3223
3210
3290
3270
3109
3367
3374
3272
3161
3388
3230
3357
3307
3172
3302
3302
3504
3297
3324
3282
3311
3332
3106
3303
3260
3393
3358
3501
3395
3217
3074
3176
3294
3256
3327
3291
3306
3334
3300
3378
3350
3174
3325
3281
3264
3226
3190
3423
3157
3200
3372
3216
3395
3299
3398
3234
3204
3324
3176
3190
3248
3320
3360
3265
3314
3350
3210
3350
3434
3305
3324
3277
3311
5887
3415
3197
3143
3140
3356
3392
3231
3276
3343
3336
3313
3406
3253
3292
3276
3363
3358
3331
3124
3379
3368
3272
3160
3360
3303
3275
3290
3126
3364
3389
3255
3313
3435
3298
3316
3300
3227
3283
2997
3289
3111
3296
3300
3262
3273
3405
3256
3182
3187
3250
3295
3255
3216
3305
3289
3349
3232
3249
3337
3318
3326
3148
3243
3405
3253
3069
3386
3318
3294
3212
3345
3346
1040
3317
3182
3085
3382
3411
3434
3416
3215
3321
3302
3327
3227
3449
3454
3248
3331
3290
3294
3240
3218
3208
3304
3343
3187
3355
3342
3274
3371
3352
3150
3365
3427
3302
3315
3308
3249
3450
3190
3303
3292
3236
3235
3347
3372
3368
3401
3354
3235
3206
3143
3378
3226
3405
3403
3232
3311
3362
3338
3276
3397
3243
3199
3379
3078
3266
3282
3363
3171
3347
3292
3290
3245
3400
3405
3261
3365
3050
3204
3312
3230
3437
3331
3156
3317
3166
3071
3354
3347
3304
3324
3375
3337
3209
3232
3477
3409
3194
3330
3352
3320
3281
3327
3318
3295
3311
3120
3285
3281
3325
3377
3397
3188
3349
3400
3312
3290
3261
3349
3179
3277
3172
3172
3308
3371
3327
3258
3352
3354
3242
3364
3393
3336
3225
3304
3360
3169
3319
3205
3395
3323
3301
3291
3270
3316
1366
3307
3341
3244
3310
3404
3411
3371
3231
3152
3451
3297
3231
3340
3284
3271
3478
3352
3305
3204
3250
3406
3198
3344
3440
3227
3243
3314
3285
3356
3328
3165
3302
3394
3382
3274
3356
3285
3282
3301
3301
3251
3392
3285
3248
3360
3218
3234
3258
3323
3413
3062
3235
3243
3270
3291
3366
3309
3395
3260
3163
3398
3183
3419
3403
3367
3347
3360
3344
3252
3263
3393
3346
3347
3361
3397
3322
3137
3326
3171
3355
3357
3256
3360
3285
3231
3372
3298
3165
3346
3196
3398
3379
3253
3041
3260
3495
3435
3376
3301
3254
3211
3294
3331
3197
3368
3261
3216
3442
3164
3263
3434
3204
3205
3261
3086
3269
3118
3355
3182
3248
3198
3199
3152
3406
3308
3244
3427
3197
3312
3168
3261
3349
3312
3351
3329
3335
3314
3424
3196
3373
3061
3227
3249
3067
3307
3287
3222
3347
3270
3241
3321
3358
3309
3471
3350
3259
3324
3382
3302
3266
3307
3261
3344
3455
3243
3311
3401
3312
3344
3210
3208
3258
3193
3337
3409
3224
3392
3263
3211
3161
2888
3404
3402
3272
3338
3226
3255
3250
3379
3101
3314
3367
3268
564
3410
3345
3276
3399
3362
3301
3246
3190
3259
3338
3372
3400
3306
3125
3296
3330
3177
3364
3238
3329
3302
3312
3260
3271
3331
3370
3335
3405
3247
3470
3393
3192
3250
3342
3183
2658
3305
3340
3276
3355
3341
3316
3205
3264
3263
3323
3385
