3214
3314
3133
3013
3138
3104
3144
3207
3256
3086
3025
2984
2987
2869
3187
3053
3110
2994
3278
2967
3126
3051
3112
3150
3003
3167
3011
3271
3154
3109
3212
3060
3125
3222
3212
3200
3244
3142
3120
3008
3184
3147
3252
3194
3225
3092
2875
3278
3190
3232
3153
3149
3113
2586
3044
3152
3235
2894
3258
3065
3181
3025
2709
2957
3109
3160
3188
3257
3143
3179
3210
3189
3079
3080
3264
2944
3152
2898
3081
3116
3207
3269
3204
3133
2910
3107
3058
3132
3216
3261
3160
3161
2075
3163
3168
3052
2602
2987
3187
3262
3282
3257
3148
3027
3049
2494
3033
3249
3056
3034
3144
3089
2884
3174
3259
3126
3133
3265
3167
3120
3111
2081
3168
3083
2884
3137
3179
3206
3145
3060
3216
3128
2752
3043
3200
3242
3114
3148
3197
2606
3211
3188
3150
3161
3119
416
3233
3087
3111
3117
3068
3114
2931
3261
3266
3089
3140
2952
3179
1949
3212
3205
2997
3308
3124
3184
3106
3152
2492
3183
3224
3140
2969
3173
3225
1343
3094
3136
3115
3127
3206
3286
3051
3126
3216
3208
3149
3001
3214
3165
3157
3023
2970
3020
3160
3166
3264
3067
3048
2965
3146
3022
2394
3121
3195
3035
3109
3074
3221
3054
3155
3217
3043
3185
3147
2574
2187
3203
2515
3006
3173
3098
3187
3102
3171
2504
3103
3023
3227
3229
3069
3139
3104
3220
3252
3126
3140
2971
3255
3056
3070
3251
3230
3011
3160
2564
2942
3094
3129
2976
3079
2907
3138
3206
3268
3080
3020
3087
3037
3135
3231
3186
3257
3134
2884
3016
3167
3153
3175
3217
3178
3197
3205
3108
3300
3184
3088
3220
3193
3171
2994
3146
3256
2512
3171
3020
3181
3213
3081
3275
3127
2587
3084
3167
3102
2919
2759
2922
3155
3141
3111
3204
3191
3250
2861
3165
3085
3217
1408
3122
3133
2787
3182
3084
3135
3097
3210
3215
3139
2962
3142
3117
3125
3238
3170
3177
2969
3233
3203
3153
3121
2695
3187
3177
3132
3147
3068
3273
3228
3155
3016
3219
3106
3170
3032
2675
3206
3150
3181
3236
3166
3251
3228
2746
3231
3168
3074
3189
3053
3190
3117
3203
3083
3096
3182
3118
3132
3217
3202
2989
3162
3240
3249
3149
3144
3214
3169
3177
3025
3271
3186
1652
3229
3141
3113
3200
3085
3241
3239
2999
3049
3167
3110
3210
3195
3234
3185
3080
3197
3215
3099
2804
3147
3127
2996
3138
3207
3098
3127
3225
3207
3157
3283
3278
3174
3089
3181
3182
3152
2632
3072
2952
3174
2997
3144
3133
3202
3143
3232
3047
3159
2981
3208
3069
3175
3307
3224
3137
3168
3095
3064
3192
3096
2621
3182
3089
3120
3129
3171
3069
3224
3199
3059
3180
3291
3295
3221
3256
3044
3135
3103
2693
3218
3153
3151
2883
2972
3071
3006
3243
3104
3027
3073
3204
3176
3156
3054
3181
3098
3124
3230
3065
2636
3156
3152
3080
3181
3145
3090
3168
3203
3144
2948
3245
3139
3207
2650
3068
3218
3077
3132
3099
3207
2978
3079
3226
3064
3098
3181
3159
3116
3036
2981
3159
3124
3090
3175
2337
3165
3146
3277
2839
3221
3099
3069
3228
3176
3204
3108
2654
2984
3028
3237
3190
3230
3111
3136
3159
3027
3285
3006
1442
3244
3032
3239
2827
3123
2988
3056
3069
3223
3007
3126
3206
3245
3286
3096
3019
3216
3192
3243
3128
3073
3192
3120
3125
3144
3184
3216
3247
3099
3258
3212
2857
3069
3109
3214
2582
3191
3217
3228
3241
3102
3107
3207
3179
2997
3221
2976
3202
3164
3097
3252
3079
2987
3087
3151
3156
3210
3149
3124
3278
3250
3114
3180
3071
3187
3048
3058
3120
3184
3057
3205
3025
2589
3231
3058
3248
3174
3048
3090
3204
3245
3232
3148
3189
3215
3155
3136
3238
3161
3117
3106
3223
3178
3160
3213
3218
3061
3202
3181
3080
3236
2989
3299
3191
3093
3213
3195
3084
3251
3141
3025
3061
1077
3050
2949
3156
3196
3144
3200
3214
3202
3149
3169
3101
3176
2943
3142
3097
2637
3158
3094
3038
3262
3165
3071
3106
3229
3054
3206
3199
3072
3143
3267
3135
3046
3233
3193
3197
3136
3092
3116
3297
3153
3042
3076
3064
3139
2441
3233
3134
2941
3191
3154
3121
2953
3042
3257
3162
3059
3128
2976
3222
3113
3139
3029
3186
3258
3056
3153
3227
3273
3230
3076
3220
3131
3155
3072
3158
3113
3188
3288
3325
3009
3102
3190
2959
3184
3078
3149
3198
3222
3033
3050
3157
3126
3210
3141
3233
3232
3240
3071
3077
3201
3048
2762
3236
3235
3090
3173
3192
3212
3151
3143
3026
3100
3275
