-191
-325
-215
-200
-356
-249
-207
-111
-169
-508
-222
-281
-269
-268
-104
-58
-13
-101
-93
-39
-343
-462
-229
-216
31
-74
1338
-266
-137
-140
-212
-131
-66
-130
-263
-173
-253
-151
-235
-213
-59
-237
-166
-253
-137
-39
-82
21
-71
-68
-216
-214
-406
-194
-285
-167
-170
-180
-578
-45
-313
-509
-261
-281
-353
-479
-201
-22
-300
-333
-92
-271
-339
-204
99
40
-802
-357
-252
-58
-171
-179
-123
-194
-358
-394
-128
-78
-260
-362
-198
-227
-297
-545
-172
-109
-232
-611
-128
-274
-43
-91
-242
-461
-286
-228
-156
-60
-296
-550
-116
-247
-398
-68
-307
-183
41
-219
-171
-63
-141
-285
-59
-142
-120
25
-245
-304
-289
-70
-415
-266
-92
-305
-437
-120
-184
-34
-298
-153
-207
-358
-178
-239
-372
-218
-69
44
-299
-235
-48
-399
-419
-24
-39
63
-28
-199
-255
-301
-562
-382
-283
-335
-113
-50
-123
-285
-118
-426
345
-179
-149
135
-148
-276
-416
-201
-330
-127
-404
84
-429
-400
-132
-113
-160
-151
-18
-470
-480
-120
-155
-282
-281
-158
-130
-266
-225
-220
-436
-335
15
48
-115
-66
-188
-160
-244
-199
-267
-54
-94
-195
96
-124
-206
-169
-391
-228
-231
-98
-157
-101
-199
-396
-181
-167
-147
-200
-454
-122
-2
-312
-229
-267
138
-227
-144
-17
-46
-163
-72
-402
-145
-250
-354
-398
82
-465
-348
-432
-108
-120
-359
-171
-313
91
-239
-392
-108
-118
-10
-134
-37
-280
-72
-115
-140
-29
-111
-370
-207
-356
-553
-329
-19
-285
-291
-174
-296
-188
-212
-47
-161
-74
-153
-543
-349
-369
-213
-630
-454
-302
-227
-247
-246
-164
-94
-162
-175
-227
-232
-128
-349
-218
-355
-136
2
-111
-504
20
-161
-418
-350
-73
-210
-173
-166
-93
-130
-232
-317
-162
-207
-200
-82
-293
-242
-484
-165
-32
-322
-269
-390
-411
-224
-354
-94
-306
-333
-211
-181
-158
-107
-438
-191
-224
-378
-287
-418
-397
-183
-185
-244
-19
-193
-127
-290
-182
-179
-91
-149
-153
-58
44
-111
-291
-120
-248
-257
-160
-137
-212
-56
-310
-343
-156
5
-205
-84
-274
-129
-106
-220
-5
-179
-265
-115
-275
-37
-160
-369
-17
-145
-145
-128
-328
-358
-153
-270
-16
-275
-116
-264
-459
-336
-324
-238
-80
-480
567
-158
-211
-361
-257
-125
-194
-225
-13
-260
129
-380
-113
-154
-203
-161
-157
-17
-273
-56
-170
-145
-24
-106
-168
-94
-396
-262
-237
-136
-38
-166
-212
-145
-154
-164
-128
-296
-284
-122
-209
37
-406
-289
-152
-281
-409
-118
-102
-61
-322
-38
-72
-384
-168
-312
-182
-262
-391
-587
-324
-133
-194
-147
-201
-149
-12
-309
-376
-80
-209
-194
-125
-262
-286
-159
-42
89
-264
32
-50
-429
-148
-141
-245
-298
-370
-35
-31
-407
-261
-138
-205
-156
-184
-279
-364
-261
-417
-215
-260
-124
-250
-302
-167
-244
-276
-214
-85
-433
-188
-246
-248
-181
-191
-172
-61
-137
-174
-190
-139
-375
-169
-345
-213
-243
-20
-375
-460
-271
-203
-288
-435
-98
-145
-254
-71
-97
-98
-255
-275
-90
-243
-198
-196
-616
-180
-179
-212
-301
-146
-177
-285
-221
-234
-225
-340
-32
-381
-114
-162
-249
-143
-302
-76
-164
-166
-136
-210
-149
-277
-313
-214
-318
-457
-146
-64
-151
-209
-124
-98
31
-192
70
-335
-256
-235
-193
-199
-295
-173
-58
26
-146
-99
-165
-135
-280
-396
-334
-101
-31
-43
3
-151
-133
-192
-289
-196
-99
-94
-234
-170
-206
-172
-313
79
-368
-152
60
-277
9
-168
-315
74
40
-243
-250
99
-332
-95
-47
-207
-82
190
-217
-108
-71
-152
-210
-150
-85
-156
-334
-169
-177
-103
-291
-80
-334
-17
28
-31
-258
-427
-80
-335
-122
74
-345
34
-274
-263
-243
-265
-276
-210
-248
-130
-70
-38
-203
-147
-421
-228
-123
-150
-141
-411
-251
-348
-40
-196
-99
-11
-230
-205
-95
-88
-131
-123
-25
-140
-55
-14
-204
-448
-276
-87
-166
-310
-270
-213
0
-263
-226
-100
-235
-127
-192
-181
-207
-158
54
-208
-193
-214
-353
-167
-257
-327
-158
-340
-372
-305
-435
-178
-114
-183
-362
-79
-14
-262
-222
-102
-233
-315
-146
-191
-173
-242
89
-183
-376
-169
-176
-430
3
-213
-347
-118
-281
-244
-324
-323
-423
-279
-174
-172
-33
-158
-241
-129
-69
-304
-299
-343
-261
-322
-317
-113
-204
-146
-372
-132
-218
-148
-215
-193
-28
-283
-126
-52
-321
-381
99
-185
-142
-223
-346
-119
-269
-285
-58
-82
123
-186
-289
96
-456
-91
-310
-504
-146
190
15
-250
-94
-259
-363
-156
-231
-155
-82
-198
-227
-203
-85
-170
-135
-363
-207
-223
-358
-245
-1
-252
-349
-8
-103
-337
-192
-85
13
-130
-202
-290
-110
-244
-309
-152
-60
-321
-123
-151
-176
-53
105
-97
-138
-215
-100
28
-103
0
39
-246
-196
-67
-394
-153
-251
-280
-11
-273
-348
-192
-403
-81
-39
-337
-181
65
-48
-195
-134
-62
-325
-171
-279
-386
-236
-90
-275
-117
-195
-167
-339
-127
-237
-139
-384
-318
-244
-363
-223
-195
-93
-217
-62
120
-251
-331
-98
-338
-158
-231
-270
-449
-80
-158
-143
-63
-180
1133
-185
-184
-187
-294
-261
-484
-432
-130
-157
365
-93
-234
125
-87
-205
-86
-187
-210
-146
-94
-25
-336
-393
-117
-205
-181
-87
-368
-309
69
-36
-270
79
-22
-191
-132
231
-128
-121
-166
-86
-143
-356
-261
-107
-265
-364
-125
-237
-369
-157
-221
41
-108
-148
-152
-245
55
-196
-157
-335
-221
-221
-126
-294
-140
-263
-291
-91
-444
-55
3
-133
-307
82
-195
-258
-191
-288
-157
-79
-133
-88
-230
-305
-289
-95
-246
-195
-107
-241
-160
-111
-360
-141
-167
-227
-52
-178
-297
-598
-324
-166
-323
-159
-274
-144
-211
-120
-156
-283
-272
-303
-348
-410
-61
23
-83
-489
-274
-65
-109
-340
-134
-86
-195
-282
-305
-129
-94
-69
-41
-589
-219
-297
-271
-295
-96
-414
-201
-138
-66
-412
112
-108
-390
-156
-145
-318
-207
-217
-98
-243
-266
-525
-240
-242
-572
-287
-128
-116
-291
-170
-343
-64
-177
-85
-127
-238
-182
-310
-185
-141
334
-36
-138
47
-108
-131
-98
-192
-379
-87
-336
-233
-254
-361
-37
-331
-174
-289
-224
-214
-424
-356
-226
-218
-180
-179
-148
-314
-174
-100
-206
-149
-397
-201
-181
-108
-365
-90
-99
-267
-131
-441
-292
-93
-178
-150
-21
-283
-111
-195
-97
-306
-237
-502
-198
-343
-84
-102
-235
-421
-243
-317
-427
-99
-469
-335
-455
-155
-261
-222
-106
-246
-145
-249
-298
-243
-257
-205
-217
-232
-439
-300
-204
-163
-296
18
-25
-280
-137
-104
-121
-752
-221
-273
-471
-484
-222
-44
-314
-86
-85
-8
46
-43
-140
-134
-445
-325
-184
-119
-201
-286
-110
-212
-261
-409
-378
-334
-217
-101
-117
-289
-213
-179
-625
-181
-403
-342
-189
-483
-121
-291
-337
-165
-215
-166
-110
-344
-103
-76
1472
-76
-140
-325
-39
-379
-167
-178
-195
-113
-144
-141
-135
-129
-362
-313
-2
-112
95
-225
-66
-334
-284
-112
-7
-187
-89
-123
-181
-168
-233
-223
-263
-147
28
-212
-85
-194
-40
-158
-272
-158
-46
-102
-379
-207
-476
-290
-72
-272
-400
-273
-167
-85
-289
-274
-92
84
-238
-65
-177
-362
-276
-171
-165
-184
-211
-111
-176
-163
-137
-162
-53
71
-217
-157
-252
-156
-331
-204
-292
199
-385
-97
-258
-102
-154
-265
21
-115
-153
-47
-588
-330
-77
-138
-202
-282
-66
-173
-104
-94
-135
-95
-306
-540
-203
-229
-332
-347
-176
-158
-41
-6
-230
-363
80
-136
-121
-262
-438
-380
-205
-278
100
-10
-229
-109
-68
67
-101
-143
-342
-328
-197
-147
-211
-228
-178
-275
-204
-282
-370
-98
18
-234
-218
-294
-175
17
6
-112
-262
138
-141
-66
-46
-87
-491
-160
-187
-117
-57
-170
41
-279
-87
-136
-273
-263
-79
-149
-187
-72
-183
-22
-162
-26
-172
-237
-123
-226
-130
-240
-258
49
-215
69
-126
-179
-49
-109
-359
-32
-133
-161
-171
-59
-273
-142
-47
-277
-264
-92
-455
-946
-142
-200
71
-225
-162
-203
-436
-296
-238
-193
-167
-370
-42
-352
-285
113
-109
-171
195
-131
-119
-142
-140
-391
-95
-395
-121
-278
-192
-68
-170
-118
-228
-9
-285
-105
-84
-66
-472
-90
-524
-423
-90
-266
-48
1254
-333
-121
-341
-146
-169
-77
-277
-186
-379
-51
-280
-146
-268
-105
-396
-455
19
-245
-386
-164
-385
-39
-16
-231
-150
64
-278
-297
-198
-272
-187
-218
-68
-339
-249
-184
-445
-181
-146
-323
79
-127
-44
-88
-220
-118
-136
-117
-55
-108
-220
-258
-224
-387
-119
-71
-291
-330
-438
-236
-240
-373
-309
-107
-577
-118
-85
-267
-538
-202
-473
-183
-349
308
-257
-68
-311
-104
-179
-300
-63
-351
-242
-426
-126
-241
-339
9
-36
-130
-279
-295
-36
-54
4
-240
-130
-202
-326
-132
-196
-146
-97
-321
-294
-141
-192
-289
-393
-53
-260
-216
-252
-301
-113
-213
-194
-174
-220
-99
-271
-299
-73
-520
65
-204
-179
-318
-285
-228
-230
-36
-62
-359
-272
-202
-272
-212
-216
-261
-357
-195
-320
-119
-297
-122
55
-254
-197
-145
-290
-379
-81
-112
-332
-60
-22
-176
-467
-188
-29
-165
-163
-222
-311
-216
-97
-4
-313
-209
-360
188
-42
-365
-192
-76
-203
-67
113
-63
-599
-11
-447
-201
-25
-67
-184
-393
-350
-173
-108
-100
-183
-290
-251
-170
-281
-366
-324
-228
-61
-115
-222
-224
-63
-260
-437
-108
-180
6
-155
-96
-291
-237
-266
-122
-105
-112
-261
-163
-264
-34
-262
-331
-508
-91
-87
-224
-378
29
-122
-284
280
-163
-295
-242
-383
-64
-428
-385
-194
-206
-302
-123
-105
-91
-459
-50
-49
-147
-161
-99
-309
-174
-172
-67
-173
-152
-160
-293
-326
-231
-199
-179
-108
-6
-131
-163
-86
-306
-192
-229
-53
-160
-107
-122
-77
-141
-104
71
-102
-330
-169
-237
-177
-227
-245
-166
-200
-49
-309
-43
-48
-53
-140
-145
-276
-67
-220
-153
-99
-556
-200
-283
-141
39
-347
-158
-519
-2
-39
90
-92
-20
-247
24
-228
-316
-116
-440
-538
-280
-254
-203
-21
-277
-192
-215
-126
-17
181
-255
-396
-350
-142
-154
-210
-430
-132
-266
-249
-405
-169
-192
-487
-19
-452
-177
-91
-342
-330
-203
-43
-76
-240
-51
-355
-274
-149
33
-310
-543
-135
-225
-291
-241
-231
-230
-209
-220
-205
-302
-167
-28
-108
-215
-93
-222
-168
-276
22
-403
-129
-237
-207
-48
-493
-9
-218
-9
-300
-54
-175
-137
-275
-156
-214
-204
-168
-185
-42
-13
-118
-26
-220
-289
-26
-58
-158
-376
-149
-123
-155
-171
-231
-288
-330
-211
-169
-140
-154
-187
-136
-826
-105
-81
-371
-128
-346
-103
-159
-418
-24
-219
-126
-129
-422
-47
-67
-45
-136
-194
-95
-154
-265
-363
-22
-148
-97
-340
-113
-359
-216
-258
-211
-134
-110
-187
-286
-480
-138
-216
-242
-335
-287
-218
-100
-25
-116
-279
-160
-368
-321
-406
-434
-151
-269
-269
-172
-106
-49
-178
-234
-73
-247
-323
-228
-212
-101
-409
-525
-50
-140
-290
-125
-167
-231
-203
-300
-65
-152
-237
-73
-6
-131
-114
-51
-263
-37
-378
-203
-327
-347
-345
-41
-332
-32
-164
-139
-181
53
-117
-243
-533
-225
-219
-188
-478
-302
-196
-171
-145
-144
-243
60
-402
-178
-368
-290
-216
-165
-243
-125
-364
-3
-285
-169
-86
-89
-387
-387
-135
-78
-275
-58
-99
-393
-97
-190
-78
18
-111
-118
-112
-173
-295
-303
-222
-247
-67
-5
-231
-121
-333
129
-159
-405
-56
-180
-40
-278
-122
-347
75
-24
-29
-211
-138
-99
-140
-645
-291
-38
-29
-249
-183
-416
-141
810
-123
-91
-356
-374
54
-77
-172
-110
-192
-58
-95
-173
-538
-362
-146
-340
-279
-154
-80
-40
-266
-328
-63
-282
91
-284
-202
-133
-65
-201
-87
-175
-531
-439
-296
-57
-396
-211
-197
61
-105
-324
-34
-320
-316
69
-349
-41
-248
-151
-237
-158
-166
-174
-253
-95
-262
-163
-143
-182
-167
-148
-281
-117
6
-212
-322
-352
-65
-186
-152
-335
-219
-172
-85
-140
-28
-93
-28
-406
-134
-303
-181
-114
-142
-229
-143
45
-258
-122
-136
-68
-128
-260
-194
-409
-178
-241
-152
-123
-160
-47
-297
-44
-35
-454
-119
-357
-289
-226
-65
-141
-132
-238
-377
-254
-285
-183
-243
-21
-295
55
-97
-294
-252
-190
-226
-155
-374
27
-141
-69
-316
-237
-185
-399
-296
-246
-213
-148
-245
-215
-112
-475
-424
20
-437
-151
-181
-286
-39
-189
-154
-266
-245
-333
-123
-209
-123
-377
33
-65
-101
-168
-330
34
-59
-164
-399
-198
-239
-257
-332
-332
-222
-161
-205
-166
-113
-239
-223
-255
-169
-139
-356
85
-130
-128
-298
-78
-221
-382
-299
-315
-141
-130
-308
-300
-120
-94
-425
-198
-262
-226
-286
-120
-397
-254
75
-467
-173
-339
-360
-648
-231
-156
-389
-205
-207
-107
-94
-482
-232
-6
-119
-64
-162
-171
-269
-307
-238
-45
-151
-191
-99
-89
43
-86
-268
-392
-476
-26
-234
-139
-97
-154
-52
-144
-305
-294
-494
-227
276
178
-153
-365
-271
-232
-256
-117
-77
-194
-464
-90
-893
-317
-88
-237
-180
-39
-198
-195
-189
-351
-206
-442
-175
-271
-60
-253
-142
-108
-247
-443
-268
-374
-294
-118
-124
-265
-298
-456
-403
-358
-54
-294
-303
-354
-375
-375
-454
-224
-171
-197
-231
-130
-147
-152
-171
-176
-273
-589
-253
-133
-379
-224
-362
-227
-459
-513
-242
-203
-381
-525
-11
-286
-164
-300
-274
-283
-169
-422
-217
-441
-71
-204
-153
-159
-226
-416
-289
-176
-308
-76
-38
-234
-224
-47
-161
-191
-115
-204
-167
-254
-111
-220
-256
-266
-194
-298
-120
-431
-330
-247
-122
-235
-149
-310
-78
-178
-139
-347
10
-303
-286
-30
-263
-188
-236
-148
-202
-261
-12
-287
-334
-15
-154
-356
-551
-466
-265
-115
-230
-134
-240
-73
-428
-275
-99
-84
-459
-248
-89
-113
-210
-259
-208
-373
-504
-292
-315
-62
-223
-63
-91
-201
-205
-363
-176
-41
-129
163
-197
-168
-172
-267
-239
-65
-150
-56
-118
-201
3
23
-76
-124
-402
-139
-88
-55
-245
-396
-179
-263
-535
-87
-23
-345
87
-330
-113
-32
-170
-189
-115
-31
-304
-176
-98
5
-160
-23
-118
-279
-375
-81
-105
-227
-336
-181
-368
-151
-191
-48
-292
-121
-38
-286
-260
-107
-127
-149
-11
-76
-371
-92
200
-178
-234
-133
-263
-23
-293
-338
-218
-785
-61
-155
-322
-311
-144
-106
-137
-160
-479
-278
-267
-95
-3
-199
-101
-244
-147
-151
-125
-34
-309
-75
-275
-291
-297
-76
-212
-84
-31
-205
-215
-343
-188
-348
-189
-334
-171
-172
-92
-282
-210
-167
20
-526
-81
-116
-140
-320
-103
-264
-139
-113
-103
-15
78
-253
-191
-81
-225
-145
-183
-168
-244
-439
-165
-16
-282
-285
-226
-202
-15
-250
-503
-246
-165
-139
-199
-288
-331
-86
-141
-373
-496
-274
-86
-51
18
-126
-247
-35
-319
-201
-198
-91
-290
-42
-106
-411
-202
-208
-256
-267
-64
-539
-98
-184
-343
-435
-128
-103
-167
-191
-237
-127
-145
-13
-402
-404
-219
-55
-141
-238
19
-145
-377
-40
-226
-288
-38
-118
-308
-79
-198
-563
-323
-93
-37
-216
-310
-112
-187
37
-100
-175
-315
-177
-323
-138
-168
-332
54
-252
-660
-247
-215
54
6
-773
-205
-236
-253
-163
-234
-498
-165
-57
-57
-120
-381
-240
2
33
-269
-40
-35
-137
-233
-513
-260
-249
-369
5
-172
-222
-294
-273
-29
-188
-387
-195
-373
-380
-113
-223
-120
-68
-180
-230
-351
-31
-361
-312
-294
-79
-301
-217
-196
-101
-97
-301
-191
-224
-344
-386
-397
-367
-426
-17
-242
-301
-812
-77
-76
-233
-266
-358
-324
-253
-158
-166
-168
-320
-90
-324
-104
-215
-283
-173
-286
-127
-150
17
-138
-283
-361
-247
-271
-276
-11
-192
-244
-133
-427
-119
-504
-414
-232
219
-472
-297
-3
-106
-223
-324
-246
-47
-191
-179
67
-133
-114
-136
-284
-230
-84
-222
-97
-198
8
-206
-415
227
-219
-165
262
-249
-107
-252
-24
-272
-170
-256
-193
-91
-151
-206
-115
-176
-323
-96
-136
-309
-446
-296
-561
-152
-342
-466
10
-345
-184
-216
-123
-58
-144
-458
-167
-79
-20
-126
-254
-65
10
-401
-382
-194
-235
-416
-91
-140
-90
-157
-341
-65
-318
-150
-155
-358
-207
-45
-294
-127
-180
-267
-65
-83
-136
-56
-235
-311
-218
-66
-418
-440
-165
-200
-119
-64
-229
-240
-117
-95
-232
-530
-285
-338
8
-409
-254
-44
-198
-469
-24
-158
-308
-462
-305
5
-402
-143
-254
-665
-276
-25
-201
-161
-166
-38
-135
-171
-286
-177
-402
-382
-118
-301
-159
-115
-402
-265
-321
-208
-220
-160
-191
-208
-153
-185
-161
-415
-61
-241
-27
-307
-263
-103
-85
-241
-328
-292
-158
-327
-222
-435
-251
-356
-515
-199
-277
-213
-257
-125
-170
-44
-267
-461
-159
-77
-97
-218
-28
-95
-255
-353
-165
-2
-102
-85
-178
-69
-233
-280
-250
-239
-304
-55
-294
129
-151
-242
-142
-182
-194
-141
-211
-238
-170
-177
184
-139
-104
-150
-223
-228
-393
-190
-148
-100
-493
-171
-165
-229
-156
-298
-341
-376
