3484
3385
3247
3135
3649
3387
3457
3521
3417
3404
3117
3104
3192
3271
3339
3408
3334
3144
3671
3303
3478
3202
3316
3443
3147
3398
3155
3452
3247
3232
3576
3159
3397
3457
3428
3296
3477
3305
3575
3286
3350
3518
3521
3504
3224
3125
3386
3397
3438
3452
3456
3372
3454
3174
3274
3283
3240
3209
3241
3174
3378
3207
3039
3321
3351
3343
3350
3429
3405
3410
3394
3493
3324
3209
3450
3142
3283
3229
3156
3209
3269
3503
3531
3258
3042
3214
3364
3276
3357
3496
3295
3258
3185
3229
3387
3229
3243
3188
3307
3605
3563
3564
3414
3344
3179
3031
3225
3534
3289
3298
3332
3239
3205
3311
3245
3140
3267
3344
3346
3271
3267
3019
3238
6439
3048
3323
3346
3161
3374
3182
3345
3151
3120
3249
3191
3452
3301
3231
3318
2964
3461
3499
3417
3792
3258
3074
3362
3366
3356
3303
3221
3347
3167
3411
3328
3222
3237
3232
3406
3159
3362
3466
3217
3540
3404
3453
3445
3354
3274
3399
3213
3372
3208
3267
3566
3165
3107
3244
3126
3275
4689
3529
3273
3445
3574
3352
3681
3315
3431
3277
3395
3450
3534
3258
3475
3497
3415
3184
3384
3127
3358
3287
3062
3098
3182
3612
3217
3134
3349
3159
3137
3358
3259
3466
3263
3122
3205
3583
3261
3243
3354
3427
3428
3102
3267
4960
3349
3268
3414
3622
3364
3433
3410
3334
3401
3272
3347
3262
3329
3224
3081
3410
3377
3307
3193
3052
3272
3347
3198
3113
3427
3633
3239
3275
3479
3258
3062
3387
3134
3248
3550
3264
3375
3243
3277
3343
3334
3244
3263
3465
3292
3313
3260
3166
3377
3444
3007
3220
3157
3384
3176
3547
3439
3089
3410
3118
3534
3605
3211
3352
3217
3417
3446
3461
3421
3149
3125
3251
3400
3301
3578
3423
3407
3251
3708
3347
3227
3455
2484
3239
3308
3185
3402
3184
3408
3080
3413
3214
3308
2980
3238
3457
3212
3514
3315
3304
3088
3425
3224
3271
3132
3011
3195
3625
3502
3254
3306
3434
3494
3223
3173
3856
3143
3244
3103
3117
3512
3538
3282
3770
3285
3415
3568
3014
3346
3393
3293
3185
3250
3237
3346
3247
3231
3178
3302
3592
3190
3263
3477
3073
3412
3205
3560
3338
3794
3500
3397
3325
3278
3569
3407
10345
3364
3537
3498
3355
3359
3420
3324
3329
3275
3242
3295
3237
3350
3365
3323
3264
3490
3340
3207
3146
3228
3232
3088
3158
3291
3286
3418
3419
3278
3332
3466
3309
3232
3196
3211
3311
3275
3280
3326
3033
3427
3380
3226
3250
3168
3173
3255
3268
3378
3395
3248
3155
3343
3636
3262
3179
3269
3387
3360
3431
3301
3042
3283
3735
3679
3349
3340
3221
3307
3422
3679
3262
3588
3390
3107
3327
3485
3427
3340
3203
3285
3484
3586
3174
3327
3551
3073
3162
3722
3075
3463
3410
3129
3288
3148
3664
3341
3332
3365
3215
3053
3336
3356
3285
3322
3603
3136
3241
3422
3365
3304
3707
3361
3204
3227
3086
3687
3326
3470
3428
3232
3336
3167
3484
3241
3298
3405
3392
3228
3123
3257
3337
3258
3474
3394
2999
3488
3217
3485
3161
3484
3249
3229
3320
4208
3220
3476
3058
3256
3172
3389
3275
3513
3290
3288
3264
3095
3785
3275
3220
3423
3379
3451
3427
3262
3142
3362
3274
3410
3241
3412
3443
3411
3334
3282
3329
3457
3247
3381
3161
3224
3574
3312
3448
3170
3507
3172
3480
3162
3307
3346
3047
3319
3218
3260
3174
3657
3391
3246
3456
3449
3208
3386
3398
3722
3500
3336
3467
3461
3293
3547
3226
3125
3319
3283
3285
3370
3361
3106
3535
3455
3375
3481
3220
3633
3179
3404
3224
3221
3223
3378
3089
3060
3236
3249
3552
3283
3443
3367
3336
3424
3245
3362
3316
3405
3304
3144
3478
3357
3110
3359
3438
3218
3237
3475
3400
3110
3369
3317
3339
3244
3238
3392
3581
3274
3489
3195
3411
3595
3289
3345
3237
3094
3223
3362
3337
3295
3299
3458
3513
3525
3613
3301
3217
3476
3413
3339
3245
3347
3352
3338
3299
3410
3416
3302
3270
3359
3626
3435
3620
3293
3369
3397
3406
3212
3357
3605
3358
3209
3234
3201
3470
3325
3323
3381
3152
3170
3208
3729
3361
3099
3186
3429
3227
3327
3296
3443
3390
3115
3227
3431
3248
3081
3529
3452
3218
3362
3281
5096
3347
3494
3238
3394
3503
3228
3370
3309
3364
3255
3297
3366
3884
3330
3203
3491
3306
3441
3162
3242
3373
3479
3376
3202
3381
3260
3382
3394
3390
3537
3369
3241
3346
3333
3272
3596
3413
3397
3162
3332
3169
3255
3360
3325
3133
3248
3512
