-286
-130
-291
-309
-209
86
-212
-240
-175
-70
-215
-262
-248
-228
-233
-255
-254
-169
-187
-273
-237
-158
-153
-175
-194
-240
-327
-91
-243
-297
-192
-246
-205
-177
-346
-264
-195
-171
-203
-236
-412
-215
-211
-266
-220
-249
-203
-292
-166
-366
-188
-188
-190
-134
-247
-135
-104
-197
-220
-230
-249
-193
-208
-185
-234
-277
-144
-213
-240
-153
-187
-211
-221
-275
-242
-231
-193
-101
-207
-287
-270
-220
-266
-242
-200
-192
-299
-197
-159
-195
-125
-97
-204
-288
-239
-202
-178
-296
-263
-194
-183
-265
-163
-110
-155
-193
-167
-214
-222
-278
-177
-137
-294
-329
-257
-195
-298
-284
-262
-308
-229
-3
-194
-241
-328
-208
-191
-220
-177
-188
-229
-396
-86
-260
-153
-214
-204
-272
-182
-255
-72
-225
-285
-305
-294
-215
-235
-219
-207
-291
-246
-262
-224
-287
-272
-265
-188
-164
-163
-235
-252
-236
-259
-216
-214
-117
-230
-231
-256
-222
-242
-229
-288
-302
-249
-176
-184
-205
-181
-241
-212
-195
-132
-222
-239
-242
-305
-219
-325
-390
-178
584
-192
-215
-208
-203
-322
-124
-182
-329
-244
-277
-215
-292
-289
-255
-367
-212
-205
-225
-208
-272
-263
-170
-249
-161
-225
-306
-242
-264
-230
-221
-160
-207
-223
-288
-282
-130
-196
-263
-218
-288
-190
-128
-249
-197
-178
-194
-172
-255
-122
-305
-218
-231
-296
-233
-199
-172
-250
-205
-248
-165
-210
-197
-250
-176
-181
-287
-239
-199
-264
-262
-192
-250
-170
-208
-185
-249
-239
-175
-193
-226
-201
-182
-237
-229
-189
-205
-247
-324
-168
-256
-265
-163
-155
-267
-276
-193
-173
-266
-184
-216
-245
-238
-182
-113
-194
-279
-158
-306
-226
-217
-282
-205
-193
-186
-288
-274
-220
-236
-178
-118
-218
-221
-143
-222
-304
-206
-213
-213
-301
-400
-200
-244
-110
-332
-193
-184
-201
-72
-238
-115
-219
-188
-176
-188
-312
-273
-259
-161
-245
-273
-229
-236
-231
-232
-236
-224
-245
-198
-211
-375
-209
-259
-167
-208
-134
-201
-261
-275
-206
-247
-226
-208
-211
-225
-214
-194
-260
-119
-159
-266
-146
-234
-307
-259
-206
-228
-188
-178
-290
-273
-159
-183
-260
-216
-243
-304
-157
-229
-171
-224
-198
-290
-275
-195
-194
-274
-184
-183
-236
-212
-286
-160
-270
-195
-215
-261
-186
-257
-265
-285
-40
-167
643
-160
-286
-298
-244
-168
-169
-244
-208
-260
-208
-198
-224
-269
-353
-246
-70
-100
-205
-181
-242
-248
-237
-247
-145
-120
-164
-272
-163
-305
-203
-254
-197
-265
-138
-240
-163
-58
-190
-176
-228
-184
-287
-140
-253
-232
-284
-115
-187
-285
-235
-259
-159
-320
-204
-213
-160
-285
-367
-257
-223
-186
-207
-213
-284
-281
-220
226
-136
-126
-141
-287
-256
-258
-230
-236
-231
-161
-61
-238
-226
-149
-172
-147
-231
-259
-228
-218
-277
-248
-298
67
-334
-258
-290
-230
-194
-177
-234
-201
-145
-314
-330
-243
-172
-225
-230
-148
-214
-244
-283
-220
-294
-172
-207
-249
-174
-207
-226
-201
-238
-121
-182
-131
-209
-343
-205
-477
-194
-210
-246
-158
-304
-138
-221
-191
-229
-150
-168
-134
-198
-273
-262
-213
-241
-202
-209
-251
-229
-178
-204
-224
-210
-247
-224
-259
-256
-181
-184
-249
-169
-183
-199
-205
-275
-178
-315
-150
-279
-267
-313
45
-263
-231
-238
-188
-237
-246
-225
-194
-260
-212
-397
-198
-280
-236
-232
-202
-291
-209
-274
-269
-185
-143
-261
-189
-225
-176
-174
-160
-209
-260
-150
-177
-254
-174
-181
-190
-256
-198
-6
-154
-223
-177
-43
-223
-180
-180
-244
-188
-121
-190
-272
-201
-227
-209
-178
-226
-252
-210
-179
-197
-176
-190
-245
-302
-318
-228
-193
-205
-205
-292
-159
-202
-203
-219
-217
-214
-201
-225
-113
-343
-244
-208
-246
-235
-165
-209
-53
-294
-203
-284
118
-255
-141
-274
-274
-139
-140
-251
-260
-232
-151
-156
-309
-262
-295
-132
331
-245
-159
-161
-278
-269
-291
-147
-279
-258
-318
-227
-272
-215
-263
-246
-276
-207
-236
-154
-258
-205
-181
-459
31
-295
-161
-237
-281
-200
-216
-179
-221
-266
-233
-197
-203
-204
-139
-202
-279
-256
-224
-236
-242
-222
-305
-283
-142
-249
-250
-293
-215
-214
-251
-223
-201
-230
-247
-218
-211
-322
-273
-290
-202
-249
-289
-252
-285
-288
-187
-113
-215
-88
-134
-207
-113
-178
-223
-286
-166
23
-223
-207
-274
-247
-209
-238
-211
-281
-241
-136
-288
-150
-253
-232
-219
-206
-261
-224
-233
-240
-266
-252
-194
-259
-229
-197
-219
-230
-291
-163
-223
-247
-195
-196
-200
-166
-210
-178
-240
-186
-67
-257
-272
49
-238
-222
-311
-185
-155
-199
-113
-250
-287
-47
-235
-209
-191
-262
-251
-135
-273
-213
-279
-215
-154
-287
-217
-265
-289
-219
6
-237
-196
-255
-169
-209
-235
-264
-200
-199
-159
-223
-254
-267
-214
-263
-170
-209
-212
-167
-213
-246
-217
-214
-176
-226
-202
-173
-206
-222
-229
-260
-204
-281
-161
-288
-236
-217
-204
-231
-202
-191
-198
-235
-155
-245
-93
-76
-201
-198
9
-281
-312
-249
-197
-173
-164
-256
-192
-258
-225
-280
-247
-177
-153
-179
-344
-236
-281
-119
-148
-254
-280
527
-216
-292
-142
-283
-308
-246
-212
-127
-268
-156
-273
-201
-149
-202
-227
-267
-273
-236
1
-224
-213
-247
-186
-206
-235
-235
-145
-218
-4
-236
-102
-227
-155
-159
-246
-224
-173
-264
-231
-207
-170
-255
-234
-281
-196
-200
-296
-183
-118
-280
-222
-147
-206
-253
-256
-292
-244
-108
-188
-204
-200
-187
-301
-178
-233
-134
-183
-205
-216
-166
-194
-262
-275
-299
-232
-169
-218
-161
-112
-221
-176
-143
-296
-231
-316
-253
-193
-184
-213
-210
-167
-215
-195
-167
-242
-203
-197
-203
-189
-136
-220
-285
-221
-195
-213
-172
-67
-210
-291
-205
-179
-233
-206
-251
-269
-264
-227
-202
-265
-196
-179
-151
-150
-185
-280
-88
-249
-227
-54
-114
-211
-29
-282
-112
-232
-157
-226
52
-247
-256
-269
-197
-328
-73
-280
-266
-163
-275
-202
-213
-242
-164
-147
-276
-138
-184
-221
-261
-235
-222
-215
-157
-140
-152
-216
-258
-182
-201
-182
-288
-247
-259
-219
-216
-127
-281
-280
-125
-251
-276
-220
-258
-243
-139
-235
-213
-227
-51
-234
-282
-201
-267
-234
-113
-265
-214
-233
-249
-218
-304
-80
-183
-116
-200
-227
-220
-166
-137
-307
-240
-223
-184
-233
-239
-182
-213
-257
-69
-251
-170
-316
-243
-286
-294
-246
-192
-138
-289
-223
-214
-83
-203
-206
-250
-132
-236
-179
-268
-100
-258
-139
-234
-229
-289
-243
-73
-127
-220
-312
-191
-224
-219
-231
-320
-208
-288
-193
-196
-223
-282
-222
-177
-243
-289
-223
-190
-261
-239
-139
-254
-194
-223
-202
-239
-163
-221
-191
-245
-236
-314
-249
-215
32
-44
-142
-263
-196
-259
-247
-187
-117
-227
-159
-195
-285
-126
-254
-307
-159
-180
-299
-161
-156
-170
-207
-152
-130
-175
-222
-114
-228
-280
-251
-196
-135
-186
-299
-214
-193
-180
-294
-226
-256
-263
-230
-298
-218
-167
-195
-258
-191
-242
-173
-257
-167
-197
-242
-275
-397
-265
-186
-315
-176
-323
-206
-243
-219
-165
-196
-312
-247
-252
-206
-287
-189
-282
-308
-235
-295
-283
-349
-315
-156
-231
-195
-191
-216
-80
-233
-264
-205
-214
-311
-209
-597
-201
-220
-250
-153
-176
-271
-225
-202
-252
-130
-203
-229
-241
-231
-152
-232
-169
-219
-221
-262
-136
-258
-266
-175
-357
-222
-249
-147
-67
-201
-276
-136
-207
-258
-161
-253
-240
-213
-67
-264
-222
-115
-232
-261
-259
-212
-149
-183
-265
-270
-319
-273
-267
-203
-227
-173
-170
-44
-212
-266
-264
-206
-251
-272
-198
-205
-190
-254
-218
-148
-230
-167
-174
-203
-292
-269
-255
-156
-156
-75
-175
-289
-219
-201
-232
-268
-199
-200
-177
-108
-166
28
-264
-164
-277
-214
-349
-282
-123
-234
-255
-277
-215
-317
-256
-237
-148
-131
-301
-276
-233
-296
-241
-192
-205
-154
-212
-246
-249
-238
-230
-266
-281
-248
-266
-138
-270
-274
-306
-207
-317
-314
-262
-283
-242
-163
-217
-174
-310
-317
-159
-399
-225
-197
-233
-209
-276
-271
-298
-181
-247
-302
-208
-301
-244
-218
-246
-216
-247
-209
-173
-210
-204
-173
-136
-182
-202
-287
-261
-237
-161
-237
-204
-221
-222
92
-241
-246
-227
-236
-222
-244
-220
-154
-228
-91
-200
-280
-192
-264
-534
-332
-112
-249
-250
-233
-317
-261
-200
-86
-294
-176
-192
-224
-317
-223
-271
-221
-201
-168
-180
-159
-210
-200
-271
-324
-177
-88
-291
-306
-464
-149
-194
-189
-226
-197
-169
-57
-242
-234
-168
-247
-201
-137
-205
-382
-289
-305
-238
-179
-224
-317
-311
-216
-237
-256
-224
-256
-163
-152
-209
-246
-136
-303
-255
-200
-172
-293
-266
-258
-254
-286
-214
-92
-280
-157
-207
-206
-182
-107
-255
-284
-207
-310
-215
-114
-230
-153
-233
-262
-225
-278
-284
-116
-140
-254
-265
-137
-235
-155
-470
-227
-240
-201
-267
-265
-149
-238
-351
-194
-179
-198
-225
-189
-74
-222
-204
-179
-221
-118
-237
-224
-204
-263
-312
-262
-168
-171
-205
-241
-235
-376
-199
-299
-244
-272
-303
-162
-169
-203
-140
-244
-258
-168
-181
-193
-207
-246
-223
-196
-210
-277
-206
-161
-166
-171
-153
-267
-200
-236
-155
-242
-289
-282
-162
-181
-204
-131
-158
-233
-290
-146
-200
-284
-259
-230
-178
-32
-265
-231
-309
-173
-229
-254
-242
-185
-186
-214
-255
-43
-242
-155
-193
-237
-142
-248
-139
-215
-246
-205
-234
-180
-204
-129
-327
-219
-192
-221
-159
-237
-193
-206
-206
-193
-251
-290
-168
-187
-162
-161
-189
-201
-136
-208
-77
-133
-169
-291
-187
-258
-289
-156
-281
-177
-305
-215
-232
-271
-190
-207
-226
-186
-272
-230
-238
147
-231
-241
-194
-193
-276
-173
-396
-169
-238
-247
-210
-148
-41
-80
-238
-234
-217
-244
-232
-186
-210
-222
-240
-181
-295
-223
-408
-242
-215
-253
-256
-204
-190
-45
-289
-248
-187
-196
-157
-243
-218
-263
-228
-238
-263
-180
-167
-247
-176
-153
-97
-136
-258
-305
-266
-155
-189
-232
-225
-243
-250
-303
-244
-277
-203
-226
-258
-197
-223
-304
-318
-297
-246
-289
-274
-213
-200
-236
-417
-182
-133
-219
-181
-215
-224
-256
-320
-303
-273
-109
-225
-189
-266
-191
-177
-260
-268
-186
-132
-263
-238
-98
-235
-199
-185
-192
-209
-5
-201
-134
-237
-274
-169
-235
-278
-105
-318
-364
-121
-37
-161
-147
-264
-123
-213
-220
-199
-325
-192
-150
-224
-277
-242
-159
-259
-237
-221
-265
-210
-200
-216
-161
-199
-189
369
-182
-254
-239
-180
-198
-300
-210
-285
-198
-227
-233
-253
-137
-257
-257
-245
-143
-179
-299
-78
-178
-326
-287
-232
-288
-245
-296
-165
-241
-223
-324
-176
-160
-191
195
-225
-245
-279
-160
-304
-255
794
-232
-257
-238
-235
-153
-227
-177
-256
-270
-165
-278
-199
-280
-239
-220
-247
-185
-202
-225
-414
-204
-122
-199
-192
-185
-182
126
-240
-297
-201
-218
-284
-34
-249
-184
-180
-216
-271
-277
163
-167
-213
-353
-136
-281
-278
-63
-228
-205
-176
-246
-203
-205
-136
-200
-58
-235
-255
-217
-170
-208
-273
-187
-249
-226
-225
-181
-246
-257
-190
-165
-252
-220
-239
-239
-148
-278
-285
-185
-304
-239
-164
-168
-164
-78
-292
-300
-252
-171
-285
-150
-229
-200
-189
-174
-183
-202
-223
-193
-247
-193
-173
-190
-234
-53
-294
-207
-190
-299
-338
-247
-246
-182
-216
-229
-158
-201
-158
-218
-303
-226
-193
-198
-202
-226
-297
-198
-285
-208
-274
-176
-166
-287
-153
-221
-252
-256
-342
-224
-223
-255
-140
-205
-205
-239
-206
-76
-214
-161
-283
-220
-297
-206
-98
-220
-156
-199
-222
-290
-214
-257
-189
-257
-23
-211
-278
-208
-289
-256
-196
-257
-247
-152
-256
-196
-257
-220
-182
-220
-247
-215
-164
-278
-218
-171
-226
-166
-270
-172
-252
-698
-206
-304
-320
-268
-242
-202
-236
-216
-253
-292
-176
-455
-182
-40
-282
-256
-227
-299
-176
-274
-262
-274
-206
-290
-230
-255
-281
-223
-208
-241
-222
-322
-243
-234
-283
-239
-178
-291
616
-219
-377
-168
-309
-207
-258
-211
-307
-159
-246
-354
-128
-289
-198
-223
-263
-215
-286
-189
-242
-283
-111
-118
-199
-315
-201
-261
-191
-181
-265
-85
-252
-208
-147
-156
-243
-222
-268
-193
-175
-241
-176
-223
-203
-177
-264
-261
84
-169
-153
-69
-202
-243
-290
-238
-219
-262
-237
-290
-217
-138
-249
-250
-146
-254
-335
-282
-148
-203
-292
-266
-227
-233
-252
-103
-274
-224
-98
-154
-232
-181
-206
-295
-212
-196
-266
-294
-228
-225
-181
-208
-142
-184
-210
-243
-272
-257
-283
-199
-227
-172
-279
-191
-149
-254
-269
-139
-219
-193
-143
-251
-37
-262
-170
-124
-133
-197
-247
-123
-231
-218
-21
-360
-204
-356
-209
-183
-198
-367
-195
-75
-146
-255
-201
-264
-109
-235
-136
-168
-155
-224
-266
-157
-227
-208
-332
-133
-209
-203
-315
-174
-108
-153
-264
-213
-157
-255
-92
-257
-254
-250
-176
-236
-253
-102
-131
-233
-187
-231
-163
-314
-224
-152
-232
-213
-164
-265
-263
-158
-249
-207
-206
-257
-422
-198
-218
-282
-241
-157
-256
-143
-229
-134
-237
-249
-199
-260
-271
-227
-274
-184
-189
-221
-177
-178
-204
-217
-256
-259
-223
-123
-264
-204
-353
-202
-240
-218
-187
-322
-235
-154
337
-391
-197
-268
-228
-221
-260
-182
-188
-223
-211
-220
-185
-252
-240
-277
-122
-251
-157
-145
-240
-251
-49
-220
-170
-267
-242
-241
-269
-195
-174
-258
-196
-208
-260
-241
-220
-208
-203
-209
-151
-201
-233
-260
-239
-259
-260
-140
-189
-193
-190
-191
-176
-205
-250
-345
-259
-82
-247
-116
-374
-267
-211
-312
-170
-213
-254
-150
-130
-157
-272
-274
-238
-254
-185
-290
-230
-184
-208
-286
-204
-153
-268
-225
-193
-211
-253
-250
-219
-191
-223
-233
-199
-147
-270
-163
-241
-180
-276
-168
-123
-186
-185
-205
-201
-179
-256
-197
-148
-228
-168
-247
-221
-216
-200
-229
-140
-300
-254
-220
-181
-252
-154
-197
-223
-290
-253
-174
-227
-116
-221
-90
-222
-298
-200
-171
-197
-228
-152
-276
-241
-119
-216
-224
-220
-67
-249
-163
-168
-176
-263
-123
-219
-255
-242
-294
-265
-202
-265
-244
-268
-286
-257
-136
-236
-213
-208
-181
-139
-311
-240
-203
-220
-147
-217
-273
-203
-312
-254
-174
-156
-257
-264
-226
-192
-176
-201
-190
-189
-228
-231
-245
-268
-285
-185
-255
-193
-246
-206
-236
-203
-264
-113
-268
-221
-305
-216
-212
-369
-244
-195
-191
-172
-287
-268
-210
-121
-165
-260
-247
-214
-272
-202
-176
-224
-176
-159
-217
-222
-229
-277
-282
-217
-249
-55
-249
44
-228
-264
-137
-109
-363
-164
-247
-186
-219
-180
-304
-121
-153
-301
-284
-162
-242
-284
-255
-277
-201
-242
31
-308
-71
-268
-189
-294
-194
-377
-200
-136
-351
-163
-239
-164
-246
-315
-173
-189
-235
-206
-201
-194
-53
-258
-155
-88
-135
-199
-234
-197
-182
-278
-40
-252
-282
-281
-285
-157
-263
-286
-162
-246
-176
-208
-255
-135
-215
-90
-164
-220
-293
-234
-249
-108
-328
-388
-212
-212
-198
-234
-233
-205
-197
-255
-180
-177
-358
-240
-218
-139
-235
-132
-190
-155
-179
-261
-284
-261
-212
-239
-162
-291
-283
-219
-246
-123
-226
-171
-281
-228
-271
-238
-118
-240
-175
-236
-249
-251
-172
-206
-196
-260
-212
-201
-233
-261
-233
-237
-235
-190
-161
29
59
-305
-236
-174
-139
-254
-213
-176
-166
-187
-191
21
-375
-258
137
-291
-328
-191
-283
-227
-452
-328
-206
-336
-226
-255
-330
-265
-276
-83
-224
-239
-240
-180
-230
-235
-170
-171
-200
-129
-305
-184
-354
-355
-246
-275
-231
-262
-199
-270
-243
-239
-253
-304
-207
-267
-90
-207
-245
-241
-191
-188
-215
-116
-198
-196
-427
-257
-163
-260
-156
-128
-265
-161
-165
-99
-291
-187
-290
-225
-278
-165
-213
-208
-260
-229
-148
-254
1
-305
-163
-185
-230
-179
-277
-197
-261
-254
-298
-275
86
-142
-174
-169
-180
-60
-228
-177
-240
-153
-57
-130
-83
-217
-201
-318
-300
-261
-234
-256
-118
-206
-174
-156
-166
-172
-219
-260
-178
-296
-230
-90
-269
-198
-251
-193
-208
-257
-132
-209
-262
-412
-262
-190
-148
-192
-164
-194
-217
-190
-117
-286
-206
-275
-249
275
-344
-192
-252
-183
-320
-127
-213
-182
-167
-164
-215
-241
-223
-230
-283
-290
-252
-317
-248
-289
-188
-276
-171
-146
-194
-132
-221
-250
-224
-109
-230
-206
-170
-208
-200
-241
-189
-260
-300
-282
-220
-275
-258
-294
-258
-193
-186
-262
-235
-259
-316
-184
-197
-182
-224
-239
-192
-244
-167
-238
-275
-148
-251
-270
-179
-211
-268
-192
-226
-211
-219
-210
-154
-165
-244
-280
-74
-222
-242
-275
-287
-155
-171
-162
396
-137
-176
-59
-271
35
-318
-310
-109
-198
-204
-216
-287
-273
-151
-324
-162
-163
-183
-217
-322
-213
-198
-170
-203
-240
-185
-258
-264
-332
-143
-221
-192
-202
266
-283
-224
-225
-176
-254
-91
-64
-319
-195
-293
-218
-204
-183
-273
-217
-216
-202
-157
-251
-201
-236
30
-213
-196
-148
-130
-230
-215
-165
-218
-206
-219
-251
-326
-374
-252
-281
-278
-132
-168
-251
-470
-198
-321
-262
-12
-213
-182
-276
-255
-140
-193
-328
-283
-252
-228
-104
-217
-212
