3431
3353
3304
3324
3212
3372
3227
3436
3440
3338
3237
3225
3316
3274
3312
3184
3237
3272
3341
3354
3397
3298
3399
3211
3246
3306
3338
3348
3162
3332
3407
3295
3188
3362
3433
3385
3254
3393
3359
3270
3377
3307
3340
3293
3403
3237
3239
3449
3431
3452
3426
3415
3219
3207
3224
3270
3351
3200
3438
3341
3347
3272
3285
3231
3402
3421
3392
3351
3437
3294
3359
3357
3400
3217
3375
3166
3292
3152
3326
3284
3412
3422
3283
3276
3234
3325
3301
3474
3362
3351
3328
3326
2832
3324
3357
3322
3031
3356
3334
3347
3350
3408
3325
3285
3385
3149
3431
3288
3267
3326
3294
3373
3162
3347
3382
3334
3360
3447
3397
3261
3297
3269
3405
3050
3225
3261
3355
3185
3262
3319
3449
3408
3216
3226
3361
3402
3408
3168
3419
3217
3376
3433
3258
3247
3350
3192
3344
3325
3310
3226
3275
3295
3157
3412
3351
3321
3416
3214
3429
3245
3364
3382
3371
3387
3304
3361
3355
3359
2985
3312
3393
3394
3293
3309
3349
3153
3373
3316
3312
3279
3118
3328
3372
3464
3364
3328
3404
3365
3339
3396
3343
3116
3268
3315
3305
3330
3391
3126
3367
3270
3397
3297
3264
3228
3278
3175
3384
3363
3425
3322
3250
3313
3309
3142
3384
3154
3254
3319
2978
3311
3324
3277
3421
3330
3363
2814
3337
3279
3412
3281
3168
3413
3317
3435
3408
3335
3269
3314
3366
3176
3299
3362
3358
3246
3372
3276
3305
3302
3291
3165
3226
3385
3285
3397
3400
3251
3268
3239
3339
3380
3401
3406
3449
3449
3251
3098
3419
3320
3347
3361
3366
3339
3350
3401
3423
3436
3182
3425
3387
3303
3191
3330
3395
3305
3228
3384
3318
3445
3296
3410
3283
3231
3280
3268
3280
3217
3163
3202
3230
3273
3314
3229
3369
3360
3139
3273
3219
3303
4764
3284
3213
3222
3221
3299
3401
3327
3418
3352
3346
3273
3282
3288
3249
3302
3362
3434
3396
3353
3428
3332
3319
3204
3493
3375
3190
3269
3288
3370
3342
3339
3254
3446
3346
3352
3344
3151
3404
3260
3269
3193
3295
3413
3388
3313
3394
3319
3283
3198
3356
3250
3288
3287
3370
3354
3358
3334
3170
3375
3406
3300
3333
3342
3455
3383
3231
3426
3368
3339
3229
3409
3320
1371
3363
3284
3307
3404
3294
3385
3384
3332
3279
3323
3374
3353
3437
3439
3329
3210
3385
3387
3320
3277
3237
3354
3268
3160
3400
3349
3206
3363
3305
3286
3306
3494
3361
3223
3294
3315
3383
3245
3340
3109
3386
3269
3374
3345
3397
3379
3394
3215
3490
3205
3342
3086
3442
3415
3319
3334
3375
3355
3312
3393
3260
3214
3413
3301
3346
3316
3280
3215
3450
3372
3373
3321
3383
3397
3369
3393
3323
3239
3336
3107
3474
3389
3383
3294
3214
3247
3326
3305
3336
3316
3356
3417
3266
3362
3308
3406
3280
3264
3377
3207
3237
3325
3346
3393
3289
3344
3152
3303
3323
3340
3368
3322
3329
3419
3231
3287
3323
3408
3225
3312
3255
3149
3253
3388
3301
3390
3326
3424
3256
3231
3366
3458
3303
3096
3374
3137
3323
3336
3364
3315
3267
3448
3404
3389
3289
3382
3402
3126
3318
3358
3370
3412
3359
3208
3386
3379
3171
3558
3299
3275
3484
3332
3493
3206
3309
3464
3221
3246
3366
3231
3333
3348
3314
3387
3311
3186
3339
3373
3415
3287
3302
3380
3274
3393
3205
3375
3390
3440
3351
3351
3432
3261
3263
3307
3437
3239
3309
3245
3296
3368
3347
3339
3402
3421
2983
3425
3208
3366
3403
3414
3396
3329
3280
3314
3438
3353
3378
3405
3408
3402
3367
3280
3351
3330
3353
3245
3339
3356
3353
3162
3398
3283
3065
3384
3365
3357
3420
3302
3070
3320
3433
3372
3328
3441
3287
3280
3325
3435
3379
3306
3355
3242
3407
3369
3402
3484
3250
3386
3306
3254
3444
3225
3427
3392
3267
3281
3327
3327
3331
3430
3245
3251
3216
3301
3178
3292
3387
3301
3344
3419
3344
3320
3385
3300
3363
3191
3272
3330
3107
3323
3228
3202
3375
3294
3268
3370
3481
3369
3372
3323
3270
3446
3345
3309
3307
3394
3356
3455
3327
3492
3313
3400
3407
3357
3352
3325
3247
3189
3406
3355
3319
3400
3382
3200
3266
3288
3239
3418
3317
3394
3169
3313
3316
3378
3382
3386
3421
3294
3220
3353
3317
3358
3312
3361
3342
3310
3277
3340
3310
3385
3421
3462
3036
3371
3391
3156
3423
3286
3411
3312
3459
3241
3293
3407
3347
3347
3375
3375
3333
3379
3286
3329
3272
3258
3250
3315
3414
3347
3448
3325
3309
3282
3335
3164
3322
3405
