-168
-347
-216
-213
-268
-25
-246
17
-254
-252
-309
-209
-263
-211
-285
-185
-199
-152
-262
-269
-232
-90
-133
-246
-248
-119
-174
-217
-191
-198
-132
-218
-69
-199
7
-308
-223
-242
-182
-269
-202
-174
-202
-225
-211
-148
-287
-92
-269
-197
-172
-152
-173
-215
-160
-10
-236
-229
-228
11
-78
-300
-290
-225
-131
-282
-531
41
-246
-278
-224
-235
-174
-76
-244
-159
-233
-223
-290
-306
-182
-325
-282
-254
-378
-281
249
-255
-170
-141
-256
-245
-254
-147
-233
-210
-150
-73
-218
-216
-238
-380
-135
-217
-226
-227
-139
-262
-260
-187
-239
-203
-221
-234
-180
-244
-227
-162
-402
-195
-272
-320
-26
-173
-225
-288
-155
-362
-100
-181
-341
10
-264
-196
-218
-232
-170
-190
-195
-293
-176
-155
-6
-127
-305
-164
-239
-174
-245
-246
-210
-169
-249
-184
-188
-173
127
-216
-242
-84
-271
-215
-145
-286
-260
-216
-148
-65
-190
-219
-269
-215
150
-186
-147
-258
-164
-239
-226
-257
-480
-304
33
-266
-215
-355
-172
-81
-134
-287
-262
-158
-221
-316
-217
-210
-402
-118
-271
-242
-280
-342
-110
-276
-149
-283
-331
-195
-49
-226
-207
-157
-186
-215
-637
-195
-170
-229
-276
-305
-214
-140
-173
-153
-220
-185
-156
-141
-27
-148
-209
-156
-265
-214
-414
-333
-98
-289
-206
-231
-37
-222
-231
-216
-265
-84
-225
-289
-191
-160
42
85
-3
-137
-297
-347
-201
-105
-173
-251
-239
-208
-173
-178
-203
-203
-262
-220
-232
-191
-248
-54
8
-242
-91
-301
-246
-291
-106
-185
-224
-242
-199
-286
-279
-172
-324
-123
-162
-329
-213
-36
-236
-223
265
-223
-196
-199
-306
-259
-183
-250
-293
-234
-148
-173
-317
-388
-134
-193
-256
-43
-254
-345
-400
-189
-230
-175
-240
-267
-112
-136
-200
-313
-265
-139
-252
-400
-72
-209
-169
-247
-309
-246
-212
-114
-238
-287
-158
-184
-272
-296
-461
-150
-167
-167
-183
-201
-167
-331
-51
-304
-207
-259
-191
-153
-73
-238
-252
-208
-233
-199
-196
-229
-282
-218
-327
-425
-78
-321
-151
-286
-149
-237
-285
-274
-234
-241
-268
-236
-230
-229
-206
-210
-201
-26
-250
-255
-321
-243
-283
-225
-184
-242
-194
-277
-314
-162
-214
-235
-231
-115
-212
-268
-192
-235
-227
-237
-257
-174
-289
-203
-247
-129
-278
-253
-203
-187
-352
-260
-184
-364
-116
-98
-232
-224
-404
-139
-263
-74
-237
-190
-136
-179
-205
-251
-172
-181
-251
-80
-287
-230
-212
-329
-267
-116
-107
256
-204
-276
-127
-199
-23
-70
-268
-287
-282
-165
-211
-215
-181
-291
-209
42
-262
-94
-118
-134
-30
-281
-181
-200
-246
-251
-209
-219
-123
-332
-121
-124
-185
-146
-186
-177
-217
-234
-276
-320
-176
-256
-445
-213
-248
-228
-236
-119
-104
-287
-256
-148
-146
-238
-318
-240
-245
-240
-4
-230
-34
-263
-178
-204
-204
0
-273
-181
-196
-240
-231
-152
-235
-407
-237
-192
-310
-209
-146
-167
-232
-271
-199
-393
-162
-183
-219
-100
-346
-276
-90
-280
-269
-178
-256
-163
-271
-351
-197
-235
-245
-124
-244
-263
-259
-184
-107
-216
-258
-278
-142
-252
-227
-199
-184
-201
-107
-242
-199
-413
-223
-212
-196
-149
-234
-167
-191
-180
-306
-310
85
-340
-232
-275
-155
-230
-264
-269
-96
-143
-202
-266
-267
-117
-271
-221
-231
-171
-213
-173
-311
-299
-86
-160
-145
-19
-253
-144
-172
-122
-292
-152
-177
-238
-257
-207
-297
-299
-245
-318
-198
-230
-235
-265
-165
-245
-382
-152
-90
-206
-161
-90
-193
-250
-244
-174
-149
-64
-217
-188
-223
-232
-91
-209
-118
-331
-197
-241
-179
-216
11
-136
-361
59
-208
-242
-175
-227
-207
88
-202
-149
-85
32
-286
-150
-181
-224
-163
-343
-29
-249
-188
-184
-136
-332
-298
-284
-182
-238
-252
-64
-200
-200
-309
-70
-382
-121
-201
-201
-140
-265
-109
-131
-291
-216
-223
-44
-209
-323
-208
-336
-208
-178
-255
-164
-156
-253
-219
-63
-302
-119
-147
-194
-328
145
-197
-244
-200
-234
-236
-163
-307
84
-139
-124
-298
-371
34
-310
-250
-222
-415
-311
-192
-221
-229
-151
-244
-115
-210
-333
-153
-221
23
-220
-263
-129
-5
-270
-189
-197
10
-259
-249
-226
-211
-268
-380
121
-232
-291
-245
-193
-127
-254
-46
-250
-241
-214
-227
-159
-187
-83
-208
-57
-4
-329
-278
-161
-150
-140
-230
-172
-311
-292
-358
-363
-69
-132
-257
-219
0
-220
-326
-147
-202
-133
-249
-136
-224
-119
-144
-165
-281
-160
-187
-197
-352
-192
-156
-203
-216
-288
-265
-224
-341
-370
-265
-258
-242
-207
-84
-193
-200
-199
-43
-284
-76
-237
-171
-234
-281
-275
-116
-315
-204
-198
13
-115
-292
-320
63
-157
-145
-273
-188
-140
-188
-284
-188
-277
-273
-198
-229
-286
-211
-232
-220
-246
-94
-242
-297
-24
-167
-251
-300
-323
-185
-253
-321
-229
-259
-252
-294
-173
-196
-205
-279
-175
-184
-135
-235
-106
-300
-224
-53
-160
-239
-222
-18
-294
-381
-235
-211
-171
-325
-174
-196
-232
-234
-217
-190
-149
377
-116
-361
-257
-190
-249
-203
-249
-125
-21
92
-215
-216
-14
-284
-101
-103
-204
-102
-229
-188
-204
-265
-233
-86
-111
-259
-199
-79
-279
-174
-207
-237
-257
-239
-344
-42
-214
-139
-163
-253
-212
-200
-23
-207
-237
-307
-184
-299
-184
-198
-332
-148
-58
-257
-254
-253
-261
-229
-248
-200
-255
-149
-192
-12
-82
-281
-296
-41
-281
-191
-224
-244
-149
-270
-70
-180
-131
-161
-322
-271
-242
-267
-145
-254
-186
-192
-254
-250
-12
-285
-112
-220
-137
-379
-203
-26
-311
-244
-19
-308
-248
-286
-254
-190
-248
145
-429
-183
-243
-230
-296
-231
-281
-221
-223
-288
-174
-132
-158
-90
-306
-159
-183
-52
-162
-286
5
-128
-248
-110
-96
-117
-279
-161
-202
-95
-429
-269
-92
-234
-325
-246
-268
-76
-192
-132
-185
-200
-266
-184
-199
-222
-197
-249
-43
-166
-182
-295
-140
-303
-157
-184
-251
-60
-293
-175
-215
-184
-204
-289
-290
-343
-288
-132
-17
-146
-249
-17
-77
-223
-290
-220
-182
-305
-295
-126
-332
-272
-220
-224
-182
-169
-193
-303
-179
-123
-85
-236
-164
-264
-238
-235
-255
-434
-144
-135
-220
-170
-208
-256
-181
-298
-229
-219
-362
-327
-320
-374
-270
-224
-231
-87
-187
-214
-176
-261
-141
-140
-200
-82
-214
-90
-336
-67
-208
-176
-132
-231
-180
-280
-331
-153
-62
-149
-157
-356
-99
-301
-124
-231
-186
-306
-264
-168
-181
-166
-242
-117
-272
-320
-205
-133
-217
-274
-304
-178
-258
-219
-172
-204
-273
-308
-240
-262
-99
-303
-43
-316
-185
-296
-241
-182
-219
-113
-219
-295
-236
-216
-262
-268
-170
-337
-412
-264
-246
-263
-292
-226
-289
2
-255
-246
-248
-209
-207
-328
-216
-172
-141
-156
-285
-365
-147
-238
-173
-324
-251
-225
16
-232
-219
-226
-138
-62
-353
-207
-293
-217
-300
-162
-325
-191
-112
-156
-98
-157
-119
-348
-142
-170
-155
-85
-332
-280
-144
-230
-149
-255
-224
-13
-236
-156
-112
-191
-144
-264
-254
-208
-178
-212
-253
-213
-290
-77
-256
-186
-229
-193
-263
-222
-269
-190
-279
-220
-137
-171
-222
-156
-207
-326
-274
-305
18
-197
-325
-279
-325
-96
-220
-229
-258
-214
-388
-198
-141
-276
-229
-173
-196
32
-233
-248
-252
-259
-208
-271
-231
-253
-323
-291
-158
-94
-182
-313
-299
-123
-258
-286
-134
-259
-296
-215
-205
-228
-278
-263
-158
-206
-242
-268
-358
-319
-155
-244
-107
-149
-208
-195
-136
-162
-161
-263
-336
779
-218
-164
-129
37
-215
-261
-126
-178
-208
-170
-191
-260
-128
-275
-248
-276
-346
-205
-335
-280
-197
-204
-241
5
-110
-140
-220
-114
-134
-327
-10
-225
-285
-205
-261
-270
-176
-367
-239
-307
-190
-174
-178
-162
138
-253
-198
-214
-113
-209
-251
-223
-145
-275
-186
-261
-286
-223
-146
-222
-275
-292
-367
-81
-390
-126
-234
-276
-233
-189
4
-127
-248
-326
-79
-434
-222
-223
-255
-251
-301
-159
-275
-303
-264
-265
-107
-136
-306
-310
-228
-216
-312
-180
-82
-189
-190
28
122
-227
-184
-215
-266
-199
-205
-231
92
-182
-129
-155
-238
-205
-229
-195
-187
-262
-133
-235
-241
-160
-162
-355
-262
-193
-216
-241
-163
-191
-216
-315
-268
-248
-286
-257
-158
-131
-241
-208
-192
-260
-177
-261
-223
-167
-289
-324
-281
-288
-273
-275
-114
-168
-365
-227
-251
-239
-194
-11
-263
-235
-126
-293
-218
-106
-174
-216
-66
-177
-147
-356
-166
-171
-191
-218
-164
-304
-228
-155
-290
-186
-279
-219
-220
64
-208
-237
-217
-181
-224
-145
-193
-108
-90
-295
-212
-25
-225
-144
-214
-297
-219
-237
-237
-239
-245
-175
-193
-193
39
-167
-271
-71
-223
-166
-211
-98
-252
-209
-97
-212
-281
-312
-274
-242
-265
-199
-225
-183
-251
-199
-207
142
-134
-240
-148
-260
-302
-228
-112
-96
-264
-245
-229
-391
-271
-310
-286
-222
-242
-197
-129
-196
-388
-70
-269
-117
-274
-175
-73
-226
-254
-202
-252
63
-229
-230
-232
-291
-248
-254
-193
-266
50
-318
-355
-155
-328
-299
-379
-219
-299
-196
-280
-203
-148
-230
2
-143
-278
21
-243
-235
-281
-102
-141
-209
-175
-177
-269
-196
-131
-214
-171
-289
-108
-65
-283
-160
-223
-316
-172
-136
-276
-299
-113
157
-222
-189
-205
-210
-313
-75
-285
-149
-219
-169
-322
-210
-67
-277
-156
-258
911
-56
-316
-185
13
-280
-239
-262
-224
-51
-294
-102
-218
-248
-223
-142
-195
-195
-217
-264
-234
-91
-297
-303
-115
-186
-283
-136
-324
-266
-137
-286
-111
-195
-250
-200
-293
-282
-198
-292
-219
-61
-88
-276
-246
-247
-203
-182
-274
-213
-115
-118
-245
-258
-275
-222
-181
-96
-257
-239
-309
-171
-200
-288
-177
-222
-264
-97
-219
-53
-401
-383
-241
-192
-256
-179
-319
-39
-156
-217
-334
-282
-258
-259
-205
-110
-198
-252
-197
-198
-236
-221
-366
-239
-181
-179
-256
-173
-230
-69
-290
-318
-243
-212
-218
-216
-15
-331
-343
-89
-305
-369
-6
82
-230
-173
-360
156
-268
-190
-193
-222
-191
-283
-136
-214
-233
-317
-245
-116
-225
12
-59
-116
-155
-209
-298
-281
-300
-183
-194
-301
-169
-247
-187
-323
-168
-276
-284
-321
-252
-139
-263
-243
-254
-267
-200
-159
-271
-125
-281
-162
-285
5
-106
-191
-72
-177
-153
-235
-188
73
-361
-178
-139
-121
-290
-244
-361
-101
-144
-288
-255
-235
-248
-177
-212
-312
-183
-192
-357
-254
-198
-311
-263
-209
-139
-170
-80
-237
-54
-245
-318
-229
-160
-313
-360
-328
-269
-404
-119
-218
-38
-233
-130
-130
-258
-344
-155
-299
-202
-262
-86
-244
-253
-251
-174
-291
-52
-202
-267
-178
-202
-246
-290
-64
-107
-179
-179
-332
-170
-329
-166
-84
-148
-421
-46
-234
-212
-265
-292
-162
-217
-466
-184
-145
-192
-235
-166
-238
-114
-249
-253
-291
-130
-276
-235
-249
-150
-253
-229
-204
-309
-183
-270
208
-231
-173
158
-244
-139
-228
-282
-85
-158
-333
-154
-278
-205
-252
121
-251
-212
-309
-221
-334
-42
-296
-258
-235
-283
-179
-215
-115
-190
-244
-66
-270
-204
-284
-51
-309
-182
-237
-171
22
-256
-212
-318
-197
-189
-164
-227
-264
-272
-196
-63
-296
-118
-189
-255
-55
-87
91
-140
-342
-195
-261
-324
-228
-266
-291
-156
-323
-169
-259
-141
-327
-200
-116
-240
-261
-273
-216
45
-42
-312
-177
-303
-221
-216
-231
-131
-171
-258
-129
-167
-227
-98
-327
-106
-206
-250
-199
-191
-201
-154
-78
-207
-248
-281
-183
-180
-181
-115
-371
-274
-150
-166
-151
-226
-174
-228
-277
77
-199
-221
-229
-259
10
-207
-40
-144
-245
-279
-270
-192
-236
-247
-199
-301
-257
-107
-81
-294
-201
-146
-48
-198
-292
-174
-186
-178
-278
-314
-203
-239
-293
-148
-220
-241
-150
-187
-323
-320
-200
-195
-138
-94
-12
-252
-215
-187
-99
-144
-149
-239
-316
180
-293
-283
-134
-243
-240
-242
-334
-134
-168
-132
-123
-184
-152
-335
-207
-356
-28
-306
-186
-320
-196
-183
-192
-208
-112
-272
-212
-254
-180
-262
-155
-162
-85
-152
-254
-166
-115
-183
-115
-264
-320
-289
-252
-89
-198
-270
-120
-235
-191
-205
-178
-297
-322
-296
11
-269
-151
-117
-231
-196
-255
-223
-189
-160
-215
-253
-55
-212
221
-242
-259
-205
-292
-162
-283
-220
-151
-224
-282
-149
-272
-177
-241
-229
-103
-216
-279
-70
-96
-338
-217
-144
-202
-163
-245
-326
-197
-264
-175
-337
-189
-249
-275
-108
-258
-234
-253
-227
-248
-169
-160
-203
0
-276
-225
-266
-179
-237
-271
-71
-230
-176
-291
11
-48
-262
-299
-276
-293
-163
45
-191
-104
-215
-277
-134
-389
-234
-160
-50
-250
-191
-185
-195
-239
-293
-161
-219
-312
-189
-251
-129
-204
-234
-86
-138
-31
-128
-204
-271
-165
-217
-237
-232
-236
-61
-176
-168
-354
-229
-252
-303
-245
-141
-169
-400
-193
-282
-276
-98
-153
-160
-206
-173
-171
-182
-204
-166
-250
-390
-262
-17
-253
-216
-494
-300
-223
-250
-211
-197
-194
-194
-216
-163
-265
-234
-269
-253
-193
-377
-179
-266
-234
-305
-171
-113
-251
-222
-92
-280
-281
-199
-193
-130
-210
-191
-206
-356
-257
-248
-237
-300
-182
-156
-161
-211
-146
-164
-182
-214
-285
-249
-1
-147
-212
-248
-174
-227
-275
-255
-162
-103
-249
-251
-382
-289
-175
-215
-190
-168
-271
-116
-179
-199
-169
-222
-218
-170
-190
-217
-219
-149
20
-226
-330
-38
-289
-241
-167
-189
-151
-249
-201
-150
-222
-184
-206
-115
-182
-307
-241
-244
-236
-289
-220
-227
-301
-181
-224
-55
-65
-138
-98
-304
-165
-151
-261
-289
-184
-303
-157
-177
-242
-199
-273
-154
-214
-382
-274
-300
-54
-244
-190
-281
-175
-175
-347
196
-192
-305
-200
-254
-176
-77
-220
-322
-21
-9
-316
-219
-268
-198
-162
148
-243
-219
-316
-329
-275
-266
-225
-201
-155
-305
-224
-229
-227
-32
-200
-228
-239
-63
-305
-148
-192
-226
-209
-290
-270
-154
-57
-380
-212
-163
-223
-141
-18
-185
16
-230
-213
-64
-235
-212
-148
-113
-199
-251
-286
-88
-220
-311
-193
-35
-298
-221
-272
-165
-158
-160
-206
-209
-235
-253
-328
-224
-194
-259
-183
-268
-519
-188
-202
-213
-238
-235
-243
-254
-203
-319
-283
24
-266
-225
-247
-201
-182
-91
427
-172
-141
-210
-303
-300
-277
-271
-173
-272
-325
-81
-269
-348
-241
-186
-255
-310
-257
-187
-172
-199
-58
-252
-251
-191
-200
-206
-251
-264
-281
-183
-325
104
-62
-190
-230
-222
-286
-361
-99
-228
-409
-248
-260
-311
-306
-243
-174
-43
-211
-134
-152
-309
-146
55
-243
-170
-149
-181
-152
-274
-346
-222
-242
-162
-150
-255
-108
-259
-192
-153
-190
-255
-286
-269
-248
-193
-701
-243
-92
-250
-255
-249
-119
-318
-332
-129
-91
-194
-331
-295
-286
-290
-283
-249
-326
-216
-255
-104
-239
-204
-49
-213
-227
-165
-208
-249
-264
-220
-110
-210
-137
-250
-100
-85
-123
-188
-170
-365
-163
-202
-266
-210
-240
-159
-323
-223
-158
-15
-246
43
-282
-252
-184
-184
-90
-237
-234
-126
-217
-57
-213
-119
-298
-174
-333
-327
-199
-178
-291
-273
-367
-377
-124
50
-157
-203
-92
-113
-303
-60
-142
-124
-291
-117
-233
-258
-282
-340
-323
-185
-236
-290
-243
-210
-101
-199
-236
-199
-136
-216
-217
-153
-127
-261
-157
-238
-270
-245
-154
-273
-146
-286
-207
-194
-192
-263
-112
-179
-262
-252
-284
-85
-283
-306
-172
-140
-195
-224
-227
-444
-168
-176
-193
255
-131
-27
-368
-216
12
-135
-304
-120
-255
-252
-181
-172
-177
-237
-319
-190
-209
-231
-170
-229
-173
-70
-390
-202
-288
-240
-309
-181
-74
-267
-134
-249
-184
-292
-316
-208
-178
-81
-289
-265
-296
-191
-257
-197
-201
-314
-238
-258
-252
-206
-125
-180
-252
-187
540
-191
-261
-275
-263
-70
-252
-216
-377
-282
-142
-229
-146
-127
-291
-233
-334
-278
-321
-149
-308
-278
-175
-284
-140
-282
-27
-282
-287
-60
-297
-227
-90
-59
-182
-307
-265
-141
-195
-122
-118
-297
-303
-290
-266
-230
-289
-268
-323
-166
-219
-286
-118
-288
-201
-108
-324
-131
-19
-270
-156
-278
-217
-177
-171
-326
-204
-265
-32
-176
-262
-391
-195
-248
-41
-62
-263
-217
-245
-283
-225
-152
-247
71
-115
-241
-247
-219
122
-260
-130
-50
-457
-146
-331
-266
-202
-226
-227
-269
-186
-213
-252
-273
-155
-189
-81
-275
-201
-368
-324
-310
-277
-230
-135
-233
-328
-178
-497
-280
-318
-14
-173
-45
-164
-194
-239
-230
-886
-276
-68
-250
-203
-291
-160
-181
-403
-217
-215
-176
-234
-371
-205
-211
-248
-145
-46
-219
-191
-215
-265
-184
-311
-168
-215
-190
-228
-259
-185
-95
-32
-99
-244
-171
-244
-16
-244
-256
-258
-305
-297
-243
-156
-165
-182
-296
-249
-194
-140
-230
-80
-137
-138
-199
-255
-180
-298
-240
-92
-280
-166
-215
-168
-35
-115
-214
-97
-232
-215
-170
-119
-322
-198
-278
683
-276
-70
-226
-199
-209
-193
-271
-250
-42
-199
-217
-202
-265
-162
-253
-196
-172
-230
-314
-127
-233
-204
-186
27
477
-262
-165
-267
-201
-173
-170
-261
-205
-205
-173
-87
-109
-258
-257
-354
-350
