3547
3550
3337
3374
3404
3494
3417
3539
3570
3457
3377
3365
3311
3269
3581
3331
3325
3401
3499
3451
3518
3330
3493
3370
3394
3346
3231
3457
3233
3466
3542
3364
3372
3475
3568
3537
3458
3526
3368
3259
3572
3448
3532
3418
3566
3400
3502
3638
3603
3522
3493
3507
3339
3175
3271
3315
3473
3160
3595
3322
3495
3352
3034
3354
3496
3394
3467
3429
3418
3437
3557
3529
3498
3287
3523
3190
3461
3099
3299
3360
3598
3635
3478
3457
3241
3375
3398
3511
3516
3523
3352
3437
2406
3358
3306
3350
3026
3293
3535
3539
3578
3575
3491
3400
3374
3025
3439
3520
3390
3324
3369
3469
3318
3416
3534
3400
3469
3579
3511
3293
3384
3217
3390
3400
3071
3233
3407
3182
3448
3392
3623
3388
3091
3345
3474
3536
3468
3283
3444
3168
3538
3528
3505
3554
3374
2747
3539
3379
3365
3246
3456
3352
3119
3510
3556
3389
3501
3327
3523
3109
3471
3572
3453
3549
3458
3498
3499
3331
2994
3495
3561
3444
3240
3456
3530
3143
3332
3409
3319
3411
3376
3533
3470
3516
3544
3456
3525
3352
3481
3439
3590
3274
3273
3428
3399
3462
3594
3232
3344
3273
3452
3478
3041
3397
3456
3320
3512
3312
3486
3341
3375
3574
3331
3378
3521
3194
3197
3510
3240
3431
3496
3342
3491
3341
3404
2822
3278
3375
3560
3464
3327
3571
3403
3554
3569
3430
3367
3305
3512
3242
3400
3610
3519
3405
3406
3208
3362
3345
3275
3083
3407
3290
3420
3587
3518
3330
3089
3364
3460
3400
3620
3516
3658
3505
3426
3129
3504
3381
3494
3559
3475
3483
3403
3487
3630
3606
3166
3478
3390
3440
3143
3509
3571
3231
3446
3403
3441
3525
3484
3539
3276
3300
3443
3389
3377
3169
3203
3239
3430
3449
3529
3415
3521
3502
3230
3470
3325
3468
3082
3419
3381
3143
3274
3425
3551
3405
3538
3508
3378
3076
3394
3313
3208
3385
3498
3565
3400
3515
3572
3464
3294
3172
3517
3489
3440
3461
3425
3541
3514
3473
3323
3686
3305
3571
3346
3144
3569
3471
3412
3455
3372
3626
3535
3235
3530
3487
3389
3352
3459
3377
3492
3391
3314
3344
3444
3520
3256
3528
3468
3341
3484
3462
3604
3465
3432
3508
3506
3485
3385
3560
3481
1530
3483
3428
3427
3461
3292
3523
3507
3514
3297
3394
3410
3317
3551
3647
3417
3202
3426
3487
3486
3250
3233
3515
3224
3311
3523
3446
3371
3533
3419
3412
3498
3604
3470
3297
3373
3504
3423
3247
3433
3088
3537
3380
3410
3391
3464
3341
3424
3100
3512
3261
3325
3203
3507
3613
3383
3466
3474
3496
3390
3553
3289
3094
3508
3459
3384
3455
3434
3249
3547
3512
3553
3455
3604
3541
3462
3521
3342
3404
3449
3053
3615
3493
3472
3262
3259
3381
3403
3492
3530
3336
3515
3641
3337
3425
3337
3475
3399
3247
3489
3337
3106
3440
3373
3452
3383
3506
3351
3486
3418
3410
3364
3523
3549
3439
3240
3343
3504
3378
3330
3464
3410
3243
3309
3562
3339
3500
3531
3595
3218
3393
3485
3595
3424
3138
3554
3168
3434
3455
3499
3157
3480
3470
3434
3528
3421
3448
3483
3224
3453
3306
3635
3473
3485
3325
3474
3474
3262
3743
3332
3267
3527
3365
3566
3247
3433
3481
3268
3403
3545
3241
3384
3492
3506
3507
3498
3264
3570
3553
3604
3470
3479
3562
3287
3504
3289
3514
3490
3576
3488
3550
3494
3132
3307
3402
3625
3188
3507
3462
3343
3504
3497
3356
3490
3553
3056
3601
3419
3593
3563
3581
3566
3504
3306
3382
3521
3489
3513
3362
3396
3518
3577
3495
3519
3347
3542
3375
3377
3509
3562
3242
3527
3225
3073
3467
3293
3554
3518
3288
3187
3494
3607
3492
3454
3487
3479
3369
3456
3506
3405
3246
3387
3231
3527
3367
3577
3564
3251
3569
3346
3293
3520
3256
3532
3422
3410
3532
3411
3390
3567
3417
3350
3319
3164
3341
3287
3545
3473
3429
3430
3533
3458
3521
3525
3376
3490
3357
3398
3400
3031
3548
3462
3238
3485
3445
3324
3407
3574
3481
3553
3503
3314
3471
3518
3437
3272
3588
3489
3530
3498
3527
3421
3537
3524
3448
3421
3337
3390
3199
3581
3472
3368
3527
3424
3305
3321
3346
3441
3632
3397
3507
3356
3443
3365
3472
3453
3520
3607
3468
3222
3502
3565
3518
3431
3534
3374
3452
3450
3424
3470
3430
3582
3736
3103
3445
3512
3295
3572
3302
3531
3403
3579
3451
3403
3463
3419
3463
3458
3547
3573
3504
3425
3451
3392
3331
3291
3478
3485
3330
3456
3412
3490
3406
3455
3277
3399
3549
