-171
-263
-239
-197
-58
-266
-278
-44
-130
-242
-286
-63
-262
-198
-188
-212
-287
-203
-296
-134
-223
-322
-535
-217
-275
-168
-116
-207
-196
-240
-303
-233
-228
-242
-225
-66
-191
-47
-131
310
-167
-141
-245
-182
-142
-242
-236
-85
-118
-247
-188
-187
-324
-175
-300
-148
-241
-249
-166
-251
132
-242
-218
-122
-198
-152
-324
-109
-111
-325
-125
-119
-248
-242
-139
-424
-242
109
-217
-172
-193
-260
-104
-113
-309
-196
-168
-251
-44
-250
-210
-231
-231
-186
-279
104
-212
-255
-222
-229
-201
-293
-222
-101
-261
-232
87
-235
-157
-109
-99
-190
-180
-217
-210
-152
-214
-177
-186
-311
-272
-235
-259
-128
-219
9
-208
-229
-185
-233
-289
-262
-199
-267
-73
-205
-239
-122
-267
-154
-117
-93
-161
-645
-246
-216
-144
-316
-43
-89
-217
-202
-156
-82
-144
-265
-268
220
-345
-174
-391
-206
-224
-210
-200
-189
-235
-222
-188
-198
-245
-309
-251
-243
178
-22
-158
140
-272
-188
-239
-310
-244
-170
-220
-205
-149
-292
-90
-182
-234
-83
-397
-177
-271
-208
-159
-311
-162
-210
-277
-60
-257
-252
-282
-276
-223
-208
-225
-227
-116
-198
-279
-144
-329
-237
-148
-262
-110
-258
-219
-221
-264
-245
-195
-253
-221
-113
-248
-249
-156
-229
-232
-205
-113
-73
-289
-93
-218
-268
-205
1218
-165
-256
-243
-136
-264
-365
27
-215
-17
-251
-193
-199
-292
-245
475
-226
-369
-179
-205
-194
-4
-322
-211
-247
-240
-166
-231
-202
-123
-362
-246
-204
-285
-154
-319
-176
-274
-250
-207
-190
-70
-218
-267
-168
-273
-244
-186
-263
-294
-316
-207
-266
-164
-300
-246
-245
-195
-252
-255
-149
-224
-212
458
-248
-186
-201
-216
-221
-272
-278
-382
157
-213
-243
-92
-201
-210
-296
-337
-208
-265
-260
-241
-202
-222
-215
-124
-210
-207
-430
-262
-245
-195
-261
-169
-163
-225
-242
-205
-255
-186
-2
-223
-271
-248
-166
-251
-203
-212
-213
-231
-252
-198
-295
-339
-284
-70
-233
-231
-265
38
-258
-295
-240
-272
-292
-342
-225
-104
-197
-78
-183
-258
-239
-78
-64
-256
-183
-157
-236
-138
-213
-149
-33
-186
-217
-196
-206
-119
-212
-150
-185
-247
-128
-254
-230
-84
-149
24
-267
-277
-251
-152
-222
-17
-177
-207
-49
-242
-196
-228
-118
-308
-173
-176
-207
-200
-225
-266
-206
-205
-288
-192
-274
-73
-270
-218
-120
-211
-251
-290
-196
-262
-208
-274
-151
-188
-199
-235
-220
-211
-204
-581
-240
-276
-319
-211
-205
-216
-350
-186
-228
-257
-244
-280
-75
-171
-203
-243
-268
-107
-234
-236
-378
-291
-61
491
-158
-287
252
-213
-158
-332
-125
-169
-304
-257
-146
-169
-223
-307
-354
-216
-167
-312
-141
-231
-86
-83
-364
-224
-282
-205
-323
-158
-146
34
-203
-214
-214
-153
46
-308
-226
-196
-202
-171
-307
-221
-203
-253
-189
-10
-249
-213
-213
101
-177
-264
-221
-149
-186
-205
-228
-174
-328
-235
-263
0
-154
-227
-197
-152
-245
-283
-200
-290
-217
-270
-254
-310
-235
-128
-279
-73
-367
-246
-284
-443
-271
-216
-250
-93
-207
-203
-239
-121
-292
-266
-212
-253
-125
-194
-241
-127
-205
-161
-172
-213
-216
-5
-229
-212
-255
-252
-157
-138
-198
-286
-291
-95
-252
-199
-255
-151
-220
-195
-249
-114
-170
-200
-58
-282
-286
-234
-296
-101
-255
-289
-600
-355
-158
-241
-195
-360
-288
-133
5
-243
-211
-225
-71
-254
-247
-234
-236
-378
-243
-22
157
-117
-90
-127
-6
-252
-249
-209
-213
-135
-167
-223
-218
-298
-221
-151
-250
-173
-164
-251
-263
-261
-264
13
52
-278
-287
-84
126
-203
-204
-105
-208
-139
-249
-104
50
-125
-27
-243
-216
-279
-276
-235
-259
-262
-374
-77
-240
-380
-177
-280
-183
-251
-216
-178
-233
-180
-328
-221
-166
-197
-221
-220
-178
-165
-277
-239
-176
-289
-149
-197
-432
-173
-36
-176
-207
-117
-185
-150
-211
-268
-239
-271
-273
-181
-308
-205
-99
-300
572
-283
-138
-294
-183
-79
-87
-511
-130
-243
-206
-293
-264
-255
-193
-248
-141
-186
-147
-79
378
-253
-348
-228
-329
-112
-267
-247
-145
-202
-288
-190
-131
-238
-354
-214
-284
-271
-268
-112
-185
-174
-247
-210
-116
-143
-130
-222
-151
-217
-133
-165
-232
-233
-193
-205
-245
-76
-229
-167
-153
-173
-358
-213
19
-175
-55
-257
-169
-186
-188
-209
-262
-156
-96
-32
-155
-58
-278
-312
-132
-143
-396
-257
-250
-157
-203
-263
-229
-112
-179
-195
-248
-225
-57
-151
-157
-237
-231
3
-166
-258
-271
-238
-45
-347
-362
-259
-188
-204
-303
-266
-492
-236
-197
-240
-227
-151
-287
-334
-660
-250
-291
-152
-237
-263
-404
-166
-240
-450
-213
-104
-206
468
-229
-234
-360
-244
-274
-250
-270
-235
-310
-167
-171
-186
-169
-205
-243
-203
346
-334
-162
-149
-156
-340
-283
-219
-296
-92
-270
-260
-146
-281
-86
-357
-304
-184
-236
-102
-213
-41
-289
-246
-211
-265
-89
-340
-169
-224
-164
-230
-177
-247
-313
-196
-238
-286
-327
-365
-185
-178
-142
-291
-200
-159
-212
-170
-270
-183
-184
-128
-111
-257
-185
-258
-212
-204
-242
-223
-229
-196
-54
-177
-214
-169
-175
-248
-194
-239
-236
-209
-218
-222
-295
-237
-147
-196
-253
-248
-736
-186
-239
-253
-289
-238
-185
-234
-104
-288
-280
-210
-222
65
-263
-223
-299
-187
-249
-494
-302
-385
-196
-147
-152
-192
-206
-163
-165
-193
-218
-202
16
-119
-194
-68
-202
-54
-318
-350
-137
-289
-251
-122
-165
-83
-247
-234
-197
-201
-236
-219
-215
-230
-304
-334
-298
-45
-287
-225
-214
-121
-138
-239
-221
-275
-111
-245
-223
-165
-142
-229
-250
-246
-286
-197
-242
-280
-279
-277
-150
-263
-38
-196
-143
-199
-120
-302
-295
-222
-223
-80
-241
-250
-232
-176
-342
-249
-318
-193
-211
-84
87
-206
-288
-195
-290
-308
-230
-272
-153
-193
176
-204
-246
-223
-273
-304
-187
-177
-250
-165
-331
-247
-185
-205
-197
123
-217
-234
-98
-574
-158
58
-79
-82
-195
-277
-185
-235
-260
-138
-210
-303
-129
-254
-186
-278
-84
-174
217
-168
-207
-258
-109
77
17
-282
-236
-287
-192
-244
-292
-190
-309
-140
-208
-286
-191
-233
-212
-152
-283
-336
134
-258
0
178
-148
-16
-222
-250
-132
-310
-367
-259
-277
-198
46
-120
-208
-184
-245
-217
-115
-262
-279
-289
-178
-104
-258
77
-256
-191
-221
-194
-200
-127
-264
-6
-312
-319
-203
-161
-152
-149
-212
-255
-235
-212
-309
-98
-217
-224
-237
-180
-290
-400
-120
1059
-258
-281
-353
-169
-168
-287
-99
-161
-209
-304
38
-201
-266
-212
-188
-384
-110
-40
-168
-331
-181
-84
-300
-263
-196
-189
-535
-213
-211
-362
-206
-272
-248
-185
-300
-192
-208
-168
-161
-49
-256
-281
180
-227
-231
-276
-316
-164
-249
-294
47
-283
-251
-297
80
-210
-241
-334
-160
-227
-137
-316
-101
-457
-163
-185
-190
-241
-301
-191
-248
-224
-169
-210
-320
-172
-170
-251
-231
-272
791
-182
-203
512
-315
-185
-271
-138
-256
-221
-201
-233
-292
23
-167
-141
-180
-260
-117
-276
-91
-244
-81
-278
-203
-254
-112
-290
-302
-336
-231
392
-278
-7
-148
129
-140
-198
-266
-171
-153
-287
-181
39
-224
-143
-274
-148
-257
-285
-186
-297
-173
-220
-21
-198
-249
-238
-46
-186
-245
-274
-162
-243
-180
-268
-228
-116
-167
-334
-225
-229
-212
-216
-261
-186
-167
-230
-214
-256
-360
-246
-262
-212
-265
-216
-290
-223
-234
-320
-238
68
-253
-233
-216
-129
-260
-106
-370
-213
-213
-225
-238
-142
-175
-230
-65
-148
-222
-214
-108
-301
-151
-295
-185
-192
-301
-229
-232
-258
-232
-225
-220
-129
-120
-206
-248
-313
-223
-217
-291
-297
-297
-244
-235
-253
-250
-149
-157
-227
-73
-204
-233
-217
-44
-138
-186
-258
-152
-248
-272
-322
-316
-191
-279
-281
-322
-92
-175
-236
-196
-298
-233
-276
-255
-232
-322
-252
-214
-347
-176
-226
-237
-220
-210
-65
-247
-37
-274
-200
-221
-254
-150
-480
-221
-391
-276
-221
-247
-157
-225
-37
-220
-307
-317
32
-347
-83
-258
-99
-245
-246
-292
-225
-237
-346
-98
-360
-201
-210
-235
-313
-265
-152
-217
-275
-41
-82
-234
474
23
-268
-268
-283
-177
-225
-297
-304
-192
-244
-109
-148
-160
-214
-215
-214
-273
-191
-153
-36
-180
-315
-326
-102
-154
-293
-6
-148
-216
-214
-291
-203
-181
-194
-77
-294
-137
-279
-192
-233
-227
-298
-251
-174
-255
-131
-89
-177
-192
-167
-231
-251
-202
-330
-184
-184
-252
-325
-288
-124
-226
-106
-174
-214
-199
-240
-275
-174
-222
-483
-194
-218
-214
-285
-145
-165
-232
-187
-165
-171
-259
-285
-271
-239
-258
-11
-243
-298
-173
-288
-225
-139
-171
-266
-220
-276
-194
-271
-188
-193
-296
-113
-195
-279
-291
-74
-28
-340
-281
-322
1
-183
-261
-494
-252
-168
-221
-297
-238
-44
-244
-293
-293
-133
-77
-283
-111
-267
-213
-262
-127
-195
-217
-145
-243
-341
-280
-267
-230
-127
-191
1033
-223
-183
-236
-146
-337
-135
1012
-165
-200
-211
-164
-108
-202
-628
-240
-208
-127
-217
-257
279
-216
65
-290
-88
-348
-142
-164
-227
-254
-336
-468
-310
-152
-422
-36
58
-133
-279
-307
-262
-266
-249
-223
-216
-312
-145
-181
-293
-145
-23
-180
-250
-279
-82
-255
-197
-225
-257
-210
-194
-223
-474
-156
-228
-293
-123
-197
-178
-217
-106
-256
-262
-261
-322
-246
-247
5
-234
-216
35
-299
-233
-206
-171
-303
-193
-281
-47
-259
-305
-205
101
-165
-207
-235
42
-215
-258
-319
-218
-221
-117
-128
-194
-249
-273
-303
-213
-219
-208
155
-306
-334
-181
66
54
-325
-240
-208
-204
-352
-286
-278
-177
-176
-173
-268
-181
-120
-181
-311
-217
-58
-251
-188
-245
-245
-184
-204
-136
-280
-234
-296
-146
-230
-178
-154
-30
-167
-62
-277
-309
-71
-210
-34
-217
-79
-182
-220
-69
-144
-263
-161
-268
-274
-170
-243
-233
-165
-222
-286
-227
-269
-163
-165
-315
-409
-158
-254
-226
-182
-255
-256
-204
-192
-101
-283
-80
-136
-156
-85
-251
-167
-248
-398
-6
-165
-198
-228
-102
-361
-260
-289
-287
-259
-555
-209
-186
-222
-145
-218
-248
-245
-303
-221
-261
-189
-169
-192
-205
-343
-232
-346
-199
-198
-212
-144
-264
-225
-207
-118
-178
-307
-223
-215
-194
-282
-182
-211
-124
-126
-178
-243
-106
-230
-242
-235
-177
-219
-268
-179
-190
-356
-222
-221
-297
-232
-87
-248
-175
-109
-265
-310
-262
-262
-228
-197
-247
-279
-240
-201
-213
-241
-245
169
-222
-140
-340
-189
-247
-204
-235
-284
-242
-244
-236
-208
-211
-177
-109
-173
-242
-156
-24
-253
-311
-20
-133
-234
-243
-143
-218
-259
-178
-186
286
-230
-203
-182
-164
-143
-184
-260
-159
-296
-186
-215
-185
-275
-109
-235
-263
-239
-278
-107
-160
-217
-254
-150
-327
-181
-117
-221
-196
-231
-120
-228
-146
-286
-247
-304
-265
-301
-188
-130
-277
-136
-247
-168
-190
741
36
-169
-292
-175
-193
-292
-163
-302
-272
-150
-223
-149
-138
-276
-212
-57
-235
-209
-232
-244
-175
-139
-257
-496
-216
-249
-146
-223
-306
-233
-183
-210
-164
-354
-299
-206
-202
-284
-401
-274
6
-208
-168
-541
-224
-238
-21
-265
-167
-197
-210
-257
1253
-26
-198
-153
-207
-252
-206
-195
76
-220
-165
-179
4
-77
-234
-99
-294
-241
-211
-214
-80
-183
-296
-104
-236
-215
-106
-28
-220
-72
-239
-113
-218
-161
-249
-5
-282
-140
-251
-198
-326
-197
61
620
-67
42
-225
-36
-235
-151
-240
-208
-235
-183
-229
-163
-282
-193
-233
-278
-168
-287
-253
-239
-290
-258
-323
-178
-207
-115
-230
-216
-250
-109
-242
-216
-240
-178
-168
-267
47
-182
-51
-276
-136
-266
-170
-178
-256
-143
-55
-221
-162
-145
-105
-200
-233
-304
-224
-222
-187
926
-449
72
880
-318
-195
-164
-228
-162
-268
-228
-222
-170
-201
-152
-237
-289
-369
26
-245
-140
-257
-269
-233
-225
-256
-164
-109
-341
-349
-245
-288
-270
-204
-158
-249
-256
-207
-222
-299
-167
-161
-312
-208
-288
-56
-228
-240
-255
-198
-311
-187
-166
-223
-123
-286
-101
-361
-229
-224
-309
-170
-294
-239
-173
-326
-247
-252
-278
-345
-273
-119
-292
-280
-239
-136
-147
-262
-300
-338
-244
-114
-142
-202
-218
-236
-120
-218
-75
-97
-136
-307
-189
-274
-176
-205
-264
-314
-275
-289
-239
-2
-205
141
-160
-255
-432
-211
-117
-234
-252
-72
-283
-57
-191
125
-208
-326
-232
-273
-313
-192
-318
-13
-294
-197
-182
-241
-331
-188
-220
-288
-202
-114
-267
-240
-207
-291
565
-170
-467
-229
-109
-202
-313
-188
-184
-329
-143
-354
-352
-284
-270
-114
-177
-180
-139
-391
-251
-265
-126
-281
-176
-211
-149
-204
-167
72
-202
-189
-140
-210
-198
-214
-359
-233
-193
-171
-291
-186
-195
-181
-219
-267
64
-337
5
-105
-228
544
-212
-144
-216
-15
-180
-258
-141
-124
-83
-210
-202
-215
29
-230
-239
-159
119
-205
-233
-223
-132
-277
-339
-286
-307
-151
-281
-259
-25
-167
-318
-178
47
13
-245
-249
-178
-266
227
-224
-234
-270
-149
-128
-225
-201
-64
-348
-235
-65
-237
-240
-229
-239
-250
-173
-157
-255
-241
-240
-119
-267
-227
-232
-160
-218
-267
-165
-207
-253
20
-258
-126
-132
-131
-166
-232
-172
-170
-198
-176
3
-253
-275
-200
-120
-212
-215
-223
-113
-247
-147
-195
-302
-94
-326
-221
-213
-11
-247
-260
-192
-216
-202
-280
-346
-181
-268
-215
346
-311
-184
-180
-130
-128
-286
-155
-120
-222
-162
-260
-225
-268
-222
-208
-166
-205
-116
-327
-252
-229
-54
-180
-347
-197
-270
-238
-229
-204
-255
-62
-310
-256
-275
-269
-238
-165
-303
-216
-33
-165
-188
-210
-184
-206
-290
-316
-174
-165
-224
-258
-172
-38
382
-278
-258
-278
-102
-271
-198
-222
-278
-89
-164
-292
-115
-284
-129
-134
-303
-175
-242
-250
-272
-177
-291
-129
-26
-120
-275
-225
-167
-60
-230
-338
-112
-244
-145
-407
-233
-296
-222
-156
-236
-244
-24
-190
-306
-257
-118
-209
-202
-289
-202
-292
-262
-197
-232
-259
-203
-80
-293
-206
-213
-266
-178
-184
-91
-211
-252
-23
-181
-210
-219
-168
-178
-185
-621
-230
-176
-188
-196
-230
-198
-187
-331
-279
-272
-175
-198
-166
-212
-99
-216
-181
-240
-228
-245
127
-303
-199
-118
-174
-271
-230
-11
-221
-358
-133
-262
-190
-210
-98
-80
-213
-261
-15
-256
-236
-180
-183
-198
-210
-267
-204
-232
-317
-335
331
-148
6
-221
-215
-260
-265
-221
-233
-271
-520
-131
-221
-212
-175
-197
-152
-616
-426
-108
-29
-237
-305
-212
-216
-192
-211
-95
-280
-251
-83
-223
-295
-189
-211
-230
287
-282
-165
320
-32
-217
-223
-266
-245
-322
-223
-204
-246
-237
-200
-197
-199
-239
-293
-209
-248
-321
-248
-282
-286
-223
-269
-223
-227
-214
-266
-151
-208
-167
-250
-194
-317
-238
-241
-194
-180
-166
-279
520
-176
-116
-264
-164
-364
-193
-68
-252
350
-104
-174
-201
-182
-300
-303
27
-331
-160
-177
-231
-221
-241
-259
-309
-177
-182
-197
-226
16
-144
-277
-83
-206
-188
-240
-208
-192
-309
-198
-301
517
-226
-270
-85
-68
-197
-161
62
-149
-129
-240
-229
-190
-188
-251
-89
-229
-134
-32
-197
-38
-227
-213
-226
-373
-239
-191
-197
-92
-180
-189
-202
-189
-241
-194
-216
-144
-483
-216
-27
-193
-244
-37
-78
-291
-220
-263
-352
-195
94
-202
-304
-352
177
-241
-161
-256
-460
-257
-296
-301
-236
-220
-149
-176
-221
-330
-245
7
98
-37
-237
-343
-205
-232
-186
-207
-243
-233
-163
-113
-236
-133
-271
-247
-257
-247
563
-41
-272
-232
-251
-288
-133
-666
-223
-293
41
-299
-200
-144
-144
-271
-241
-328
-181
-167
-251
-238
-233
-344
-298
-256
-262
-230
-206
-188
-242
-204
-192
-256
72
-184
-288
-190
-160
-190
-228
-353
-241
-117
-224
-143
-261
-171
-234
-288
-304
-294
-186
-293
-276
-144
-259
-99
-252
-216
-112
-188
-331
-119
-164
-116
-263
-191
-220
-219
-209
-260
-266
-148
-264
-168
-193
141
-39
-181
-204
-340
-158
-160
-141
-201
-199
-7
-230
-248
-181
-260
-268
-207
-188
-263
-261
938
-248
-229
-178
-167
-195
-300
-312
-219
-196
-231
-257
-170
-258
-13
-224
-227
-339
-221
-312
-501
-185
-265
-230
-215
220
-175
-411
-221
-277
-288
-71
-243
-176
-168
-191
-205
-238
-172
-214
-253
-254
-261
-190
-195
-211
-261
-256
-124
811
-178
-207
-246
207
-230
-67
-67
-275
-195
-53
-217
-221
-192
-234
-217
-29
-191
-273
-261
-258
-192
-274
-224
-306
-250
-249
-203
-204
-184
-84
-270
-281
-210
-208
-99
-171
-95
-315
-312
-198
-221
-290
-261
-268
-253
-209
-130
-95
-410
-100
-270
-129
-190
-274
-128
-125
-261
-117
-168
-269
-277
-107
-212
-293
-146
-255
-253
-204
-139
-198
-199
359
-259
-296
-154
-144
-198
-201
-540
-236
-290
-185
-233
-281
-211
-254
-260
-227
185
-163
-276
-124
-271
-144
-324
-267
-186
-329
-153
-183
-133
-139
-352
-213
-174
-320
-239
-265
-221
-239
-342
-146
-202
-327
-128
-360
-335
-297
-175
-240
-243
-211
-213
