3676
3577
3486
3558
3897
3796
3687
3662
3642
3547
3383
3519
3538
3707
3596
3548
3301
3624
3701
3973
3608
3643
3697
3594
3523
3740
3504
3639
3427
3571
3682
3504
3742
3674
3622
3623
3619
3598
3631
3788
3659
3697
3545
3565
3554
3592
4088
3566
3751
3558
3792
3628
3970
3414
3617
3400
3565
3647
3524
3549
3622
3411
3347
3825
3622
3620
3598
3632
3611
3656
3589
3709
3735
3462
3718
3417
3591
3284
3471
3468
3569
3641
3693
3588
3331
3386
3560
3629
3583
3624
3537
3553
4427
3514
3511
3498
3333
3548
3567
3625
3705
3671
3627
3441
3437
2977
3590
3548
3651
3454
3601
3619
3809
3649
3615
3576
3576
3613
3633
3490
3693
3690
3500
3508
3274
3378
3514
3229
3567
3542
3661
3552
3004
3618
3516
3618
3667
3407
3601
3443
3640
3631
3659
3724
3454
4476
3580
3500
3543
3572
3529
3500
3366
3644
3621
3573
3719
3639
3700
3089
3545
3618
3560
3668
3535
3656
3660
3553
3599
3575
3627
3591
3577
3779
3753
4334
3489
3507
3482
3539
3558
3613
3568
3769
3725
3558
3855
3728
3627
3579
3726
3999
3992
3602
3563
3627
3689
3585
3558
3498
3611
3758
3219
3666
3652
3647
3667
3479
3626
3549
3463
3577
3588
3494
3529
3037
2885
3721
3422
3549
3596
3706
3672
3477
3571
3097
3467
3221
3628
3605
3586
3703
3599
3650
3587
3511
3579
3422
3629
3432
3672
3648
3515
3461
3443
2892
3573
3469
3406
3424
3502
4070
3518
3558
3602
3543
3550
3574
3465
3502
3686
3604
3696
3630
3674
3596
3489
3590
3586
3661
3547
3536
3486
3581
3693
3581
3395
3552
3514
3583
3467
3704
3631
3032
3641
3470
3569
3732
3685
3627
3474
3071
3648
3567
3678
3319
3190
3915
3598
3726
3801
3639
3579
3582
4065
3728
3404
3638
12448
3671
3446
2695
3464
3589
3617
3579
3632
3648
3576
3337
3634
3511
3478
3556
3604
3579
3566
3533
3626
3509
3454
3120
3590
3725
3749
3480
3578
3657
3607
3657
3414
3769
3432
3576
3552
3074
3597
3623
3499
3678
3670
3748
3656
2890
3675
3594
3591
3447
3527
3519
3701
3529
3513
3498
3632
3679
3459
3628
3611
3575
3637
3580
3695
3487
3660
3613
3582
3561
3603
3700
3569
4247
3580
3802
3571
3539
3735
3695
3616
3797
3359
3499
3671
3466
3702
3627
3623
3478
3489
3670
3518
3393
3466
3614
3399
3551
3671
3540
3603
3624
3524
3485
3592
3556
3591
3512
3511
3621
3614
2950
3520
3439
3688
3442
3528
3556
3545
3633
3597
3396
3546
3478
3595
3555
3671
3696
3547
3509
3638
3731
3656
3660
3469
3066
3672
3516
3878
3550
3595
3423
3608
3640
3888
3613
3702
3610
3547
3616
3384
3672
3606
2902
3661
3709
3596
3726
3530
3370
3448
3427
3872
3427
3678
3595
3415
3520
3574
3570
3583
3543
3602
3728
3111
3559
3497
3661
3459
3687
3558
3591
3658
3592
3774
3622
3727
3608
3367
3619
3568
3381
3451
3659
3447
3640
3449
3726
3618
3582
3622
3664
3340
3388
3707
3575
3632
3621
3632
3065
3724
3518
3637
3527
3731
3550
3700
3547
3513
3588
3586
2681
3505
3606
3603
3499
3702
3556
3690
3536
3453
3837
3482
3188
3627
3563
3591
3584
3620
3618
3602
3557
3637
3563
3599
3716
3685
3484
3526
3596
3643
3668
3539
3591
3621
3685
3542
3559
3527
3659
3451
3586
3610
3612
3563
3362
3679
3591
3573
3010
3642
3601
3497
3563
3670
3552
3550
3559
3959
3718
3592
3537
3652
3461
3645
3607
3574
3518
3648
3577
3591
3605
3591
3679
3657
3530
3585
3639
3734
3600
3628
3612
3623
3513
3603
3523
2695
3546
3463
3625
3644
3610
3514
3529
3584
3599
3643
3558
3718
3485
3575
3674
3362
3430
3680
3613
3693
3557
3622
3575
3472
3705
3611
3512
3574
3406
3596
3455
3627
3557
3385
3672
3663
3453
3602
3599
3399
3446
3477
3610
3616
3391
3627
3678
3656
3744
3599
3515
3683
3542
3558
3641
2934
3642
3496
3547
3623
3594
3744
3737
3685
3631
3653
3697
3629
3556
3674
3699
3472
3688
3722
3684
3685
3600
3570
3630
3674
3740
3614
3442
3491
3019
3715
3742
3686
3603
3726
3465
3557
3618
3621
3631
3372
3682
3388
3547
3611
3756
3505
3532
3633
3571
3608
3638
3620
3447
3618
3639
3610
3480
3620
3619
3718
3769
3541
3706
3749
3610
3647
3627
3717
3439
3558
3634
3759
3595
3468
3643
3482
3520
3613
3597
3637
3697
3552
3734
3555
3434
3876
3552
3471
3398
3533
3606
3485
3592
3578
3547
3531
3662
