2617
2575
2728
2507
2610
2613
2691
2593
2563
2563
2572
2678
2479
2665
2574
2544
2666
2464
2638
2579
2565
2577
2545
2591
2573
2543
2538
2587
2675
2545
2618
2592
2589
2612
2606
2583
2598
2500
2540
2608
2583
2600
2561
2544
2732
2621
2794
2589
2800
2613
2625
2714
2825
2485
2526
2608
2595
2452
2484
2678
2730
2512
2515
2524
2585
2623
2589
2658
2584
2585
2571
2500
2612
2622
2522
2667
2474
2489
2638
2594
2594
2586
2574
2682
2524
2568
2667
2548
2626
2803
2547
2581
2635
2532
2535
2678
2633
2574
2553
2540
2673
2605
2520
2583
2738
2565
2596
2547
2577
2181
2637
2616
2623
2572
2707
2843
2567
2607
2576
2519
2695
2581
2635
2655
2579
2532
2622
2605
2725
2755
2540
2523
2591
2556
2509
2732
2595
2594
2594
2537
2561
2588
2194
2557
2615
2653
2579
2550
2690
2541
2580
2598
2531
2645
2546
2725
2699
2535
2717
2459
2570
2540
2533
2576
2583
2523
2724
2594
2591
2568
2564
2593
2556
2567
2742
2678
2919
2593
2516
2536
1864
2720
2536
2588
2557
2518
2551
2594
2599
2545
2599
2710
2782
2553
2607
2550
2524
3063
2597
2644
2490
2542
2770
2483
2759
2178
2605
2628
2734
2576
2602
2593
2725
2612
2541
2581
2549
2604
2551
2532
2630
2416
2554
2559
2627
2625
2728
2656
2513
2624
2574
2570
2460
2584
2661
2496
2517
2637
2642
2534
2492
2639
2626
2542
2545
2586
2599
2632
2671
2538
2717
2576
2576
2516
2695
2674
2552
2583
2683
2435
2615
2577
2559
2549
2591
2769
2807
2615
2594
2555
2675
2612
2657
1972
2572
2641
2802
2566
2460
2657
2519
2627
2559
2715
2556
2633
2527
2629
2657
2554
2564
2773
2525
2566
2543
2544
2486
2774
2639
2536
2510
2713
2710
2504
2639
2571
2487
2610
1113
2546
2640
2570
2623
2545
2596
2439
2562
2571
2671
2590
2536
2510
2522
2585
2694
2653
2519
2568
2576
2598
2539
2499
2531
2770
2588
2523
2621
2534
2603
2462
2600
2532
2588
2533
2665
2614
2595
2595
2525
2628
2611
2599
2566
2602
2601
2656
2573
2567
2568
2617
2413
2569
2542
2518
2618
2648
2534
2533
2594
2563
2488
2553
2615
2551
2588
2606
2512
2598
2590
2617
2621
2195
2535
2513
2528
2576
2513
2655
2620
2552
2776
2682
2561
2623
2576
2609
2585
2566
2770
2604
2617
2593
2711
2845
2565
2470
2581
2558
2902
2703
2582
2634
2610
2564
2671
2598
2597
2550
2570
2596
2605
2877
2461
2645
2618
2579
2616
2672
2557
2621
2639
2602
3187
2561
2547
2563
2821
2487
2593
2578
2531
2371
2650
2557
2607
2539
2569
2623
2552
2570
2561
2435
2715
2491
2567
2566
2573
2660
2563
2619
2600
2678
2689
2543
2578
2552
2659
2593
2549
2701
2477
2538
2550
2911
2593
2617
2543
2536
2500
2587
2628
2572
2508
2671
2553
2555
2571
2658
2514
2574
2586
2536
2575
2651
2591
2570
2640
2546
2630
2479
2568
2554
2622
2618
2517
2991
2581
2600
2604
2578
2607
2619
2658
2618
2532
2491
2672
2522
2551
2596
2656
2517
2576
2720
2530
2567
2528
2536
2586
2493
2679
2511
2512
2839
2590
2518
2885
2522
2565
2493
2570
2691
2724
2562
2630
2525
2665
2579
2538
2654
2532
2710
2649
2771
2573
2603
2559
2492
2567
2547
2595
2616
2704
2832
2589
2591
2429
2497
2431
2596
2767
2543
2539
2572
2587
2798
2582
2651
2761
2583
2623
2629
2654
2502
2608
2552
2690
2568
2122
2512
2689
2569
2550
2568
2548
2524
2561
2562
2543
2633
2528
2610
2544
2616
2750
2532
2602
2538
2583
2804
2533
2708
2629
2486
2498
2819
2681
2577
2573
2524
2520
2543
2693
2621
2657
2552
2587
2521
2606
2719
2528
2618
2595
2579
2607
2695
2600
2679
2609
2846
2594
2626
2511
2502
2673
2732
2548
2597
2554
2590
2487
2547
2619
2534
2592
2553
2689
2584
2498
2573
2595
2727
2603
2627
2543
2528
2662
2086
2593
2646
2641
2522
2548
2525
2656
2626
2557
2581
2580
2526
2658
2578
2520
2666
2745
2545
2533
2847
2574
2603
2557
2527
2575
2634
2589
2646
2782
2590
2483
2686
2620
2656
2663
2597
2561
2576
2636
2607
2654
2586
2502
2543
2557
2574
2547
2591
2738
2719
2618
2551
2560
2606
2600
2693
2588
2564
2536
2800
2597
2536
2561
2773
2556
2640
2565
2539
2549
2564
2609
2556
2640
2656
2464
2885
2587
2627
2603
2627
2667
2649
2664
2592
2177
2672
2521
2538
2680
2611
2585
2653
2496
2483
2580
2572
2572
2573
2545
2621
