3631
3562
3325
3286
3893
3546
3629
3616
3561
3408
3130
3159
3272
3160
3467
3384
3045
3130
3699
3704
3712
3406
3571
3670
3231
3770
3292
3642
3303
3386
3573
3298
3685
3663
3598
3523
3544
3510
3468
4013
3532
3646
3526
3496
3546
3373
3809
3575
3678
3516
3676
3473
3887
3209
3399
3195
3412
3225
3516
3239
3575
3109
2740
3420
3451
3437
3488
3556
3478
3761
3568
3647
3508
3013
3629
2991
3479
2732
3215
3347
3542
3694
3666
3405
2786
3163
3348
3380
3505
3625
3334
3569
4305
3365
3366
3145
2682
3309
3430
3666
3648
3699
3545
3327
3160
2498
3405
3593
3423
3207
3496
3467
3332
3659
3529
3405
3453
3578
3634
3396
3531
3055
3284
3356
2944
3241
3426
3072
3462
3369
3635
3265
2596
3443
3418
3689
3411
2969
3569
2830
3647
3659
3614
3647
3167
3410
3519
3415
3516
3567
3222
3438
3037
3600
3507
3316
3535
3371
3565
2700
3551
3619
3188
3601
3387
3607
3538
3304
3684
3498
3462
3443
3267
3728
3650
3218
3144
3325
3319
3354
3439
3572
3325
3639
3685
3483
3804
3514
3595
3421
3546
3857
3682
3321
3498
3561
3626
3381
3276
3051
3592
3477
2585
3282
3400
3457
3511
3295
3482
3386
3237
3628
3439
3390
3370
2443
2697
3656
2880
3414
3525
3629
3462
3169
3542
2583
3343
3307
3538
3568
3392
3501
3441
3550
3478
3318
3502
3077
3575
3243
3318
3528
3441
3115
3267
2738
3305
3291
3308
3246
3325
3846
3341
3431
3585
3395
3304
3309
3119
3405
3593
3499
3640
3423
3255
3171
3435
3390
3409
3599
3439
3488
3420
3303
3608
3619
2994
3506
3448
3588
3127
3617
3633
2842
3574
3117
3506
3774
3394
3617
3329
2900
3593
3411
3599
3010
2761
3825
3457
3472
3665
3541
3505
3533
3967
3485
3447
3632
6887
3494
3272
2654
3244
3402
3497
3267
3601
3545
3381
2714
3479
3368
3360
3539
3555
3612
3178
3503
3557
3400
3128
2639
3461
3824
3605
3402
3504
3652
3578
3449
3109
3744
3117
3504
3144
2616
3598
3592
3440
3745
3448
3629
3476
2521
3538
3514
3371
3309
3360
3521
3510
3252
3310
3242
3476
3583
3185
3560
3537
3215
3524
3381
3661
3485
3617
3562
3505
3441
3442
3699
3451
15314
3450
3739
3414
3448
3528
3571
3494
3605
3179
3356
3553
3179
3582
3489
3482
3370
3406
3595
3368
3019
3107
3450
3055
3405
3632
3257
3585
3540
3309
3432
3631
3469
3371
3286
3298
3438
3534
2899
3362
3348
3556
3288
3468
3462
3459
3488
3557
3193
3485
3268
3586
3252
3432
3768
3550
3367
3581
3539
3401
3609
3282
2420
3474
3452
3823
3315
3499
3307
3621
3582
3777
3503
3696
3574
3390
3573
3303
3568
3458
2858
3525
3624
3528
3149
3017
3241
3167
3265
3762
3150
3440
3497
3162
3434
3272
3536
3462
3456
3469
3549
2724
3403
3271
3519
3339
3476
3425
3481
3623
3464
3338
3599
3482
3399
2582
3248
3503
3297
3242
3502
3268
3284
3255
3566
3428
3388
3522
3485
3038
3187
3408
3534
3448
3539
3569
2704
3883
3348
3626
3117
3641
3452
3346
3448
3300
3560
3470
2656
3385
3352
3518
3379
3601
3319
3506
3338
3121
3733
3235
2729
3595
3286
3568
4030
3573
3378
3371
3500
3593
3154
3439
3658
3623
3416
3459
3189
3659
3541
3604
3444
3397
3650
3340
3412
3222
3510
3511
3502
3326
3633
3481
2815
3391
3477
3553
2560
3603
3471
3345
3427
3611
3346
3453
3517
4003
3529
3312
3491
3580
3551
3671
3273
3264
3252
3434
3403
3555
3426
3354
3636
3638
3421
3630
3448
3602
3238
3482
3465
3341
3238
3574
3090
2498
3401
3262
3634
3512
3260
3226
3506
3636
3444
3447
3671
3736
3425
3353
3639
3302
3341
3433
3508
3563
3367
3596
3541
3103
3646
3523
3360
3457
2910
3608
3214
3459
3494
3319
3470
3630
3528
3353
3247
2654
3233
3199
3441
3486
3244
3508
3593
3618
3699
3519
3301
3619
3388
3468
3361
2317
3470
3307
3274
3543
3447
3556
3615
3773
3503
3653
3620
3516
3526
3635
3458
3259
3508
3651
3590
3464
3563
3373
3656
3522
3597
3345
2949
3341
2715
3673
3551
3338
3352
3562
3298
3302
3392
3567
3517
3141
3581
3330
3351
3271
3612
3315
3502
3619
3210
3262
3439
3577
3384
3425
3568
3387
3299
3483
3585
3519
3601
3618
3714
3595
3290
3612
3222
3628
3029
3454
3575
3636
3357
3208
3605
3345
3416
3475
3579
3649
3618
3282
3420
3546
3249
3536
3474
3432
3012
3587
3493
3396
3557
3513
3127
3201
3600
