3457
3464
3381
3462
3361
3449
3285
3405
3486
3391
3427
3320
3379
3346
3445
3232
3363
3409
3390
3468
3464
3428
3495
3354
3364
3418
3356
3340
3278
3475
3441
3413
3391
3415
3521
3494
3299
3450
3390
3354
3498
3437
3419
3363
3434
3417
3569
3494
3498
3485
3426
3452
3364
3339
3305
3469
3500
3210
3511
3309
3388
3311
3342
3364
3521
3397
3438
3430
3402
3398
3470
3451
3514
3382
3457
3324
3429
3349
3441
3457
3447
3446
3239
3437
3337
3416
3375
3536
3461
3457
3376
3479
3107
3361
3367
3449
3281
3478
3456
3344
3463
3455
3403
3398
3395
3365
3464
3394
3445
3301
3411
3436
3416
3451
3551
3504
3414
3447
3411
3399
3391
3475
3476
2380
3350
3436
3357
3314
3312
3554
3480
3486
3233
3399
3446
3462
3468
3387
3385
3414
3481
3439
3347
3214
3374
3377
3437
3419
3331
3337
3253
3303
3268
3416
3458
3356
3397
3328
3474
3432
3483
3422
3497
3503
3306
3493
3371
3327
3168
3433
3449
3415
3396
3434
3388
3337
3374
3452
3433
3390
2586
3461
3426
3529
3447
3352
3390
3489
3427
3407
3432
3433
3383
3340
3348
3410
3442
3367
3463
3382
3385
3378
3483
3324
3393
3161
3510
3363
3459
3394
3392
3398
3415
3190
3526
3273
3342
3408
3182
3429
3405
3370
3459
3402
3410
2605
3379
3344
3499
3368
3250
3448
3361
3407
3454
3393
3413
3381
3401
3426
3356
3450
3424
3284
3461
3353
3503
3448
3333
3408
3385
3531
3363
3440
3398
3438
3339
3259
3451
3412
3478
3505
3506
3516
3314
3128
3482
3456
3435
3388
3355
3492
3404
3448
3445
3476
3332
3508
3447
3430
3426
3378
3464
3380
3399
3463
3309
3498
3441
3484
3311
3352
3400
3332
3302
3383
3455
3326
3316
3412
3371
3342
3435
3443
3327
3371
3335
3323
6628
3349
3395
3333
3355
3502
3461
3431
3451
3473
3543
3437
3420
3350
3448
3291
3403
3457
3459
3492
3509
3472
3370
3288
3510
3433
3349
3397
3271
3385
3403
3388
3380
3543
3404
3494
3332
3406
3454
3219
3465
3260
3454
3460
3441
3420
3433
3395
3291
3357
3410
3332
3392
3340
3346
3448
3393
3370
3365
3483
3451
3425
3436
3433
3479
3496
3167
3454
3446
3389
3382
3419
3373
1074
3403
3347
3339
3493
3526
3467
3474
3401
3461
3420
3440
3434
3497
3527
3411
3348
3447
3445
3355
3365
3304
3473
3298
3357
3462
3442
3268
3421
3358
3316
3410
3595
3360
3396
3419
3417
3459
3349
3502
3348
3411
3336
3439
3456
3509
3434
3425
3398
3435
3217
3453
3312
3531
3461
3422
3401
3476
3428
3394
3523
3327
3354
3401
3360
3329
3379
3420
3338
3524
3395
3422
3450
3441
3498
3416
3495
3339
3358
3350
3381
3557
3373
3337
3360
3324
3260
3443
3423
3537
3356
3436
3466
3400
3383
3425
3466
3371
3346
3453
3421
3406
3420
3448
3387
3495
3382
3419
3440
3365
3461
3458
3365
3514
3462
3358
3446
3467
3495
3337
3401
3320
3171
3341
3457
3429
3452
3440
3536
3309
3382
3443
3416
3400
3328
3496
3288
3399
3386
3456
3405
3308
3433
3449
3535
3094
3444
3397
3253
3453
3474
3475
3514
3427
3220
3544
3466
3275
3498
3403
3311
3590
3406
3454
3317
3408
3461
3358
3381
3509
3411
3404
3463
3396
3487
3439
3292
3417
3526
3502
3375
3480
3438
3356
3393
3363
3380
3455
3432
3457
3456
3416
3393
3372
3413
3545
3292
3288
3299
3399
3448
3423
3475
3498
3450
3195
3533
3277
3365
3475
3473
3458
3484
3440
3391
3527
3480
3499
3375
3401
3397
3417
3295
3393
3463
3419
3351
3430
3456
3445
3292
3405
3392
3305
3458
3396
3419
3558
3367
3267
3371
3510
3547
3442
3461
3390
3403
3391
3503
3424
3440
3380
3318
3514
3353
3378
3496
3393
3384
3377
3312
3446
3388
3429
3398
3385
3344
3391
3269
3331
3503
3350
3423
3469
3462
3339
3404
3465
3363
3449
3390
3416
3395
3443
3362
3463
3225
3255
3454
3095
3397
3380
3294
3468
3431
3343
3468
3465
3396
3482
3377
3359
3441
3443
3460
3379
3470
3386
3462
3466
3346
3423
3466
3437
3480
3312
3374
3383
3385
3404
3444
3362
3500
3359
3286
3308
3251
3467
3488
3351
3465
3316
3366
3499
3444
3434
3428
3510
3363
2642
3502
3449
3474
3446
3429
3472
3404
3371
3407
3448
3472
3459
3601
3215
3470
3395
3254
3469
3380
3499
3427
3525
3358
3389
3408
3424
3500
3476
3371
3479
3498
3363
3410
3411
3302
3285
3398
3489
3389
3489
3494
3460
3330
3269
3431
3363
3463
