3636
3567
3285
3168
3787
3530
3540
3523
3453
3399
3148
2943
3192
3140
3403
3417
3075
3210
3784
3456
3588
3293
3522
3711
3137
3735
3142
3641
3193
3432
3575
3121
3611
3578
3557
3410
3528
3317
3588
3725
3480
3635
3641
3468
3386
3206
3693
3535
3653
3526
3600
3432
3884
3028
3492
3135
3378
2914
3439
3071
3552
3111
2781
3216
3426
3380
3476
3543
3300
3703
3579
3719
3536
2983
3617
3045
3376
2907
3115
3263
3471
3632
3681
3372
2739
3144
3307
3354
3472
3597
3306
3433
4258
3171
3283
3154
2849
3143
3428
3586
3689
3685
3547
3354
3115
2573
3245
3599
3453
3221
3435
3352
3268
3538
3448
3192
3357
3528
3461
3331
3447
2975
3219
3202
2880
3243
3454
3198
3395
3233
3545
3279
2875
3495
3412
3595
3372
3129
3484
2781
3673
3603
3611
3736
3235
3191
3496
3362
3534
3414
3185
3360
2919
3614
3572
3169
3381
3190
3499
2815
3499
3608
3129
3677
3203
3630
3412
3056
3357
3513
3504
3398
3125
3533
3681
3212
3155
3200
3231
3330
3270
3672
3396
3614
3601
3424
3797
3407
3605
3321
3493
3968
3779
3222
3466
3496
3524
3268
3358
3030
3538
3321
2716
3120
3234
3393
3368
3185
3529
3289
3138
3455
3357
3443
3268
2621
2859
3660
2914
3301
3479
3613
3469
3101
3451
2854
3266
3199
3500
3622
3287
3468
3381
3553
3381
3321
3389
3145
3557
3157
3166
3394
3354
3080
3236
2704
3115
3352
3204
3063
3222
3938
3309
3376
3583
3401
3258
3271
3083
3246
3624
3340
3520
3308
3190
3207
3333
3371
3196
3643
3342
3466
3432
3287
3616
3541
2872
3422
3270
3528
3040
3579
3590
2907
3480
3171
3620
3726
3315
3592
3277
2996
3585
3376
3490
2960
2934
3667
3538
3485
3754
3501
3407
3505
4140
3347
3222
3694
5005
3463
3193
2802
3143
3372
3483
3248
3612
3517
3472
2640
3445
3354
3365
3543
3458
3488
3046
3411
3505
3433
3043
2666
3362
3775
3757
3341
3368
3638
3555
3419
3081
3755
2982
3413
3049
2757
3570
3513
3359
3656
3466
3540
3527
2758
3494
3477
3306
3186
3322
3362
3488
3200
3202
3274
3383
3512
3127
3507
3475
3192
3439
3418
3634
3436
3702
3591
3474
3376
3315
3706
3473
13700
3489
3712
3326
3422
3549
3621
3464
3507
3212
3363
3484
3169
3564
3587
3550
3233
3443
3600
3239
2972
3009
3375
3042
3287
3581
3238
3494
3540
3408
3456
3613
3532
3271
3172
3351
3325
3424
2997
3365
3010
3509
3236
3374
3399
3376
3436
3490
3240
3335
3266
3539
3178
3555
3709
3440
3229
3609
3452
3299
3555
3239
2741
3374
3522
3819
3189
3457
3307
3562
3609
3730
3360
3751
3661
3335
3484
3232
3565
3341
3084
3533
3630
3510
3074
3058
3216
3141
3145
3827
2971
3328
3376
3064
3355
3263
3531
3367
3349
3474
3494
2789
3250
3419
3402
3376
3431
3188
3504
3596
3431
3264
3615
3490
3267
2735
3152
3595
3279
3110
3502
3057
3219
3141
3591
3262
3323
3532
3453
2975
3084
3269
3383
3408
3676
3518
2562
3719
3302
3638
3166
3636
3382
3321
3391
3256
3512
3448
2891
3340
3301
3538
3354
3564
3200
3426
3319
3211
3700
3177
2902
3474
3300
3566
3764
3506
3285
3498
3415
3632
3186
3494
3665
3636
3440
3382
3141
3545
3448
3491
3342
3424
3659
3402
3405
3049
3531
3474
3592
3275
3595
3408
2843
3344
3400
3492
2690
3630
3492
3219
3559
3525
3178
3462
3415
4003
3600
3097
3554
3578
3467
3682
3271
3225
3279
3444
3441
3487
3468
3230
3669
3626
3366
3585
3316
3691
3049
3459
3474
3340
3144
3542
2975
2638
3366
3242
3685
3466
3175
3212
3374
3591
3351
3445
3463
3542
3330
3204
3613
3344
3150
3252
3551
3460
3228
3477
3547
3136
3517
3429
3198
3406
2930
3653
3384
3384
3450
3313
3357
3659
3492
3371
3212
2697
3308
3223
3388
3522
3276
3480
3662
3645
3689
3429
3169
3653
3327
3396
3226
2589
3489
3319
3213
3546
3407
3467
3494
3678
3546
3582
3645
3430
3348
3567
3498
3029
3412
3585
3456
3354
3384
3271
3560
3505
3532
3346
2926
3250
2715
3735
3580
3233
3284
3562
3112
3213
3305
3577
3503
2962
3417
3282
3267
3222
3662
3343
3328
3603
3222
2866
3467
3554
3350
3501
3571
3316
3324
3342
3499
3396
3650
3546
3625
3373
3182
3578
3281
3623
2989
3453
3500
3609
3413
3167
3473
3301
3347
3451
3520
3703
3583
3125
3394
3479
3162
3446
3612
3336
2912
3552
3343
3362
3507
3298
3077
3262
3628
