-236
-306
-164
27
-194
-222
-210
-182
-320
-187
-247
-272
-46
176
-270
-228
-229
-215
-248
-121
-197
147
-334
-250
-187
-300
-219
-150
-244
-448
-117
-185
-93
-322
-174
-248
-166
-252
-180
-207
-272
-154
-359
-253
-223
-201
-163
-95
-270
-88
-240
-308
-69
-305
-241
-174
-164
-310
-216
-228
-233
-30
-188
-188
-267
-352
-254
-289
-127
-285
-31
-40
-267
-262
-304
-170
-295
-64
-301
-36
-171
-231
-229
-188
-172
-441
-231
-330
-215
-188
63
-249
-157
-253
35
-314
-260
-194
-230
-37
-258
-246
-72
15
-183
-262
-221
-286
-221
-140
1
-301
-121
-203
-48
-226
-160
-210
-320
-282
-68
331
-167
-215
-233
-243
-191
-126
-246
-196
-264
-184
-329
-197
-141
-65
-131
-179
-157
-195
-207
-186
-127
36
-219
-233
-46
-172
-96
-152
-391
-268
-273
-172
-270
-263
-177
-227
-299
-251
-144
191
-209
-245
-302
-171
-58
-189
-157
-17
-242
-79
-248
-254
-57
-193
-217
-162
-260
-281
4
-256
-228
-277
-175
-232
-124
-90
-284
-250
-137
48
-327
-229
-80
-246
-294
-248
26
-322
-276
-262
-67
-191
-83
159
-221
-33
-249
-183
-199
-182
-326
-210
-75
-59
-48
-290
-223
-232
-205
-74
-231
-276
-128
-177
4
-318
-92
-240
-112
-216
-203
-320
-262
-85
-165
-254
-215
-247
-174
-248
-161
-193
-320
177
-212
-223
-55
-178
-174
-66
-241
-192
-410
-372
-314
-74
-185
-209
-339
-179
-329
-164
-200
-94
-241
-225
-206
-195
-197
-262
-266
-152
-355
-388
-240
-285
-251
-290
-91
-221
-267
-267
-102
-276
-273
-202
-301
-286
-250
-168
-255
-127
-230
-181
-80
-287
-347
-310
-254
-184
-256
-217
-475
4
44
-133
-249
-70
128
-183
-336
-174
-265
-197
-256
-137
-299
-181
-251
-160
-265
-251
-90
-136
-246
-288
-287
-249
-215
-244
-295
-182
-175
-156
-278
-268
-242
-148
-179
-52
-172
-259
-177
-86
-207
-137
-254
-202
-226
-310
-291
-240
-100
-281
-90
-228
-24
-226
-45
-93
-85
-133
-212
-101
-228
-86
-195
-170
-198
-218
-166
-239
-202
-15
-235
-293
305
-199
-542
-129
-235
-263
-274
-258
-201
-389
-207
-205
-52
-205
-116
-246
-286
-266
-414
-288
-96
-85
-424
-128
-202
-44
-279
-222
-300
-174
-213
-227
-182
-249
-337
-141
-208
-304
-278
-161
-190
-45
-212
-213
-163
-129
-268
-205
-183
-191
-395
-120
-92
-295
-192
-229
-195
-191
-277
-226
-198
-373
-216
-216
-261
-224
-239
-207
-345
-191
-144
-274
-270
-210
-274
-126
-275
-250
-212
-247
-253
-280
-196
-183
-230
-192
-159
-295
-216
-182
-252
-364
-436
-108
-228
-271
-218
-102
-295
-298
-142
-154
-220
-101
-279
16
-109
-241
-238
-187
16
-250
-240
-292
-272
-278
-218
-225
-46
-548
-86
-180
-289
-245
-196
-287
-256
-290
-121
-306
-59
-261
-83
-194
-249
-201
-284
58
-374
-253
-42
-165
-163
-319
-125
-153
-302
-147
-283
-221
-235
-346
-129
-200
-79
-286
-240
-108
-263
-242
-101
-213
-230
-257
-232
-114
-211
-189
-226
-230
-297
-50
-210
-263
19
-266
-215
-284
-194
-229
-364
-184
-204
-180
-83
-209
-237
49
-192
-254
-265
85
-199
-263
-295
-142
-39
-116
-226
-265
-264
163
-118
-292
-247
-203
-168
-154
-215
-211
-207
-231
-300
-36
-302
-234
-115
-290
-203
-230
-77
-230
-24
-250
107
-333
-244
-250
-283
-174
-247
-93
-228
-225
-226
-220
-225
-266
-241
39
-96
-261
-309
-296
-265
-101
-292
-296
-173
-301
-463
-209
-237
-262
-227
-409
-244
-196
-272
-215
-48
-224
-283
-288
-381
-191
-284
-52
-287
-219
-137
-161
-259
-167
78
-276
-234
-244
-162
-265
-342
-232
-332
-148
-136
-226
-42
-113
-105
-348
-162
-177
-117
-262
-205
-234
-279
-266
-219
-288
-241
-303
-193
-278
-272
-216
-212
-234
-179
-193
-273
-210
-57
-265
-268
-178
-178
-155
-248
-52
-202
-295
-293
-276
-232
-232
-274
-118
-205
-205
-88
-207
-236
-325
-136
-263
-281
-19
-34
-225
-221
-209
-364
-273
-234
-300
-179
-127
-224
-232
-143
-251
-308
-271
-85
-206
-224
53
-59
-271
-184
-238
-151
-221
-288
-382
-209
-230
-239
-187
-250
-196
-189
-117
-194
-372
-93
-152
-262
-307
-209
-292
-298
-196
-291
-115
-358
-326
-293
-306
-13
-249
-4
-119
-201
-189
-300
-217
-171
-349
-230
-204
-105
-248
-208
-96
-298
-276
-279
-338
-91
-198
-184
-199
-224
-231
-266
-114
-234
-348
-329
-134
-234
-123
-127
-78
-345
-227
-19
-291
-237
-264
-300
-201
-186
-251
-230
-243
-181
-74
-219
-386
-163
-32
-257
87
-175
-236
-301
-155
-203
-80
-235
-294
-219
-228
-204
-308
-290
-226
-570
-148
-300
-263
-240
-205
-467
-259
-158
-292
-179
-265
-247
-179
-145
-276
-188
-160
-184
-59
-273
-209
-3
-224
-252
-46
-235
-287
-129
61
-248
-296
-310
-245
-219
-199
-180
-277
-276
-240
-258
-287
-323
-262
-215
-365
-262
-291
-83
-268
-179
115
-97
-253
-168
184
-104
-274
-202
-262
-260
-229
-136
-213
-229
-226
-236
-224
-124
-95
-138
-169
-188
-257
-305
115
-220
8
-203
-219
-228
-186
-221
-316
65
-238
-156
-126
-219
-201
-261
-59
-226
-257
-26
-182
-318
-232
-139
179
-228
-193
-147
-127
-170
-141
-154
-202
-234
-212
-227
-120
-411
-148
-222
-186
-378
-206
-263
-52
-308
-141
-86
-271
-175
-94
-192
-49
-27
-196
-277
-233
-264
-389
-238
-244
-190
-60
-159
-310
-148
-297
-195
-244
-73
-167
-238
-225
-106
-117
-130
-229
-194
-226
29
-268
-204
-103
-1
-258
-238
-284
-163
-79
-285
-394
-137
-73
-123
-277
49
-170
-237
148
-270
-50
-252
-366
-187
-207
-269
-270
-432
-257
-338
-201
-48
-140
-237
-222
-269
-238
-231
-174
-2
-159
-359
-81
-281
-265
-187
-321
-407
-202
-146
93
-260
-98
-164
-297
-247
-202
-366
-97
-35
-111
-138
-101
-281
-319
-210
-270
-209
-379
-132
-253
-191
-249
-198
-208
-272
-249
-373
-302
-212
10
-13
-246
87
-289
-301
-270
-283
-144
-237
-170
-253
-104
-260
-195
-155
-79
-279
-433
-312
-216
-300
-253
-224
-216
-214
-264
-213
-284
-22
-32
-234
-160
-267
-188
-229
-55
-231
-198
-293
-267
-248
-320
205
140
-43
-270
-133
-209
-255
-273
-239
-79
289
-208
-156
-131
-247
1216
-257
-150
-238
-209
96
-282
-251
-222
-252
-224
-266
-206
-290
-61
-217
-196
-264
-321
-213
-93
129
-259
-253
-187
-193
-328
-4
-238
-126
-256
-251
-183
-252
-262
-152
-224
-202
-291
-210
-293
-349
-102
-239
-226
-54
-143
-309
-187
-196
-181
-57
-183
-476
-269
-260
-232
-205
-253
-117
-154
-145
-253
199
-173
-71
-217
-307
-196
-254
-282
-91
-341
-281
-331
-103
-194
-266
-290
-184
-214
-243
-219
-78
-240
-319
-189
-247
-222
-110
-202
-141
-223
-189
-206
-168
-168
-175
-332
-248
-50
-144
-140
13
-241
-95
-171
161
-205
-320
-202
13
-161
-263
-185
175
-258
-281
-16
-230
-105
-289
-184
-423
-79
-202
-221
-171
-149
-268
-149
-257
-206
-119
-231
-348
-194
-289
-190
-260
-77
-204
-241
-273
-205
-125
-256
-338
-229
-146
-235
-280
-231
-256
-147
-27
-363
-38
-307
-251
141
-162
-334
-127
-228
-178
-234
72
-200
-169
-177
-157
-281
-154
-224
-119
-193
-225
-82
-178
-21
-142
38
-302
-198
-241
-69
-365
-289
-238
-77
-98
-187
-223
31
-225
-247
-65
-300
-198
-170
-331
-286
-197
163
-274
-267
-193
-113
-27
-168
-86
-186
-244
-188
-236
-137
-168
-139
-168
-250
-294
-228
-201
-110
-238
-474
-174
-224
-251
-289
-205
-241
-359
-78
-251
-157
-279
-229
-216
165
-214
189
-290
-291
-206
-73
-581
-223
-282
-232
-163
-246
-237
-75
-229
-132
-268
-399
-280
-126
-202
-154
-105
-259
-195
95
-242
-279
-124
-258
-114
-236
-195
-322
-427
-238
-135
-248
-279
-223
-171
-227
-181
-633
-314
7
-265
-70
-112
-240
-261
-222
-183
-161
-233
-280
-218
-238
-306
-274
-201
-206
-236
-207
-255
-292
-296
-179
-318
-322
-207
-350
-266
-209
-205
45
-76
-281
-198
-176
-231
-192
-127
-225
-207
-216
-306
-261
-213
-247
-185
-161
30
-156
-23
-214
-288
-139
-266
-294
-217
-293
-361
-329
-250
-179
-204
36
-130
-146
-298
-451
-141
-226
-268
-187
-226
-228
-204
-63
-202
-91
-182
-203
-229
-275
-162
-270
-182
-272
-314
-309
-110
-259
-24
-238
-241
-321
-51
-240
-174
-296
-41
-26
-181
-332
-184
-273
64
-234
-333
-169
-149
-183
-283
-291
-185
-339
-100
-1
-113
-161
-365
-336
-238
-166
-158
-51
-198
-255
-109
-161
-276
-166
-126
-29
-226
-156
-220
454
-341
-153
-208
-235
-204
-214
47
-233
-185
-198
-165
-249
-244
-285
-203
-237
-72
-216
-56
-209
-238
-147
-196
-99
-36
-255
-293
-184
-237
-158
-193
-280
-262
-71
-134
-154
-126
-215
-108
-355
-254
-213
-196
-234
-343
-218
-205
-146
-80
-222
-205
-255
-246
-162
-113
-287
-258
42
-321
-275
-180
-109
-46
-240
-290
-272
-105
-206
-232
-246
13
-222
-102
-129
-269
0
-267
41
-292
-280
-98
-193
-317
-270
-255
-308
-358
-316
-177
-241
-214
-340
-238
-326
-195
-73
-262
-243
-289
-174
-104
-279
-209
-193
-98
186
-113
-230
-107
-183
-182
-179
-118
-227
-165
-274
-356
-185
-269
-139
-236
-252
-232
-214
-76
-306
-264
-334
-205
-305
-140
-449
-212
-296
1055
-229
36
171
-378
-141
-251
-791
148
-199
-227
-109
-185
-149
-134
-248
-95
-175
49
-195
-312
-48
-98
-235
-204
-220
-101
-143
-298
-128
-213
-146
-226
-325
-205
-243
-199
-234
-283
-48
-215
-152
23
-304
-342
-209
-226
-236
-252
-144
-151
-240
-266
-196
-248
-53
-219
-280
-164
-205
-176
-401
-301
-214
-290
-169
-303
-189
-377
-262
-64
-231
-381
-202
-6
-240
-244
-74
-268
-275
-312
-261
-168
-69
-268
-260
-288
-193
-73
-280
-153
-245
-219
-86
-322
-253
-94
-102
-307
-179
-135
-284
-250
-251
-295
-254
-134
204
-203
-254
281
-282
-262
-201
-306
-193
-284
-237
-207
-256
-241
-268
-221
-259
-249
-158
-125
-286
37
-230
-234
-124
-149
-35
-135
-205
-171
-249
-239
-268
-56
-236
-304
-5
-345
-278
-149
-224
-195
81
-367
-233
-323
-230
-196
-328
-278
-206
-386
-272
-205
-36
-288
-242
-200
-201
-43
-242
-131
-328
397
-107
-50
52
-212
-179
-281
-315
-251
12
-213
-108
-157
-267
-291
-237
-276
-43
-217
-207
-218
-118
-168
-270
-204
-310
-17
-282
-137
-269
-188
-181
-127
-167
-190
-235
-195
-186
-256
-168
-271
-348
-468
-237
-290
-303
-243
-219
-173
-162
-133
-194
-169
-209
-159
-245
-170
-98
-301
-249
-181
-279
-195
-319
-272
-182
-304
-16
-359
-184
286
-206
-247
-192
-251
76
-245
-142
-263
-190
-157
-250
-245
-316
-233
-229
-263
-154
-222
84
-271
-241
-151
-254
-269
-238
-185
-205
-189
-182
-304
-417
-141
-56
-206
-317
-353
-218
-278
-225
-252
-312
-348
-227
-128
-253
-219
-142
-253
-261
-531
-256
69
-68
-235
-266
-193
-228
-87
-377
-231
-320
-214
-299
-242
-162
-182
63
-23
-276
-231
-344
3
-313
-347
-317
-213
189
-76
-314
-38
-12
-176
-87
-136
-216
-164
-157
-312
-210
-191
-130
-212
-187
-207
-219
-237
-307
-170
-280
-262
-245
-263
-404
134
-378
-160
-161
-186
-103
-265
-248
-398
-277
-169
-174
-632
-225
-134
-171
-234
-16
183
-168
-218
-276
-44
-294
-31
-325
-204
-183
-247
-187
-94
-181
-316
-223
-282
-377
-192
-384
-337
-231
-95
-193
-302
-372
-311
-317
-225
-244
-225
10
-262
-336
-259
-259
-327
-85
-220
-242
-254
-488
-230
-264
-292
-221
-186
-237
-324
-275
-83
-227
-144
-331
-270
-325
-89
-204
-20
-201
-242
-193
-125
-134
-160
-258
-255
-230
-300
-270
-214
-158
-268
-273
-342
-318
-152
-194
-128
-283
-54
-190
-158
-276
-141
-166
-162
-282
-102
-156
103
-210
-134
-389
-49
-268
-287
-184
-194
-272
-223
-196
-210
-198
-310
-246
-199
-207
-258
-215
-312
-249
134
-204
-247
-113
-265
-298
-282
-114
-31
152
-310
-199
-232
-54
-176
-240
-259
-242
-231
-150
-303
-288
-35
-296
-340
-257
-697
-67
-140
-231
-334
-270
-215
-713
-117
-80
-301
-72
-130
-230
-198
-189
-224
-287
-258
-79
-219
-232
-220
-337
-264
-61
-286
-228
-198
-281
-255
106
-246
-224
-69
-212
-167
-182
-228
-114
-263
-193
-214
-256
-144
66
-278
-421
-43
-207
-68
-172
-387
-172
-267
-1
-190
-153
-108
-130
-231
-377
-237
-147
255
-247
-90
-107
-11
-164
-62
61
-252
-233
-233
-242
-552
-206
-135
77
-288
169
-305
-244
-153
-238
-238
-450
-159
-141
-294
-247
-160
121
-4
-111
-203
-289
-237
-154
-274
-328
-236
-248
-23
-223
-165
-59
-339
-285
-13
-266
-353
-61
-65
-171
-160
-171
-284
-63
-298
-184
-170
30
-343
-276
-203
-192
-13
-154
-153
-209
-21
-226
-285
-171
-255
-156
-208
-241
-275
-195
-143
-192
-303
-281
-250
-48
-212
-109
-131
-292
-145
-185
-223
-158
-264
-155
-175
-243
-120
-57
-78
-263
-236
-36
-203
-266
-161
-241
-362
-261
-213
-263
-148
-311
-285
-219
-343
-72
-184
-185
-321
-297
61
-256
-265
-212
-190
-37
-200
-199
-293
-82
-343
-167
-167
-248
-285
-278
-182
-260
-101
-217
-129
-71
-19
-173
10
-92
-229
-216
-220
-238
-256
-279
-208
-135
-178
-218
-128
-248
-128
-270
-135
227
-226
-214
-105
-217
-236
-275
-203
-297
-459
-250
-66
-213
-57
-210
-219
-249
-190
-219
-302
-202
-279
-38
-143
-125
-253
-199
-231
-66
-182
-60
-159
-253
-127
-424
-239
-133
-315
-132
-246
-40
-271
-171
-365
-207
-252
-105
11
-123
-147
-252
-141
-267
-265
-210
-303
-133
-320
-194
-199
-284
-72
-198
-216
-222
-118
-185
-126
-122
-225
-184
-191
-333
-291
-171
-253
-317
-234
-191
-135
273
145
-313
-207
-285
-197
-262
-254
-374
181
-221
-313
-188
-140
-303
-49
-46
-72
-73
-169
-219
-70
-244
-218
-119
44
-191
-183
-184
-245
-116
47
1
-89
-285
-229
-225
-277
-199
-174
-145
-267
-482
-228
80
-331
-324
178
-187
-252
-134
-39
-166
-212
-259
-127
-261
-173
-34
-64
-141
-315
-300
-177
-127
-136
-190
-295
-144
-195
-233
-296
-312
-126
-195
-259
-220
-520
-89
-115
-361
-224
-159
-304
-258
-282
-155
-66
-150
-538
-311
-254
-245
-311
-136
-272
-19
-221
42
-186
-309
-219
-157
-227
-317
-230
-176
-147
-154
-202
-227
-256
45
-28
-328
-327
-268
-250
-232
-393
-250
-107
-253
-220
-228
-247
-170
-104
-161
-310
-265
-152
-259
-268
-208
-244
-127
-216
-183
-269
-270
-259
-281
-217
-265
-327
-240
-328
-103
-291
-238
-243
-296
-63
-149
-16
-242
-125
-269
-18
150
-258
-85
-353
-330
-231
-294
-83
-63
-177
-211
-283
-304
-211
-291
-315
-54
-204
-255
-29
-270
-193
-278
-285
-264
-248
-224
-364
-189
-201
-146
-300
-272
-23
-301
-256
-252
-247
-118
-285
-235
189
-206
-326
-88
-253
-299
-295
-138
-218
-131
-245
-189
-332
-163
-261
-174
-236
-278
-347
-379
-64
-255
-210
-187
175
172
-212
-216
-216
-155
-231
-244
-166
-255
-5
-209
-274
-187
-196
-94
-211
-236
-252
-181
-273
-103
-355
-280
-280
-246
-199
-252
-145
-26
-267
-259
-205
-266
-171
-239
-141
-59
-332
-131
-158
-174
-296
-322
-278
-102
-235
-179
-320
-284
-253
-106
-5
-123
-139
-256
-280
75
-279
-255
-278
-297
-219
-251
56
-290
195
-8
-119
-260
-379
-143
-202
15
84
-320
-195
-277
-280
-259
-200
28
-287
-263
-283
-51
126
-6
-165
-336
-337
-320
-185
-245
-261
-174
-254
-272
-3
-179
-353
20
-243
-96
-140
118
-176
-316
-210
-244
-215
-278
-51
-230
-301
-468
-244
-254
-326
-134
-170
-138
-219
-206
-130
-205
-213
-286
-166
-195
-204
-147
-457
-136
-119
-280
-173
-284
-254
-90
-58
-182
-225
-84
-299
-139
-138
-185
-298
-246
-184
-153
-328
-190
-299
-385
-281
-183
-224
-273
-208
-423
-242
-168
-246
-256
-344
-368
-226
-217
-177
-268
-252
-280
-379
-182
-132
-158
-228
-261
-161
-161
-261
-230
-72
-291
-255
-295
-224
-318
-140
-243
-515
-181
-165
-179
-144
-306
-242
-118
-241
-239
-128
-157
-310
-218
-83
-60
-187
-217
-57
-169
-94
-157
-93
-301
-78
-82
-290
-234
-116
7
-292
-83
-310
5
-189
-199
-310
-126
-166
-223
-260
-161
-172
-375
-308
-406
-226
-271
-284
-310
-65
-233
-94
-181
-259
-180
-388
-421
17
-261
-341
-99
-186
-202
-321
159
-248
-243
-318
-226
-235
-272
-277
-208
-146
-145
-269
-507
-135
-220
-36
14
-131
-245
-279
-131
-55
-310
-199
-106
-302
-144
-230
-164
-303
-98
-176
-113
-206
-226
-227
-247
-145
-262
-233
-264
-246
-295
-432
-178
122
-162
-373
-237
-72
-248
-227
-268
-290
-241
-48
-169
-557
-120
-346
-312
-237
-207
-208
-198
-116
-190
-233
-224
122
-98
-58
-275
536
-237
-126
-251
-288
-205
-256
-378
-112
-225
-264
-112
-240
-718
-232
-303
-79
-286
-472
-192
-209
-167
-226
-226
-318
-158
