3581
3514
3421
3460
3323
3494
3421
3606
3591
3548
3411
3195
3326
3336
3565
3496
3411
3510
3584
3319
3449
3334
3560
3492
3379
3340
3244
3450
3109
3582
3599
3316
3364
3516
3622
3526
3496
3383
3422
3075
3563
3495
3615
3422
3635
3373
3436
3651
3617
3540
3413
3533
3418
2974
3390
3287
3512
3089
3618
3307
3553
3379
2885
3291
3606
3480
3555
3506
3370
3519
3413
3578
3539
3369
3584
3134
3451
3041
3372
3319
3532
3620
3538
3437
3253
3315
3305
3510
3540
3454
3381
3521
2383
3400
3371
3459
3070
3328
3499
3629
3641
3611
3622
3349
3370
2923
3544
3581
3498
3348
3496
3470
3332
3476
3548
3502
3368
3670
3589
3367
3456
2931
3408
3473
3169
3261
3383
3401
3502
3302
3618
3451
3072
3364
3539
3595
3420
3398
3481
2972
3567
3533
3617
3607
3477
2470
3612
3481
3474
3117
3508
3410
3121
3539
3577
3380
3530
3229
3505
3144
3524
3623
3436
3561
3439
3533
3507
3247
2394
3601
3618
3482
3281
3259
3588
2951
3463
3437
3412
3413
3467
3663
3528
3527
3578
3459
3522
3454
3552
3471
3576
3392
3408
3495
3434
3463
3593
3303
3370
3355
3502
3440
2918
3345
3513
3306
3550
3388
3525
3395
3455
3489
3487
3390
3472
3152
3030
3603
3104
3322
3504
3520
3500
3341
3499
2743
3405
3333
3509
3495
3447
3576
3393
3617
3577
3483
3366
3312
3601
3242
3490
3622
3541
3422
3512
3161
3236
3416
3339
2739
3352
3456
3473
3580
3600
3426
3318
3459
3392
3535
3586
3515
3555
3579
3250
3320
3610
3448
3513
3615
3562
3561
3486
3572
3691
3564
3294
3546
3385
3497
3294
3528
3619
3070
3533
3549
3452
3531
3372
3667
3335
3025
3436
3465
3387
3299
3091
3241
3486
3599
3619
3522
3536
3605
3307
3511
3209
3593
2514
3577
3521
3002
3392
3465
3611
3554
3583
3568
3445
2948
3488
3393
3320
3429
3606
3612
3409
3539
3568
3425
3348
3161
3566
3470
3550
3463
3371
3553
3542
3489
3324
3756
3463
3600
3372
3024
3570
3414
3436
3367
3511
3570
3575
3115
3559
3560
3503
3398
3366
3399
3541
3436
3412
3349
3527
3525
3301
3572
3517
3361
3488
3539
3576
3491
3525
3602
3620
3530
3418
3584
3457
1475
3550
3396
3450
3566
3428
3572
3575
3473
3309
3467
3379
3408
3579
3670
3478
3256
3473
3581
3501
3271
3441
3572
3289
3383
3576
3425
3396
3607
3420
3431
3592
3595
3504
3388
3475
3522
3614
3020
3450
3012
3640
3369
3327
3423
3499
3299
3551
3233
3599
3256
3510
3330
3562
3594
3350
3440
3554
3460
3403
3586
3347
3093
3535
3394
3506
3347
3487
3254
3561
3611
3458
3395
3645
3656
3603
3576
3402
3444
3428
3056
3647
3469
3480
3393
3316
3312
3476
3489
3498
3324
3489
3505
3449
3502
3417
3510
3362
3422
3586
3496
2975
3502
3394
3490
3449
3511
3323
3484
3516
3542
3364
3570
3607
3514
3079
3405
3522
3348
3374
3508
3496
3308
3421
3680
3367
3564
3522
3603
3360
3370
3468
3614
3480
3244
3528
3101
3332
3436
3580
3148
3609
3395
3467
3580
3525
3611
3547
3153
3319
3361
3689
3491
3613
3477
3520
3503
3401
3845
3392
3097
3558
3410
3523
3060
3489
3460
3292
3405
3601
3291
3442
3539
3588
3514
3503
3307
3469
3550
3525
3428
3512
3588
3307
3462
3352
3578
3520
3590
3444
3678
3513
3211
3464
3494
3641
3071
3570
3581
3312
3606
3527
3508
3511
3558
3110
3638
3420
3632
3606
3570
3586
3507
3237
3413
3471
3555
3586
3563
3565
3701
3596
3472
3556
3304
3574
3274
3457
3513
3648
3220
3558
3330
3233
3536
3381
3630
3540
3389
3202
3519
3598
3556
3487
3450
3448
3465
3568
3605
3435
3133
3404
3358
3572
3385
3547
3637
3345
3476
3423
3307
3580
3347
3608
3448
3452
3612
3500
3303
3647
3462
3403
3370
3084
3283
3162
3551
3538
3473
3574
3698
3509
3584
3562
3365
3545
3454
3476
3455
2994
3596
3473
3351
3579
3546
3345
3363
3535
3484
3631
3601
3372
3546
3565
3494
3270
3667
3494
3604
3459
3658
3430
3588
3466
3482
3412
3277
3478
2962
3606
3508
3467
3575
3568
3445
3239
3346
3584
3600
3158
3497
3175
3544
3501
3534
3478
3466
3636
3419
3298
3544
3637
3485
3490
3535
3457
3424
3438
3489
3519
3534
3541
3829
3048
3446
3534
3374
3685
3247
3557
3514
3563
3463
3396
3459
3434
3523
3502
3566
3585
3553
3386
3427
3453
3347
3117
3535
3460
3157
3496
3389
3461
3301
3510
3336
3526
3661
