-180
-242
-241
-3
-271
-196
-192
-283
-237
-415
-266
-265
-351
-98
-437
-97
-285
-321
-183
-235
-95
-375
-305
-229
-244
-26
-252
-138
-199
-466
-245
-94
-214
-52
-6
-387
-483
-258
-77
-266
-238
-314
-159
-265
-224
-197
144
-212
-310
-211
-286
-154
-183
-263
-374
-255
-255
-178
-54
795
-178
13
-260
-283
-312
-336
-285
-9
-259
-140
-286
-337
-329
-369
-79
-309
-312
-250
-136
-272
-102
-149
-223
-319
-166
-264
-319
-8
-261
-239
-205
-270
-287
-230
-345
-25
-183
-24
-226
-276
-266
-279
-201
-208
-289
-161
-208
-226
-139
-283
-286
-304
-216
33
-299
-237
-201
-293
-237
-234
-94
-202
-75
-145
-219
-305
-201
-192
-337
-479
-316
-234
-94
-191
-145
-197
-130
-262
-183
-73
-145
-82
-217
-135
-86
-266
-178
-248
35
-234
-188
-146
-283
-86
-22
-173
-381
-86
-180
-107
0
-194
-337
-60
-304
-189
-382
-228
-143
-319
-265
-380
-256
-192
-258
-39
-227
-293
-482
-201
-280
-65
-184
-222
646
-92
-287
-312
-195
-313
-175
-153
-271
-96
-270
-230
-127
-202
-79
-157
-33
-304
-303
-195
-274
-203
-142
-98
-187
-180
-332
-283
-69
-211
-219
-48
-223
-240
-218
-268
-114
-209
-184
-234
-334
-168
-227
-122
-26
-72
-159
11
-268
-219
-221
-288
-68
-217
-384
-381
-311
-194
-263
-139
-175
-139
-214
-311
-58
-166
-222
-186
-99
-229
-209
-285
-262
300
-309
-124
-153
-277
-191
-194
212
-351
-193
-181
-368
-228
-220
-337
-289
-221
-182
-204
-186
-321
-123
-224
-176
-304
-35
-122
-186
-152
-138
-128
-263
-95
-212
-169
-316
-300
3
-157
-223
-184
-279
-263
-234
-116
-251
-267
-246
-231
-239
-27
-292
-204
-180
-53
-224
-361
-241
-239
-271
-226
11
-176
-231
-213
-108
-177
-241
-209
-158
-329
-203
-152
65
-147
-319
-86
-159
-180
-349
-307
-196
793
-240
-117
-81
-324
-271
-190
-204
-222
-185
-326
-139
-83
-245
-287
-286
-15
-173
-160
-184
-90
-319
-161
-150
-165
-348
-201
-192
-265
-162
-264
-211
-225
-140
-285
-338
-177
-149
-310
-374
-262
-200
2
-113
-210
-258
-297
-308
7
-282
-170
-300
-292
-208
-211
-283
-237
-145
-283
-98
-221
-289
-133
-134
-152
-207
-290
-324
-123
-258
-25
-255
-249
-201
-217
-355
-169
-220
-484
-44
-220
-148
16
-242
-286
-211
-323
-212
-197
-187
-154
-54
-89
-159
-309
-484
-288
-338
-360
-304
-240
-264
-256
-161
-120
-155
-223
54
-227
-213
-395
-213
-127
-94
-273
-225
-140
-133
82
-174
-123
63
-55
-321
-223
-238
-321
-228
-283
-50
40
-270
-253
-282
-282
-185
-66
-308
33
-184
-31
-52
24
-174
-244
-260
-407
-298
-244
-300
-227
-164
-352
-225
-173
-292
-225
-276
-265
-111
-321
-172
-75
-199
-249
-248
-261
-219
-219
-352
-215
-177
-127
-220
-169
-200
-213
-28
-353
-230
-296
-358
-238
-126
-133
-253
-238
-134
-336
-322
-213
-342
-78
-246
-138
-233
-309
0
-281
-198
-389
-374
-235
-67
-182
-192
-184
-216
73
-223
-270
-14
-94
-319
-265
-203
-283
-160
-104
-186
-293
-290
12
-631
-197
-160
-184
-3
-239
-117
-293
-112
-148
152
-216
-76
-139
-328
-317
-239
-124
-345
-286
-191
-172
-331
-177
-374
-291
-270
-384
-230
-257
-182
-38
-288
-222
-248
181
-197
-397
-286
-113
-241
-213
-133
-222
-287
-291
-409
-62
-274
79
-64
-315
-191
-213
-307
-265
-115
-177
-149
-91
-136
-223
-240
-244
-548
-228
-287
-223
-255
31
-313
-318
-120
-319
-221
-242
-207
-221
-195
-127
-83
-15
-287
-263
-317
-152
69
-58
-378
-90
-229
-234
-83
-372
200
-304
-36
-174
-268
-172
-210
-202
-148
-305
-280
-215
-516
-258
-151
-196
-293
-27
-112
-200
-299
-251
-164
26
-234
-318
-72
-167
-257
-275
-251
-222
-346
-267
-250
-202
-113
-247
-187
-279
-119
-236
-238
676
-123
-245
-242
-154
-225
-236
-161
-308
-130
-343
153
-58
-292
-61
-107
-327
-207
-310
-225
-260
-232
-250
-123
-218
-202
-138
-541
-172
-381
-143
-131
-425
-295
-452
-257
-221
-294
-242
100
-433
-56
-284
-273
-300
-272
-243
448
-833
-256
151
-114
-188
-310
-239
-213
-340
-207
-178
232
-232
-186
-114
-78
-145
-385
-179
-266
-179
-346
-263
-225
-70
-2
-291
-146
-233
-197
-297
-127
-218
-204
-96
-199
-267
-402
-260
-238
-174
-224
-471
-123
-297
-40
-214
-251
-211
-167
-204
-223
-60
-248
-168
-263
-222
-407
-183
-9
-363
66
-306
-271
-173
-163
67
-107
-219
-235
-236
-176
-71
-215
-137
-228
-259
-184
-59
-87
-219
-354
-59
-335
-244
-224
-220
-59
-277
-230
-246
-316
-191
-243
-90
-217
-14
-253
-165
-51
-337
-175
-282
-241
-238
-115
-153
-246
-185
-81
-230
-127
-460
13
-307
-188
-89
-250
-192
-175
213
-202
-273
-281
-289
-133
-254
-190
-147
-247
-26
-316
-100
-164
-192
-158
-196
638
-324
-165
-281
-23
-209
-371
8
-240
-150
-131
-214
-178
-249
-256
-239
-197
-204
-281
133
-275
-158
-246
-279
-204
-147
-59
-316
-227
-145
-126
-231
-166
-131
-58
-115
-238
-108
-191
-220
-199
-223
-258
-247
-366
-292
-150
-151
-400
-230
-210
-168
-144
-287
-42
-200
-330
-276
-134
-304
-109
-189
-321
-232
-237
-275
-330
-37
-175
-224
-241
-345
-329
-183
-233
-379
65
-83
-346
-295
-215
-136
-318
-273
-249
-133
-269
-105
-258
-73
-247
-148
-196
-136
-228
-259
-182
-283
-1
724
-68
-283
-242
-234
-177
-242
-510
-147
-309
-152
-162
-117
-177
-174
-76
-240
-335
-114
-236
-144
-150
-237
192
-222
-354
-228
-249
-166
-220
-147
-276
-273
-127
-162
-265
-84
-99
-122
-194
-82
-279
-39
-125
-119
-282
-196
-156
-201
-255
-376
-255
-251
-287
-222
-274
-40
-186
-334
-122
-330
-28
33
102
-22
-189
996
-231
-169
-120
-136
-434
131
-285
-75
-246
-306
-107
-71
-178
-227
-160
-407
-170
-287
-299
-196
-241
-408
-228
-206
-100
-75
-233
-303
-229
-233
-108
-167
-162
-209
-425
-327
-172
-238
-260
-351
-194
-231
-179
-250
-127
-223
-155
-295
-192
-185
-163
-258
-224
-200
-69
-273
-91
-325
-212
-418
-83
44
-247
-103
-200
-122
-231
-157
-330
-91
-147
-89
-392
-36
-155
-150
-226
-202
-115
-118
584
-202
-95
-241
30
160
-271
-284
-306
-3
-129
-129
-216
-2
-181
-268
-172
-188
33
-266
-257
-147
-222
-175
-231
-248
-238
-327
-251
-230
-269
-195
-109
-76
-384
-504
-109
-75
-228
-206
-190
-175
-240
-171
867
18
-274
-312
-221
-161
-375
-172
-169
-230
-320
-7
-278
-130
-203
-120
-164
-271
-195
-414
-246
-8
-215
-230
-243
-196
-396
-251
-73
-248
-359
-175
-265
-294
-185
-161
-213
-207
-312
-321
-199
2
-246
-494
-291
-37
-90
-261
-125
-139
-399
70
-200
-370
-167
-170
-73
-155
-151
-481
-65
-188
-411
-70
-156
-276
-149
-345
-89
53
-299
-247
-115
-211
-291
-209
-400
-222
-155
-335
-302
-140
-289
-246
-301
-156
-205
-288
-231
-301
-208
-236
-139
-275
-293
-273
-230
1039
-138
-25
-225
-325
-132
-204
-214
-152
-193
-242
-238
-168
-175
-111
-336
-19
-252
-215
-289
-272
-169
-110
834
12
-151
-262
-85
45
-170
-182
-169
-209
-153
-123
-244
-155
-29
-82
-270
-249
-375
-46
-608
-91
-192
-253
-53
-190
-307
-376
-270
-308
-386
-560
-118
-92
-318
460
-63
-185
-77
-189
-155
-256
-287
129
-167
-191
-84
-208
-19
-202
-22
-216
-278
-175
-821
-98
-282
-130
-330
-200
-251
-56
-252
-254
-226
93
-220
-40
-229
-226
-303
-231
-24
-274
-195
-135
-304
-220
-185
-18
-301
-321
-116
-157
-235
-653
-92
-146
-251
-393
-129
-195
-201
-318
-214
-179
-207
-293
-71
-326
-278
-120
-211
-159
-284
-231
-167
-46
-359
-135
-197
-285
-189
-277
-159
-243
-212
-219
-165
-297
-144
15
-173
-162
-159
-307
-13
-241
-302
-304
-261
-161
-192
-17
-41
-348
-98
-156
-179
-135
-80
-233
-275
-162
-233
-243
-245
-38
-469
-83
-593
-234
-269
-29
-182
558
-320
-341
-177
-204
-383
-187
208
-309
-341
-203
-294
184
-318
-231
-233
-210
-144
-300
-51
-115
-261
-255
-253
-258
-105
-188
-285
-325
-188
-315
-267
-155
-312
-235
-115
-234
-305
-340
-148
-171
-285
-144
-240
-287
-265
-259
22
-230
-83
-235
-135
-306
-4
-179
-99
29
-232
-318
-207
24
-192
-237
-183
264
-247
716
-236
-78
-318
-325
-299
-277
-312
-173
-212
-87
-471
-203
-278
-179
-395
-19
-257
-222
-225
-237
-251
-268
-182
-266
202
-215
-288
936
-222
-271
-183
-243
-142
-151
-269
48
-302
-61
313
-95
-233
-73
-78
-223
-237
-325
-313
-62
-684
-251
-211
26
-98
-217
-303
-297
-53
-241
-362
-271
-247
-331
-316
-177
-188
-640
-102
-246
-217
-403
-235
-89
-186
-261
-230
-299
-200
-264
-315
-361
-229
-314
-152
-222
-254
-282
-292
-242
-152
-190
-198
-107
-269
-313
-318
-263
-279
-208
-105
-368
221
-245
-150
-131
-273
-291
-178
-218
-281
-154
-269
-229
-247
-161
-198
-304
-300
-273
-213
-489
11
-141
-186
-198
-214
-139
-201
-153
-193
-327
-187
-171
-296
-311
-183
-156
-323
-451
-98
-45
-350
-367
-200
-175
-312
-121
-301
-115
-235
84
-78
-123
-18
-386
697
-337
-307
-316
87
-231
-281
-188
-252
-268
-222
-254
-160
-322
-402
-180
-138
-242
-275
-253
-195
-31
-387
-223
-176
-312
-152
-283
-233
-174
-188
-378
-169
-248
-138
-237
-198
515
-252
-210
-258
-69
-211
-259
-230
-234
-139
-189
-245
-214
839
-192
-242
-209
-218
-87
-140
-97
-154
-256
-229
-200
70
-338
117
-96
-242
-511
-299
-245
-161
-14
-383
-11
-187
-271
-282
-106
-241
-397
-396
-282
-157
-175
-9
-120
34
-184
-186
-138
-158
-31
-300
-158
-311
-395
-231
-219
-264
-148
-239
-151
-272
-245
-263
-235
-236
-176
-211
-305
-289
-144
-53
-402
-252
-208
-67
-171
694
-339
-56
-157
-282
-206
-152
-257
-325
-457
-247
-225
-128
-148
-294
-221
-639
-167
-123
-237
-88
-195
-182
-85
-258
-181
-358
-177
-189
-292
-321
-332
-253
-191
-291
-339
-224
-285
-238
-218
-318
-376
-286
-230
-127
-318
-292
-40
-54
-185
136
-248
-268
-273
-398
-158
-8
-322
-167
-121
-17
-194
-131
1
-193
-125
-150
-324
-230
-30
-113
-229
-181
-212
-381
-257
-152
-241
-165
-317
-197
-256
-129
-405
-318
-211
-188
-287
-128
-292
-244
-288
-199
-199
-132
-202
-360
-181
88
-246
-391
-321
-546
-65
-189
-203
-169
-229
-282
-172
-217
-179
-195
-162
-129
22
-93
-535
-201
-237
258
-225
165
-126
-334
-286
-276
-257
-46
-223
-39
-190
-44
-462
71
-16
-195
-389
-257
-315
-504
-140
-364
-157
-212
-211
-81
-218
652
-342
-135
26
-240
-331
-278
-232
103
-127
-307
-239
-236
-419
205
174
-40
-190
-241
-240
-138
-212
-181
-304
-258
-244
-274
-350
-124
-217
-389
-136
-417
-176
-251
-334
-187
-286
-144
-149
-269
-238
-77
-264
-235
-212
-282
-296
-329
-129
-237
-241
-91
-332
-161
-244
-317
-67
-241
-48
-176
-249
-187
-234
-265
-157
-244
-337
-422
-305
56
-217
-178
-242
-218
-5
-273
-139
-265
-296
57
-237
-49
-290
-85
-145
-227
-193
-209
-122
-168
-197
80
-216
-369
-597
-233
-123
-207
-323
-297
-284
-121
-236
-218
-260
-365
-182
-158
-147
-292
-163
-276
-212
-249
-372
-160
-211
-102
-199
-208
-246
-58
-199
-250
114
-227
-238
-295
-324
-247
-194
-83
-170
-274
-186
-178
-246
-326
-610
-76
-57
-214
-305
-178
-254
-125
-159
-244
-432
-106
-182
-163
-303
-171
-138
-221
-263
-233
-104
-322
-139
-211
-155
-314
93
-215
-254
-249
85
-226
-102
-39
-333
-207
-163
-183
-483
-201
-151
-205
-245
-155
-365
237
-145
-335
-127
-77
-308
-207
-292
-163
-267
-183
-220
-342
-232
-135
-126
-87
-243
-210
-234
-305
146
958
-270
-179
-172
-238
-68
-219
-169
-42
-4
-247
-214
-150
-164
-73
-271
-183
-445
-195
-152
-178
-336
-171
-467
-272
-196
-231
-40
-213
-161
-224
-170
-287
-220
-57
-227
-237
-152
-329
-215
-32
-225
-545
-273
-353
-161
-339
-94
-390
-132
-341
-273
-310
-162
-5
-120
-442
-296
-190
-247
-308
-40
-265
-186
-224
-342
-369
93
-421
-37
-113
-168
-213
-167
-211
-215
-210
-181
-334
-295
-205
-81
-175
-362
-240
-308
-195
-24
-232
-240
-275
-155
-54
-38
-302
-150
-249
-283
-136
-195
-43
-258
-118
-205
-276
-285
-306
-163
-270
-138
-258
-324
-258
-241
-165
-330
-243
-290
-185
-180
-191
-106
-324
-66
-270
-241
-178
-211
-230
-109
-153
-179
-217
-175
-249
-189
-287
-306
-144
-288
-194
-64
-119
58
-118
-145
-266
-199
-258
-100
-224
-407
-276
-239
-353
-139
-151
-183
-111
1038
-94
-266
-323
-213
-228
-411
-191
-168
-226
-297
-296
-238
-328
-351
-260
-39
-122
-243
-367
-146
-225
-316
-4
-289
-237
-115
-92
-110
-295
-292
-92
-127
-295
-96
-353
-266
-192
-144
-367
-283
-246
-235
32
-400
-157
-170
-441
-257
-269
-256
-188
-83
-307
-318
-216
-70
-287
-57
-237
-63
-279
-246
-108
172
-160
-651
-156
-406
-125
-22
-205
-264
-196
-274
-321
-148
-165
-110
-268
-109
-19
-249
-242
-199
36
-55
-252
1
-391
-240
-148
-314
-267
-67
-281
-89
-208
-323
-181
-105
-2
-355
88
-280
-165
-194
-387
-246
-270
-137
-261
-179
-61
75
-52
-240
-155
-167
-285
-311
-268
-47
-186
-211
-320
-243
-141
307
-69
-8
-177
1
-52
92
-152
-272
-613
-189
-45
-273
79
-203
-132
-237
-232
-165
-244
-299
-100
-302
-306
-167
105
-162
-120
-171
-263
-65
-257
-75
-226
-224
-169
-289
-143
-227
-164
-111
-328
-284
-90
-200
-80
-153
-175
-193
-270
-191
-229
-193
-178
-350
-309
-144
-360
-256
-144
-308
-314
-246
-359
-141
-289
-126
-206
-326
-127
-210
-235
-445
-333
-188
-122
-211
-151
-221
-282
-328
-262
-301
-149
-317
-182
-42
-327
-54
-253
-190
-274
-157
-303
-258
-329
15
-412
-392
-104
-412
-315
-199
-238
-53
-156
-186
-200
49
-261
-291
-563
-180
-182
-211
-85
-367
-218
-350
-119
-337
-206
-285
-211
-206
-445
-95
-191
-207
46
-285
-376
-353
-100
-188
-250
-404
-294
1
-251
-150
-316
-376
-189
-141
-261
-232
81
-271
-50
-284
-272
-368
-331
-142
-293
-184
-230
-238
-34
-326
-305
-188
-291
-295
-638
-191
-293
-87
-241
-292
-241
-25
-250
-180
-228
46
-266
-164
-220
-219
-230
-197
-332
-472
-233
-314
-184
-192
-169
-201
-52
-79
-279
-272
-279
-121
-68
-120
-269
-408
-108
-358
-196
-179
-513
-217
-121
-205
-205
-34
-183
-3
-229
70
-267
-212
-320
33
-135
-234
-256
-297
-273
-25
-115
-204
-272
-177
-91
-272
-82
-34
-262
-117
-242
-205
-388
-203
-296
-100
-212
-312
-266
50
-161
-306
-224
-371
-231
-198
-227
-266
-360
-68
-187
218
-114
-354
-195
-319
-322
-287
-89
-387
-40
-252
-339
83
150
-235
-292
-185
-7
-356
-297
-401
16
-231
-182
-250
-261
-75
-337
-180
-118
-227
-173
-129
-321
-301
-216
-258
-171
-9
-265
-322
-283
-231
-131
-245
-120
-146
56
-73
-266
-299
-290
-355
-249
-104
-99
-518
-245
-384
-328
-262
-410
-219
-70
-397
-206
-94
-233
-204
-156
-104
-64
-183
-65
-180
-415
-109
-315
-13
-375
107
-231
-253
-260
-5
-198
-279
-184
-236
-154
-109
-64
-264
-259
-111
-272
-108
-232
-487
-163
-25
-358
-134
-287
-85
-306
-346
-242
-369
51
-319
-182
-167
-298
12
-163
-39
-319
-154
-309
-301
-224
-72
-164
-303
-314
-190
-210
-167
-173
-44
-433
-237
-231
-198
-293
-127
-237
728
-191
-334
-284
-107
-169
-213
-120
-143
-275
-276
-173
-196
-230
58
-66
-89
-33
-182
-197
-518
-135
-75
-76
-405
-551
-205
-202
-224
-345
-237
-187
-537
707
-217
-167
-158
-161
-279
-410
-322
-318
-264
-181
-281
-254
673
-323
-167
-284
-205
-363
-182
-189
-209
-343
-166
-196
151
-240
-215
-172
-303
-365
-323
50
-330
-225
-54
-330
-310
-250
-197
-172
-345
-238
-272
-410
96
-250
-153
-169
-127
-386
-58
-244
-139
-407
-155
-262
-355
-312
-220
-250
-251
-496
-215
-294
-244
-241
-254
-134
-375
-105
-168
-193
-74
-276
-226
-106
-166
-247
-105
-189
-199
-167
-80
-342
-355
65
-232
-281
-166
-222
-231
-189
-191
-215
-347
-21
-475
-282
-116
-345
-165
-270
-139
-325
-222
-474
-428
-199
-188
-610
-215
-305
-178
-152
-53
-114
-252
-239
-325
-390
-188
-380
-87
-200
-232
25
-203
-180
-458
-77
-231
174
-265
-217
-54
-350
-184
-230
-310
-374
-594
-268
-191
-120
-361
-244
-180
-229
-175
-248
-114
-447
-190
-142
-154
-88
-224
-232
-202
-287
-305
-252
-302
-130
-39
-349
-303
-267
-373
-471
-308
-117
-206
-241
-261
100
-271
-217
-225
-94
-207
-95
-142
-453
-202
-243
-300
-257
-92
-198
-190
-286
-295
-317
-263
-187
-282
-99
-235
-189
-246
-469
-308
-232
-42
-361
-198
-144
9
-85
-151
-176
-120
-285
-224
