3650
3600
3346
3298
3954
3673
3606
3588
3548
3481
3141
3099
3251
3169
3555
3463
3245
3237
3753
3626
3698
3372
3580
3776
3256
3887
3156
3664
3336
3427
3648
3201
3730
3643
3590
3532
3698
3476
3644
3897
3608
3688
3723
3612
3483
3279
3828
3556
3747
3613
3638
3516
3890
3140
3531
3161
3458
3091
3515
3153
3591
3172
2710
3367
3475
3499
3455
3614
3463
3748
3689
3758
3564
3099
3701
3122
3524
2870
3100
3305
3543
3728
3758
3514
2878
3298
3340
3418
3547
3685
3376
3630
4248
3285
3400
3221
2779
3283
3520
3654
3730
3793
3535
3376
3174
2544
3416
3651
3563
3156
3574
3437
3261
3614
3557
3244
3391
3598
3644
3413
3479
2970
3346
3251
2840
3328
3511
3199
3490
3373
3646
3373
2764
3562
3497
3669
3536
3063
3572
2745
3785
3715
3666
3755
3293
3467
3637
3455
3574
3602
3274
3517
2935
3675
3683
3324
3534
3350
3599
2689
3627
3630
3225
3743
3381
3688
3569
3243
3527
3593
3575
3471
3269
3674
3792
3320
3058
3438
3299
3454
3452
3648
3476
3683
3687
3502
3800
3536
3649
3473
3634
4001
3816
3410
3596
3611
3633
3322
3382
3091
3634
3520
2808
3235
3411
3464
3487
3246
3569
3366
3271
3681
3433
3485
3486
2519
2852
3750
3013
3421
3582
3672
3536
3185
3498
2901
3247
3350
3568
3711
3380
3617
3454
3591
3525
3423
3505
3118
3639
3168
3323
3550
3457
3174
3269
2805
3228
3407
3334
3050
3330
4058
3346
3454
3661
3494
3422
3363
3223
3338
3686
3434
3661
3446
3278
3131
3471
3340
3415
3693
3468
3496
3411
3346
3670
3617
2960
3428
3382
3561
3195
3640
3663
2926
3621
3266
3612
3776
3392
3656
3372
2951
3583
3405
3625
2954
2867
3792
3520
3579
3705
3527
3548
3536
4197
3397
3333
3700
5475
3475
3246
2740
3278
3537
3570
3280
3654
3590
3564
2579
3567
3321
3423
3622
3596
3549
3224
3631
3597
3511
3124
2673
3425
3788
3725
3439
3433
3686
3620
3444
3156
3784
3151
3497
3189
2659
3708
3578
3450
3722
3516
3674
3615
2594
3594
3539
3410
3293
3364
3417
3661
3304
3332
3279
3495
3565
3176
3576
3617
3308
3533
3415
3762
3543
3685
3724
3590
3427
3385
3787
3556
13911
3563
3808
3421
3521
3552
3687
3535
3613
3307
3496
3578
3297
3625
3619
3545
3371
3514
3695
3337
3026
3154
3454
3049
3408
3651
3410
3620
3605
3396
3491
3682
3576
3446
3228
3373
3442
3547
3073
3400
3202
3592
3252
3481
3517
3441
3491
3600
3203
3553
3354
3597
3240
3589
3798
3557
3329
3590
3564
3401
3684
3342
2595
3534
3566
3880
3311
3632
3337
3647
3638
3776
3545
3789
3644
3406
3542
3237
3620
3503
3084
3646
3680
3615
3140
2985
3339
3220
3284
3785
3157
3454
3576
3184
3422
3351
3616
3490
3376
3559
3578
2794
3468
3365
3511
3330
3461
3317
3570
3632
3473
3331
3712
3560
3371
2683
3271
3641
3339
3226
3550
3224
3351
3251
3632
3363
3443
3643
3539
3147
3194
3401
3465
3484
3615
3625
2605
3789
3462
3630
3229
3749
3459
3384
3493
3337
3541
3563
2905
3439
3233
3675
3521
3667
3233
3563
3472
3263
3765
3250
2898
3548
3324
3663
3762
3557
3395
3472
3570
3669
3151
3487
3670
3661
3468
3514
3225
3679
3566
3593
3359
3449
3735
3355
3527
3263
3565
3485
3573
3414
3522
3490
2820
3449
3468
3560
2592
3766
3574
3351
3581
3645
3367
3564
3477
4081
3610
3215
3542
3642
3483
3789
3437
3239
3414
3560
3503
3496
3433
3345
3662
3634
3468
3635
3440
3777
3274
3576
3575
3420
3239
3630
3142
2546
3441
3262
3720
3592
3268
3251
3511
3690
3527
3516
3601
3737
3417
3312
3767
3404
3188
3347
3626
3509
3370
3577
3625
3193
3648
3531
3322
3521
2997
3678
3390
3412
3469
3298
3431
3698
3569
3435
3333
2790
3385
3165
3439
3559
3284
3574
3692
3670
3754
3541
3365
3672
3386
3491
3258
2576
3498
3400
3276
3608
3555
3629
3658
3711
3598
3668
3687
3509
3496
3636
3482
3215
3513
3661
3553
3473
3481
3447
3666
3552
3627
3473
2974
3371
2648
3758
3617
3362
3446
3666
3239
3341
3456
3634
3543
3191
3507
3278
3383
3298
3691
3409
3418
3646
3369
3109
3519
3627
3480
3490
3635
3366
3394
3465
3636
3553
3680
3676
3742
3483
3353
3641
3376
3675
3084
3536
3559
3716
3465
3236
3551
3337
3405
3546
3590
3743
3651
3289
3471
3543
3225
3407
3661
3470
3051
3592
3438
3350
3580
3566
3081
3330
3708
