3752
3629
3417
3450
3913
3706
3744
3665
3628
3509
3202
3456
3504
3412
3633
3541
3222
3335
3702
3923
3871
3524
3693
3684
3458
3882
3398
3639
3350
3523
3655
3419
3762
3677
3700
3647
3689
3624
3714
3879
3588
3808
3662
3609
3532
3434
4039
3594
3786
3643
3799
3615
3902
3141
3653
3202
3488
3437
3594
3325
3677
3304
2546
3598
3583
3618
3571
3617
3511
3772
3672
3723
3612
3002
3774
3173
3561
2574
3328
3345
3622
3738
3741
3513
3019
3282
3521
3614
3543
3715
3433
3614
4203
3530
3456
3269
2725
3374
3639
3677
3693
3748
3728
3434
3321
2325
3520
3622
3657
3254
3594
3541
3382
3661
3666
3543
3526
3681
3663
3490
3632
3204
3454
3420
2977
3298
3436
3196
3588
3467
3637
3449
2432
3586
3588
3782
3559
3204
3625
2923
3731
3751
3744
3768
3326
3251
3601
3539
3566
3613
3302
3579
3132
3677
3646
3453
3702
3560
3725
2598
3655
3629
3400
3745
3481
3703
3574
3396
3626
3612
3641
3578
3379
3801
3738
3527
3225
3511
3394
3494
3550
3647
3544
3801
3805
3559
3840
3649
3705
3517
3659
3962
3775
3410
3639
3684
3659
3535
3415
3350
3610
3611
2644
3437
3477
3568
3560
3282
3580
3500
3429
3624
3648
3520
3488
2276
2641
3716
2978
3493
3603
3655
3571
3402
3521
2735
3458
3271
3689
3663
3466
3634
3495
3704
3652
3523
3515
3194
3672
3315
3427
3668
3550
3229
3322
2689
3433
3390
3457
2920
3424
3956
3514
3535
3619
3467
3394
3454
3234
3543
3711
3585
3837
3583
3399
3295
3559
3666
3572
3721
3502
3585
3518
3423
3724
3644
3151
3593
3496
3621
3236
3755
3700
2982
3658
3224
3581
3844
3527
3611
3392
2796
3752
3555
3710
3121
2827
3982
3610
3754
3757
3563
3649
3613
3951
3773
3574
3675
7315
3580
3324
2645
3239
3547
3614
3497
3662
3655
3647
2305
3560
3436
3441
3541
3629
3641
3365
3613
3630
3482
3287
2513
3548
3836
3760
3440
3549
3758
3692
3514
3277
3773
3333
3525
3330
2619
3654
3608
3446
3804
3496
3746
3614
2657
3649
3562
3574
3443
3516
3525
3676
3299
3449
3331
3636
3796
3340
3607
3693
3394
3610
3596
3733
3472
3788
3669
3620
3522
3535
3729
3601
14325
3621
3869
3434
3544
3643
3773
3549
3752
3284
3494
3648
3281
3695
3611
3620
3506
3431
3643
3470
3071
3270
3652
3253
3604
3693
3404
3572
3636
3409
3529
3738
3649
3518
3436
3414
3576
3630
2834
3447
3432
3747
3382
3598
3559
3535
3531
3679
3277
3639
3339
3700
3360
3654
3797
3651
3423
3650
3681
3576
3690
3421
2479
3623
3549
3914
3465
3600
3431
3559
3688
3855
3635
3773
3670
3486
3698
3355
3710
3577
2921
3677
3744
3655
3358
3194
3349
3393
3363
3886
3360
3590
3607
3362
3472
3401
3601
3578
3484
3580
3736
2431
3575
3395
3570
3393
3618
3522
3620
3659
3618
3593
3745
3594
3528
2626
3446
3561
3387
3331
3567
3419
3450
3415
3637
3446
3509
3635
3632
3128
3144
3496
3540
3641
3628
3762
2804
3847
3495
3719
3189
3760
3557
3516
3530
3417
3583
3550
2791
3622
3490
3624
3544
3670
3474
3657
3513
3239
3765
3278
2689
3721
3500
3658
4009
3546
3487
3523
3606
3640
3329
3599
3726
3676
3486
3611
3335
3705
3591
3662
3523
3552
3714
3357
3540
3442
3611
3484
3616
3512
3566
3524
2920
3622
3543
3625
2434
3736
3563
3414
3575
3680
3457
3562
3606
4036
3705
3389
3656
3673
3557
3716
3504
3230
3470
3646
3553
3616
3559
3497
3660
3710
3525
3697
3421
3730
3455
3588
3637
3540
3226
3622
3256
2513
3526
3521
3773
3672
3352
3354
3627
3671
3534
3618
3612
3837
3574
3473
3747
3278
3380
3569
3626
3606
3521
3634
3628
3276
3718
3597
3362
3630
3203
3634
3371
3576
3546
3352
3580
3689
3599
3446
3467
2588
3316
3258
3571
3590
3367
3624
3694
3678
3720
3600
3303
3716
3435
3563
3496
2299
3613
3445
3463
3624
3605
3569
3723
3686
3665
3709
3669
3534
3545
3606
3614
3416
3577
3684
3613
3569
3610
3446
3704
3666
3770
3551
3115
3498
2574
3714
3699
3432
3468
3633
3427
3391
3606
3652
3654
3231
3690
3325
3498
3497
3614
3494
3590
3610
3427
3333
3591
3651
3545
3612
3665
3625
3394
3642
3686
3638
3735
3673
3763
3595
3492
3742
3510
3751
3110
3591
3583
3758
3574
3457
3683
3424
3492
3646
3607
3748
3695
3446
3540
3613
3286
3750
3731
3537
3062
3672
3571
3469
3644
3576
3260
3340
3722
