3576
3569
3242
3108
3781
3464
3494
3511
3448
3370
3041
2793
3191
3100
3433
3456
3195
3205
3735
3424
3513
3248
3401
3615
3221
3671
3111
3566
3224
3416
3524
3186
3536
3466
3458
3521
3449
3303
3512
3442
3482
3605
3598
3456
3240
3122
3894
3536
3623
3459
3650
3424
3707
3092
3381
3205
3353
2898
3293
3036
3430
3009
2953
3239
3369
3424
3357
3524
3292
3622
3577
3653
3412
3069
3542
3058
3314
3024
3117
3294
3420
3613
3727
3345
2699
3107
3343
3287
3460
3603
3362
3373
3546
3094
3253
3196
2977
3143
3379
3522
3697
3666
3527
3268
3092
2724
3151
3613
3396
3271
3407
3235
3205
3439
3439
3219
3277
3530
3481
3278
3357
2971
3154
3165
2906
3273
3390
3081
3451
3209
3544
3260
2821
3485
3382
3563
3326
3128
3389
2782
3611
3625
3583
3778
3198
2889
3536
3288
3507
3423
3194
3314
2950
3575
3470
3158
3413
3166
3619
2780
3472
3530
3161
3727
3220
3614
3457
3126
3142
3487
3440
3325
3124
3545
3671
3152
3074
3323
3206
3328
3119
3615
3319
3571
3585
3448
3690
3411
3587
3372
3451
3801
3570
3191
3468
3549
3472
3292
3342
2912
3460
3321
2873
3214
3188
3392
3352
3128
3471
3247
3040
3539
3300
3461
3308
2717
2982
3759
3240
3248
3501
3530
3436
3054
3378
2836
3225
3128
3453
3657
3347
3443
3400
3497
3375
3362
3266
3106
3501
3140
3027
3480
3477
3154
3222
2835
3152
3250
3153
3054
3246
3764
3370
3324
3587
3331
3173
3249
3095
3215
3634
3219
3518
3283
3108
3302
3354
3299
3223
3520
3312
3388
3399
3204
3532
3489
2838
3315
3185
3483
3144
3616
3578
2866
3435
3180
3594
3659
3229
3541
3205
3055
3597
3409
3450
3038
3056
3415
3553
3445
3809
3426
3490
3432
4036
3385
3236
3606
3690
3464
3261
2818
3357
3322
3500
3217
3576
3454
3377
2668
3405
3326
3260
3577
3481
3466
3048
3387
3482
3365
3105
2705
3314
3726
3714
3306
3224
3585
3557
3332
3122
3865
3027
3407
2997
2879
3520
3445
3393
3709
3394
3496
3517
2658
3517
3416
3228
3157
3279
3339
3516
3129
3206
3231
3422
3574
3168
3343
3417
3108
3413
3340
3584
3413
3632
3623
3548
3267
3275
3718
3409
13777
3517
3663
3356
3413
3435
3630
3453
3380
3180
3331
3390
3160
3521
3590
3446
3220
3444
3537
3185
2881
3074
3376
3066
3169
3463
3267
3513
3551
3350
3372
3670
3473
3174
3197
3319
3301
3388
3033
3337
2994
3489
3216
3313
3321
3308
3306
3441
3258
3356
3255
3357
3200
3508
3728
3317
3201
3495
3404
3284
3516
3279
2697
3362
3573
3785
3220
3444
3238
3430
3559
3673
3337
3742
3611
3275
3431
3229
3522
3325
3175
3478
3594
3563
3055
3059
3337
3046
3182
3810
2969
3369
3445
3137
3403
3226
3593
3400
3310
3434
3421
2885
3367
3263
3378
3417
3423
3122
3460
3557
3414
3276
3709
3512
3258
2908
3166
3622
3281
3153
3559
3149
3367
3193
3557
3162
3330
3512
3429
3038
3127
3231
3266
3410
3614
3476
2651
3643
3237
3601
3131
3628
3233
3359
3331
3190
3420
3439
3045
3341
3216
3594
3365
3565
3230
3411
3260
3130
3848
3282
3003
3490
3277
3584
3560
3347
3229
3465
3348
3625
3101
3449
3579
3545
3443
3364
3219
3557
3450
3450
3298
3289
3632
3336
3414
3091
3496
3357
3464
3159
3378
3413
2935
3281
3392
3372
2921
3632
3562
3316
3542
3521
3151
3408
3326
3936
3548
3183
3466
3627
3399
3667
3254
3100
3287
3354
3406
3524
3384
3187
3650
3622
3248
3461
3230
3778
3100
3451
3353
3353
3152
3541
3071
2744
3261
3204
3642
3463
3205
3222
3304
3612
3485
3410
3360
3470
3303
3247
3631
3262
3073
3266
3495
3440
3201
3451
3460
3085
3405
3485
3209
3364
3092
3624
3379
3321
3461
3176
3326
3729
3383
3389
3263
2804
3212
3202
3427
3443
3284
3564
3729
3646
3671
3398
3197
3594
3366
3319
3280
2760
3491
3455
3182
3488
3427
3496
3354
3610
3524
3604
3708
3365
3341
3564
3456
3053
3491
3661
3372
3328
3303
3367
3617
3440
3478
3284
3023
3212
2804
3758
3534
3209
3218
3456
3126
3175
3269
3605
3462
2967
3294
3332
3277
3180
3595
3368
3324
3561
3125
2736
3354
3634
3371
3444
3636
3355
3352
3329
3433
3407
3445
3505
3830
3298
3144
3587
3355
3614
3003
3348
3454
3553
3400
3090
3427
3213
3306
3448
3568
3677
3476
3137
3454
3417
3160
3282
3572
3350
2802
3492
3310
3227
3453
3371
3131
3245
3599
