-201
-128
-105
-178
-200
-149
-154
-158
-134
-114
-314
-172
-144
-183
-376
-88
-59
-135
-103
-147
-132
-135
-192
-176
-171
-110
-240
-74
-120
-120
-193
-233
-191
-232
-162
-100
-225
-182
-155
-182
-171
-48
-115
-252
-258
-111
-162
-52
-120
-222
-208
-161
-211
-137
-124
-206
-232
-151
-169
-211
-106
-208
-256
-146
-164
-138
-85
-32
-112
-119
-147
-131
-97
-185
-272
-230
-50
-217
-92
-191
-204
-135
-81
-467
-37
-139
-290
-205
-217
-257
-58
-6
-193
349
-145
-154
-161
-272
27
-200
-157
31
-188
-147
-149
-219
-205
-184
-104
-196
-197
-186
-41
-331
-180
-181
-194
175
-148
-236
-150
-149
-187
-133
-176
-225
-219
-94
-190
-368
-162
-165
-230
-214
-168
-133
-167
1
-265
-287
-113
-165
267
-215
146
-44
-112
-255
-243
-135
-86
-69
-213
-290
-184
-112
-158
-84
-212
-130
-139
-171
-145
9
-110
-95
-214
-159
-146
-17
-279
-269
-107
-164
-138
-58
-150
-211
-213
-278
-146
-108
-16
-209
-115
-86
-176
-155
-137
-39
-116
-564
-136
-158
-224
-74
-93
-202
-91
-126
-88
-159
22
-173
-121
-570
651
-127
-187
-148
-123
-205
-279
-199
-181
-157
-164
-868
109
-211
-191
-107
-134
-118
-190
-183
-199
-236
-150
-132
-220
-123
-76
-112
-98
-418
149
-176
-154
-115
-732
-248
-131
-22
-80
-192
-194
-277
-218
-166
-119
-186
-125
-149
23
-170
-144
-222
18
-137
-410
-160
-152
-191
-205
-110
-287
-88
-229
-84
-289
-228
-137
-207
-131
-123
-189
-258
-173
-124
-152
-22
-219
83
-249
-190
-140
-173
-225
-201
-161
-136
-154
-162
-251
-73
-222
-84
-223
-172
-175
-260
-112
-119
-173
-113
-168
-225
-166
-166
-165
-209
-176
-163
-126
-187
-191
-71
-166
-257
-160
-139
-85
-187
-189
-118
-159
-263
-145
-235
-156
-140
-292
-177
-158
-214
-62
-207
-145
-174
-146
-106
-432
-168
1051
-118
-111
48
-199
-170
-177
-111
-155
-238
-146
-114
-135
-242
-195
572
-148
-245
-215
97
-177
-104
-119
-139
-202
-221
-127
-161
-53
-209
-189
-162
-95
-33
-66
-150
-258
-167
-150
-30
-234
-179
156
-101
-129
-144
-177
-23
-100
-182
-125
-165
-214
-124
-176
-154
-188
-109
-157
-165
-128
-130
-151
-237
-215
149
-204
-247
-183
-148
-198
-226
-82
-169
-140
-66
-177
-170
-81
-139
-13
-276
-240
179
-91
-142
-80
-109
-140
-243
-189
-132
-187
-197
-195
-208
-166
-171
-175
-169
-181
-114
-286
-200
-194
-65
-169
-140
-92
-205
-147
-338
-139
-125
-172
-145
-222
-204
-193
-49
-157
-119
-105
-155
-788
-117
-142
-202
-111
-16
-109
-111
-157
-245
-231
-108
-223
-151
-208
-164
-132
-120
-191
-157
-170
-196
-90
-114
-146
-178
-72
-160
-108
-119
-149
551
-269
-141
-234
-174
-119
-140
-261
-214
-120
-151
-446
-80
-207
-82
-144
-183
-155
-184
-130
-95
-313
-122
-129
-214
-120
-101
-185
-85
-161
-172
-178
-163
-67
-192
-192
-34
-220
-193
-173
-169
-198
-372
-223
146
-229
-159
-155
-44
-178
-41
-184
-218
-147
-101
-176
-189
-178
-108
-552
-31
-167
-126
18
-232
-169
-167
-233
-137
-149
-115
-123
-184
-65
-168
-174
-151
-185
-124
-145
-109
-233
-194
-53
-141
-175
-94
-106
-113
-189
-175
319
-162
-195
-482
-104
-117
-159
-123
-154
167
-158
-214
-330
-183
-272
-172
-246
-183
-186
-187
-103
-231
-162
-140
-148
-148
-131
-118
-212
-261
-131
-161
-146
-179
-276
-43
-129
-278
-195
-60
-147
-132
-190
-174
-148
-152
-163
-111
186
-174
-184
-226
-113
-149
-244
-201
-61
-241
-184
-180
-139
-131
-148
-112
-392
-135
-57
-211
-155
-342
-168
-71
-195
-246
-151
-90
-214
-221
-161
-230
-158
-226
-172
-245
-123
25
-272
-191
-112
-189
-145
-100
-109
-190
-176
-163
-123
-193
-238
-181
-182
-113
-87
-115
-125
-187
-162
-223
-135
-171
-135
-229
33
-261
-180
-166
-150
1139
5
-186
-50
-86
-197
-91
-271
-182
-185
-153
-202
-201
-216
-165
-176
-256
-8
-54
-94
-109
-170
-160
-143
-134
-123
-174
-199
-135
-270
-162
-168
-135
-146
-117
-74
-209
-195
-251
-201
-193
-128
-28
-113
-195
-79
-56
-164
-147
307
-159
-140
-278
-261
-196
-245
-216
-10
-48
-84
-163
-292
-112
-170
-153
-212
-185
-150
-260
-526
-61
-150
-1
-134
-130
-12
-250
-249
-213
-137
-127
-130
-95
-131
-199
308
-197
-180
-183
-248
-137
-181
-107
-169
-189
-89
-190
-174
-178
-68
-224
-232
-159
-128
-140
-173
249
-35
-202
-474
-231
-175
-828
-213
-178
-148
-57
53
-234
-175
-189
-20
-116
-94
-269
-194
-189
-209
-138
-90
-208
-510
-162
-142
-202
-105
-103
-218
69
-145
-105
-194
-110
-213
-182
-23
-253
-200
-151
-207
-201
-762
-168
-139
-447
290
-201
-109
-171
-169
-185
-285
-177
-14
-175
-201
-140
-125
-130
-201
-266
-128
-193
-22
-226
-232
-218
-187
-111
-264
-123
-137
-239
-84
-337
-210
-190
-170
-119
-110
-183
-224
-164
-152
-197
-167
-88
-134
-206
-214
-210
-215
-190
-91
-196
-191
-200
-211
-217
-181
-90
-100
-229
-235
-29
-240
-168
-199
-226
-98
-164
-190
-246
-172
-204
-92
-287
-121
-200
-171
-69
-169
-141
212
-143
-152
-80
-191
-156
-381
-177
-103
-69
-474
-201
-203
-163
-130
-189
-42
-192
-209
-85
-131
-124
-194
-239
-131
-32
-179
-230
-233
-156
-120
-169
-220
-122
-99
-211
-136
-149
-799
-173
-222
-153
-71
-193
-184
-199
-130
-182
-189
-124
-188
-231
-178
-210
-146
-158
-165
-123
-176
-162
-86
-113
-169
-270
-235
-180
-124
-82
-67
-250
-48
-181
-153
-137
-261
-257
-192
-146
-136
-106
-139
-251
-219
-76
-129
-144
-93
-75
-164
-140
-237
-188
-130
-207
-189
-86
-242
-165
246
-101
-190
-226
-146
-154
-325
-174
-122
-100
-163
-219
-220
-207
-211
-278
-130
-168
-156
-123
-247
-119
-141
-155
-187
-31
-176
-125
-188
-192
-457
-104
-134
-184
-182
-254
-99
-201
-112
-176
-180
-235
-263
-193
-250
-52
-258
-103
-29
-137
-148
-213
-216
-149
-167
-153
-192
-161
-147
-158
-191
-18
-131
-189
-192
-82
-141
-221
-125
-304
-187
-169
-259
-219
-47
-186
-63
-65
-441
-136
-165
-131
-170
-42
-211
-82
-141
-116
-223
-120
-194
-136
-124
-165
-243
-256
-197
-96
-10
-509
-108
-66
-399
-157
-221
-116
-147
-154
-257
-13
-120
-192
-279
-236
-130
-195
-224
-184
-158
-71
-136
-219
-151
-35
-164
-173
-184
-82
-156
-247
-169
-147
-229
-122
-120
-222
-224
-206
3
-193
-106
-145
154
-174
-180
-152
-78
-52
-172
-176
-150
-206
-192
-299
-202
-167
588
-119
-210
-420
-150
-56
-210
-225
-182
-135
-127
438
-9
-125
-253
-166
-130
-121
-104
-159
-173
-114
-128
-181
-314
-134
-227
-318
-115
-114
-123
-38
-181
-199
-101
-128
-212
-60
-302
-138
-359
-198
-177
-133
-103
-147
-142
-116
-173
-134
-213
-126
-170
-141
-192
-186
79
-212
-264
-160
-179
-165
-131
-103
-125
-159
-161
-257
-487
-195
-77
-114
-174
-200
-200
-76
-67
-266
-157
-125
-86
446
-184
-201
-142
-114
-48
-160
-207
-91
-341
-84
-103
-164
-157
-281
-256
-195
-165
-331
-137
-159
-235
-97
-191
-217
-272
-147
-133
-71
-150
-168
-210
-220
-189
-121
-226
-229
-137
-118
-138
386
-155
-116
-218
-86
123
-156
-255
-162
-130
-167
-108
-188
28
-104
176
-157
-194
-154
-152
-141
-237
-133
-335
78
-144
-194
-309
-160
-142
-149
-170
-235
-239
-189
-256
-184
-137
-92
-209
-225
-184
-156
110
-206
-178
-100
-150
-232
-336
-152
-84
-254
-219
-124
-171
-209
-160
-131
-79
-178
-183
-200
-167
-163
-121
-90
-192
-294
-115
-167
-279
140
-155
-173
-151
-197
-129
-101
-202
-213
-265
-183
-19
-206
-150
-91
-218
-76
-52
-138
-164
-153
-214
-29
-173
-184
535
-174
-165
-83
-110
-81
-106
-183
-488
-212
-136
-133
-178
-181
-179
-104
-362
-178
-134
-195
-218
-218
-257
-175
-158
-171
-185
-113
-231
-197
-338
-237
-105
-156
-192
-123
-214
-9
-302
-31
-210
-206
-207
-81
-203
-160
-105
-156
-383
-51
-163
-186
-60
-158
-133
-400
-200
-116
-192
-103
-73
-125
-133
-116
-87
-237
-249
-201
-252
-185
-182
-240
-249
-134
-154
-135
-85
-240
-100
-493
-248
-220
-213
-174
-77
-116
-244
-104
-78
-193
-60
-246
-171
-120
-261
-124
-294
-229
-268
-109
-115
-215
-184
-191
-154
-77
-95
-110
-201
-175
-251
-186
-210
-152
-164
-145
-234
-101
-160
-147
-211
-89
-67
-115
-109
-103
-187
-92
-139
-253
-198
-196
-114
-222
-158
-89
-133
7
-285
-140
-122
-210
-135
-199
-181
-128
43
-143
-144
-161
-162
-145
-153
-125
-166
-170
-138
-199
-40
-53
-120
-222
-171
-171
-194
-140
-210
-216
-203
-156
-171
-202
-176
-200
-164
-140
-157
-197
-144
-5
-181
-103
-254
-147
-165
-131
-24
-146
-229
-276
-215
-187
-215
-155
-193
-256
-133
-143
-46
-163
-162
-189
-76
-177
-194
-151
-205
-232
-152
-132
-99
-216
-268
-215
-69
-181
-219
-252
61
-154
-212
-35
-89
-76
-182
-260
-119
-197
-89
-146
-155
-213
-168
-127
-254
-150
-62
-189
-146
-184
-125
-147
-188
-147
-170
-102
-155
-187
-113
-45
-166
-173
-187
-316
-398
-164
-242
-91
-90
-232
-78
-179
-187
-191
-219
-443
-96
-173
-228
-229
-73
152
-219
-137
-125
-89
-192
-83
-159
-50
-140
-150
-248
-265
-176
57
-203
-59
199
391
-148
-172
-95
-140
-200
-145
-118
-142
-205
-73
-159
-183
-92
-167
-240
-132
-235
-190
-394
-76
228
-140
-218
-136
-250
-120
-43
-162
-153
120
-107
-85
-95
-163
-296
-198
-161
-232
-227
-131
-157
-219
-133
-118
-139
-113
-122
473
-105
-202
-168
-59
-144
-429
-144
-208
-159
-173
-249
-234
-128
-177
-124
-206
-126
-269
-158
-167
-170
21
-192
-209
-81
-159
-251
-171
-288
-273
-107
-115
-199
-150
-119
-195
-146
-211
-78
-190
-193
-199
-113
-190
-176
-196
-204
23
-16
-22
-223
-131
-208
-115
-161
-169
-149
-264
-293
-171
-159
-155
-193
-55
-199
-235
-107
-135
-175
-138
-146
-158
-191
-231
4
-201
-166
-87
-170
-117
-188
-192
-116
-161
-161
-177
347
-211
-91
-133
-247
79
-143
-184
-191
-164
-221
-22
-210
-273
-180
-163
-40
-152
-144
-319
-100
-204
-149
-36
-183
-249
-116
-219
-8
-147
-124
-159
-154
-174
-202
-141
-123
-157
-122
-168
-169
-146
-214
-201
-73
-167
-185
-172
-126
-108
-178
-228
-114
-157
-116
-125
-149
-147
-382
-261
-201
-145
-80
-142
-186
-113
-178
-157
-165
-75
-143
-130
-214
-178
-210
-185
-147
-204
-99
-173
-97
-202
-135
-228
-120
-173
43
-182
-244
-195
-122
103
-205
-183
-98
-184
-57
-167
-117
-126
-160
-110
-167
-150
-199
-92
-278
-173
-104
-75
-148
-193
-178
-147
-139
-222
-111
-164
-163
-226
-188
-24
-81
-99
-8
-328
-114
-80
-261
-117
-107
-227
-227
-167
-78
-153
-57
-123
-234
-103
-119
-420
-141
28
-117
-53
-41
-172
-275
-189
-176
-209
-108
-179
-102
-206
-63
-132
-116
153
-148
-147
-127
-260
-236
-177
-108
-232
-204
-251
-113
-180
-224
-95
-144
-126
-113
-224
-125
-185
-150
-186
-53
-164
-719
-122
-387
-120
-76
-132
-182
-261
-206
-79
-229
-239
-199
-134
-158
-107
-57
-151
-324
-200
-243
-168
-165
-212
-74
-130
42
-212
-64
-84
-42
-202
-214
-94
-84
-171
-191
-117
-197
-242
-162
-129
-237
-227
-220
-195
-162
-236
-215
-128
-163
-131
-127
-155
-141
-370
-197
42
-219
-196
-119
-225
-44
-197
-61
-193
-133
-131
-188
-203
-147
-276
-35
-174
-102
-278
-139
-96
-140
-180
-155
-373
-33
-130
-159
-104
-100
-142
-148
-225
-211
-121
-140
-174
-253
-250
-165
-97
-286
-321
-572
-246
-138
-210
-222
-140
-49
-144
-42
-279
-86
-137
-98
-194
-163
-81
-163
-153
241
-155
-10
-126
-113
-190
299
152
-181
-164
-177
-177
254
-110
-165
-74
-158
-128
-92
-134
-81
-155
-41
-228
-217
-148
-151
-181
-132
19
-148
-157
-172
-72
-247
-211
-159
-138
-224
-92
-69
-257
-190
-215
-143
-80
-112
-152
-168
-88
-2
-166
-154
-97
-134
-165
-258
-164
-214
-180
-25
-198
-275
-232
17
-185
-147
-74
-408
-124
-129
-100
-225
1156
-150
-192
-254
-219
-80
-169
-182
-129
-38
119
-174
-173
-121
-119
-123
-334
-102
-154
-203
-252
-154
-97
-121
-203
-223
-229
-254
-198
-233
-188
-119
-209
-245
-173
-281
-54
-224
-104
-98
-227
-145
-122
-205
-155
-295
-188
-206
-231
-273
-129
-211
-193
-101
-26
-109
-81
-143
-107
-197
-120
-57
-187
-208
-125
-741
-190
-154
-166
-212
-66
-178
-140
-206
-169
-171
-174
-215
-196
-104
-465
34
-143
-232
-75
-251
-236
-195
-155
-223
-126
-97
-240
-194
-213
-195
-168
-160
-171
-153
-112
-35
-187
-190
-187
-182
-115
-39
-174
-140
-156
-203
-86
66
-116
-236
-233
-133
-321
-202
-84
-184
-132
82
-157
-331
-116
-79
-90
-238
-139
-120
-164
-166
-251
-200
-143
-224
-223
-244
-62
-170
-209
46
-152
-148
-609
-185
-220
-222
-163
-113
-205
-134
-176
-314
-169
-200
-283
-110
-226
-146
-192
-161
-74
-152
-54
-173
-154
-197
-223
-42
-284
-177
-152
-106
-300
-199
-76
-33
-175
-211
-171
-281
-44
-136
-81
-140
66
-163
-146
-170
-147
-129
-126
-223
-203
-199
-241
-152
-209
-170
-180
-175
-212
-144
-163
-83
-210
-619
-153
-152
-163
-69
-72
11
-134
-105
-257
-229
-165
-97
-273
-291
-72
-155
-159
-193
-136
-156
-64
-122
-204
-149
-146
-29
-95
-48
-164
-240
-120
-202
-165
-225
-140
-222
-160
-182
-233
-216
-164
-50
36
-5
-194
-105
-153
-105
-214
-166
-114
-51
-69
-191
-111
-177
-161
-137
-186
-486
-154
-93
-232
-237
-222
-121
-219
224
-190
-154
-148
-166
-229
-152
-192
-79
-160
-103
-136
-226
-200
-175
-186
-203
-127
-106
-179
-188
-140
-201
-183
-204
-88
-206
30
-158
-181
-210
-164
-200
-162
-227
-10
-187
-100
-157
-168
-164
-205
-149
-226
-235
-146
-245
-253
-221
-206
-118
-167
-179
-207
-209
-223
-187
-182
-546
-171
-288
-117
-134
-166
-23
-91
1
-223
-198
-241
-82
-161
-193
-210
-8
-163
-188
-197
-137
-89
-167
109
-155
-217
-230
-252
-163
-170
21
-150
161
-189
-98
-137
-136
-148
-184
-204
-179
-176
-88
-94
-73
-157
-262
-136
-113
-130
-106
-158
-518
-129
-127
-217
-153
-147
-149
-215
-155
-152
-144
-220
-170
-251
-183
-148
-168
-183
19
-211
-87
-117
-148
-93
-91
-180
-193
-91
-220
-237
-181
-198
-118
-238
-121
-199
-213
-133
-234
-152
-17
-707
-194
-110
-103
-103
-125
-103
-222
-154
-213
-160
-151
-101
-73
137
-129
-105
-101
-342
-203
-185
-200
99
-180
-238
-124
-207
-223
-156
-184
-133
-102
-180
-163
-204
-219
-165
-139
-159
-6
-198
-177
-157
108
-388
-592
-264
-155
-179
-171
-230
-139
-108
-156
-84
-282
-18
-161
-382
-172
-201
-42
-139
-173
-271
-146
-213
-130
-175
-17
-189
-218
-225
-211
-52
-184
-162
-211
-214
-178
-176
-217
-181
-202
-242
-164
-114
-192
-205
-125
-177
20
-238
-144
-145
-46
-169
-269
-175
284
-213
-3
-145
-187
-334
258
-274
-226
-212
-125
-159
-210
-149
-179
-232
-203
-229
-170
-196
-201
-88
-220
-191
-150
-142
-212
-69
-100
-166
-141
-123
-212
-81
-177
-160
-132
-99
-102
-108
-56
-167
-225
-185
-194
-94
-171
-321
-602
-213
-184
-157
-229
-199
-118
-177
-52
-150
-127
-253
-208
-20
-186
-183
-165
-79
-156
-158
-181
-112
-229
-158
-111
59
-153
-204
-139
-99
-195
-131
-165
-123
-185
-223
-129
-202
-102
-209
-165
-146
-197
-133
69
-157
-101
-115
-183
-151
-49
-138
-173
-131
-119
-525
-126
-99
-147
-51
-207
-182
-181
-150
-177
-189
-171
-116
-114
-221
-149
-18
-52
-46
-48
-85
-95
146
-169
-116
-160
-218
-104
-187
-141
-38
-182
-19
-146
-477
-184
-117
-178
-152
-88
-263
-277
-174
-167
-136
-159
-162
-196
-175
-75
-101
-165
-152
-171
-218
224
-248
-175
67
-196
-192
-229
-177
-126
-224
-91
-90
-158
-194
-212
-210
-221
-161
-119
-231
-126
-142
-128
-91
-144
-156
-130
-148
-168
-197
-187
-140
-150
109
-171
-195
-63
-69
23
-31
-101
-157
-187
-61
-217
-57
-142
-262
-184
-200
-105
-87
-208
-165
-199
-251
-214
-181
-219
-209
-119
-134
-128
-199
-94
-153
-148
-190
-128
-127
-147
-117
-141
-211
-151
-184
-167
-136
-91
-169
-229
-193
-204
-209
-125
-156
-86
-206
-350
-202
287
-220
-127
-188
-126
-157
-320
-187
-26
-211
-174
-214
-94
-101
-212
-190
-270
-139
-189
-152
-585
-262
-154
-176
-204
-686
-116
-209
-147
-82
-340
-215
-256
-141
-238
-176
-200
215
14
-80
-226
-172
-184
-167
-203
-183
-124
-141
-131
-160
-162
-69
-151
-268
-52
-62
-205
-96
-206
-126
-171
-217
29
-125
-212
-210
-226
-153
-283
-187
-154
-199
81
-151
-201
-148
-166
-110
-103
-133
-112
-37
-464
-234
-99
-251
