3701
3641
3630
3513
3598
3592
3536
3748
3796
3633
3460
3256
3517
3318
3792
3509
3533
3310
3847
3352
3530
3467
3672
3673
3396
3644
3388
3680
3532
3615
3746
3429
3525
3737
3725
3700
3704
3646
3624
3504
3750
3733
3787
3605
3751
3444
3607
3854
3762
3830
3483
3673
3471
3101
3514
3379
3777
3264
3740
3349
3668
3490
2978
3270
3698
3584
3749
3740
3595
3764
3770
3793
3433
3441
3638
3404
3674
3193
3593
3551
3766
3775
3784
3627
3238
3613
3388
3633
3721
3747
3642
3641
2546
3646
3644
3556
2686
3368
3623
3754
3841
3810
3676
3476
3406
2517
3514
3831
3574
3488
3646
3677
3335
3646
3746
3484
3548
3811
3771
3525
3540
2089
3597
3583
3105
3605
3664
3487
3602
3604
3790
3562
2931
3591
3694
3862
3617
3540
3697
2714
3733
3767
3711
3750
3622
1134
3809
3587
3649
3589
3592
3584
3297
3721
3813
3553
3572
3380
3667
2456
3687
3811
3497
3767
3542
3737
3629
3452
2354
3675
3784
3558
3452
3580
3714
2400
3611
3542
3582
3624
3745
3864
3583
3661
3788
3725
3562
3567
3760
3657
3687
3528
3416
3626
3650
3606
3785
3459
3510
3380
3638
3515
2580
3439
3666
3427
3581
3517
3731
3561
3536
3774
3406
3624
3729
2914
2452
3797
3078
3576
3594
3573
3692
3467
3621
2848
3537
3380
3682
3755
3556
3668
3439
3711
3717
3600
3563
3462
3711
3417
3416
3762
3673
3483
3525
2989
3352
3496
3626
3259
3476
3511
3648
3692
3808
3559
3516
3491
3600
3588
3761
3681
3695
3695
3416
3443
3661
3641
3678
3736
3754
3706
3629
3654
3753
3786
3435
3675
3624
3779
3522
3666
3817
2694
3784
3622
3737
3697
3414
3807
3573
3010
3673
3615
3570
3346
2636
3243
3674
3641
3745
3703
3666
3825
3432
3487
3470
3787
1633
3667
3572
2585
3659
3691
3686
3582
3739
3777
3634
3105
3704
3561
3567
3728
3762
3683
3450
3703
3740
3749
3557
2637
3642
3779
3698
3723
3524
3792
3771
3591
3419
3849
3480
3700
3392
2413
3820
3621
3664
3541
3578
3621
3761
2584
3770
3701
3524
3574
3540
3630
3668
3567
3511
3531
3655
3581
3409
3671
3697
3435
3643
3616
3711
3656
3562
3695
3753
3641
3536
3783
3756
1529
3710
3543
3638
3732
3447
3711
3682
3542
3411
3550
3585
3601
3815
3869
3562
3452
3629
3746
3579
3285
3550
3674
3341
3604
3755
3588
3711
3788
3706
3680
3767
3723
3665
3470
3603
3567
3731
3043
3540
3215
3673
3591
3594
3609
3662
3548
3700
3400
3682
3474
3682
3508
3758
3844
3625
3561
3691
3480
3583
3777
3567
2600
3706
3519
3641
3528
3676
3560
3798
3814
3543
3634
3843
3870
3718
3744
3565
3623
3687
2900
3673
3703
3632
3225
3360
3548
3494
3652
3737
3479
3689
3768
3595
3720
3565
3662
3444
3615
3704
3637
2794
3682
3585
3587
3666
3608
3505
3711
3762
3627
3425
3766
3526
3581
2936
3525
3746
3486
3500
3660
3668
3491
3504
3729
3599
3565
3666
3678
3448
3447
3512
3670
3515
3454
3632
2626
3552
3633
3727
3338
3740
3500
3479
3737
3588
3754
3620
2755
3387
3443
3762
3650
3733
3528
3478
3670
3386
3893
3398
1930
3743
3450
3787
2796
3641
3553
3478
3596
3785
3440
3576
3766
3687
3764
3637
3422
3694
3727
3778
3476
3678
3730
3526
3696
3552
3649
3618
3827
3524
3791
3708
3054
3548
3669
3841
2692
3816
3728
3506
3734
3615
3592
3744
3701
3376
3753
3401
3723
3739
3746
3775
3505
3470
3513
3634
3786
3737
3644
3648
3839
3727
3586
3730
3391
3799
3269
3640
3701
3722
3573
3801
3479
3020
3672
3430
3841
3656
3471
3433
3694
3821
3855
3651
3692
3699
3504
3525
3794
3596
3416
3564
3634
3684
3556
3718
3708
3439
3620
3657
3473
3720
3452
3811
3750
3542
3740
3644
3515
3824
3649
3594
3543
2270
3559
3289
3684
3647
3542
3731
3724
3793
3755
3746
3523
3768
3509
3655
3623
2641
3678
3504
3487
3805
3664
3385
3508
3708
3618
3771
3775
3482
3736
3765
3646
3536
3702
3712
3726
3606
3715
3577
3817
3738
3530
3486
3380
3541
2740
3854
3538
3331
3678
3673
3588
3333
3484
3711
3702
3359
3579
3446
3665
3543
3728
3438
3740
3807
3597
3526
3727
3747
3704
3545
3636
3616
3625
3522
3623
3678
3672
3780
3968
3294
3485
3730
3386
3715
3488
3737
3687
3703
3604
3559
3665
3655
3775
3630
3827
3743
3696
3490
3615
3612
3480
3082
3700
3657
3447
3571
3624
3626
3593
3682
3360
3640
3816
