-255
-178
-129
-162
-180
-323
-133
-210
-129
-227
-349
-163
-73
-206
-444
-322
-246
-125
-503
-127
-18
-165
-196
-283
-191
-207
166
-160
-235
-113
-358
21
-486
-173
-271
-257
-171
-255
-253
-382
-222
140
-244
47
-147
-116
-308
-75
-227
-332
-178
-256
-149
-171
-216
-273
-288
-189
-206
-230
-359
-171
-213
-337
-312
-161
-51
-296
278
-78
-108
-133
-331
-207
-60
-177
-127
-177
-245
-258
15
-70
0
-186
-210
-335
-344
-266
-340
-265
-291
-182
-192
-140
90
-332
-310
-164
-103
-291
-132
-189
-139
-82
-348
-344
-277
-226
-123
-212
-222
-71
-292
-241
-46
-330
90
-338
16
-239
-156
-298
-43
-251
-218
-265
-287
-236
-202
-368
-291
-282
-291
-200
-105
-314
-327
-321
-244
-420
-50
-321
-188
-65
-234
-268
-103
-337
-210
-120
-47
-88
-423
-107
-259
-201
-187
-345
-274
-206
-255
-206
-50
-116
-174
490
-247
-349
-108
-253
-169
-104
-275
-256
-168
-341
-411
-272
-305
-111
-271
-255
156
-209
-338
-314
-381
-277
-284
-110
-3
-125
-95
-449
-179
-105
-136
-233
-165
-387
-56
-408
42
-84
-186
-303
-373
-275
-430
-174
-299
-339
-266
-315
-204
-92
-325
-99
-3
-249
37
-154
48
-164
-340
-252
-253
-354
-369
-168
-54
-379
-204
-214
-313
-129
-248
-325
-315
-274
-147
-369
-112
-149
-248
-226
112
-93
-25
-194
-251
-365
-203
-173
138
-25
-156
-145
-292
-61
-85
-140
-319
-106
-260
56
-227
-336
44
-118
-205
-163
-174
-392
-125
-246
-214
-396
-420
-250
-280
-109
-411
-230
-118
-291
-152
-222
-336
-194
-306
-420
-441
-410
326
-90
-305
-147
-301
-170
-309
-183
-240
-409
-289
-5
-329
-235
-289
-275
-269
-281
-273
-227
-257
-42
-222
-156
-135
-310
-179
-295
-237
-182
-353
-227
-130
-31
-153
-291
-307
-165
-271
-235
-117
-156
-133
-244
-76
-80
-123
-308
-330
-331
-239
-262
-284
-234
-174
-174
-371
-227
-439
-215
-88
-177
-248
-254
-195
-234
-238
-86
-217
-444
-268
-223
-208
-182
-144
-275
-376
-90
-229
-182
-245
-321
-222
-112
-198
-322
-191
-79
-139
-310
-186
-302
-309
-221
-199
-218
-297
-268
-198
-291
-283
-146
-202
-150
-403
-65
-203
-194
-242
-366
-288
52
-361
-290
-348
-107
-139
-184
-165
-64
-215
-94
-269
-137
-4
-287
-175
-190
-178
-118
186
-302
-202
-1
-281
-395
-236
-221
-330
-50
-329
-279
-128
-266
-294
-113
-109
-303
-17
-254
-157
64
-335
-140
-47
-235
-172
-373
-215
-105
-287
-170
-297
-306
-246
-266
-120
-207
226
-307
-230
24
-203
-125
-152
-206
-113
-185
-142
-309
-91
50
-276
-427
-357
-269
-267
-288
-213
-185
-314
-277
-189
530
-187
-65
-94
-340
-303
-110
-101
-337
-73
-165
-28
-383
-34
-304
-212
-229
-178
-354
-90
-328
-376
-198
-82
-203
-160
-317
-105
-132
47
-53
-263
-232
-20
-22
-285
-93
-357
-272
-207
-293
-166
-210
-174
-193
-76
-402
-7
-267
-274
-37
-235
-130
-95
-312
-235
-345
-156
-262
328
-183
-23
-68
-680
-95
-195
-452
-110
-248
98
-130
-279
-174
-149
-303
-268
100
-259
-449
-106
-405
-148
-87
-512
-174
-136
-176
-239
-226
-45
-148
-206
-81
-117
-205
-147
-270
-185
-331
197
-857
-507
-286
-367
-140
-296
-205
-276
-143
-163
-293
-269
-174
-206
-192
-150
-198
-212
-295
-190
-263
-326
-215
-125
-161
-119
-280
-227
-167
-297
-199
-345
-292
-60
141
-99
-228
-143
-104
-77
-115
-9
-24
-187
-430
-325
-224
-193
-296
-133
-195
-154
-129
-73
-214
-273
-289
-337
-67
-279
-120
-71
-234
-192
-134
-260
-97
-47
-259
-35
-79
-507
-333
-101
16
-259
-262
-275
-347
-238
-313
-264
-23
-184
-444
-316
-352
-137
-267
-349
-168
-387
-239
-236
-176
-180
-210
-262
-376
-259
-111
-139
-334
-280
-217
-391
-132
-482
-193
-192
-125
-106
-150
-187
-101
-178
-178
14
-772
-223
-163
-161
-43
-188
-203
-216
-76
-242
-207
-261
-142
-221
-329
176
-139
-312
-349
-188
-242
-288
557
-258
-286
-211
-391
-157
-120
-295
-134
-277
-165
-168
-217
-288
1180
-303
-274
-109
-312
-399
-214
245
-210
-145
-252
-389
-264
-258
-278
-350
-169
-231
-210
-193
-172
-284
-97
-319
-164
-288
-228
-241
-105
-212
-322
-173
-116
-136
174
-233
-342
-264
-252
-182
-243
-205
-127
-187
-83
-235
-183
104
-96
-28
-265
-231
-81
-71
-290
-254
-31
-322
-286
-267
-149
-176
-246
-192
-196
-210
-296
-359
-176
18
-146
-246
-213
-258
-251
-154
-293
-154
-151
-328
-127
-172
-55
-67
-257
-9
-171
-199
-350
-191
-96
-202
-341
-304
-212
-430
-39
-268
-259
-143
-339
-341
-171
-365
-233
-109
-153
-259
-299
-237
-170
-114
-326
-335
-250
58
-211
-172
-304
-244
-141
-297
-344
-261
-292
-308
-261
-269
-302
-245
-214
-110
-376
-237
-177
-132
-253
-205
-375
-329
-276
-875
-310
-141
-21
-309
-10
-193
-199
-34
-266
-347
-186
-145
-233
-203
-254
-211
263
27
-466
-242
-603
-196
-209
-399
-282
-124
-50
-439
-246
-246
-468
-429
-242
-175
-244
-277
-178
-170
-118
-286
-288
-107
-403
-193
-311
195
-181
-290
-318
-185
-22
-179
-186
8
-31
-104
-216
-470
-207
-308
-270
-168
-202
-186
-168
-241
-348
-122
-275
-203
-42
-311
-149
-124
-152
-62
-21
-99
-167
-181
-283
-325
-471
-268
-303
-197
-263
-326
-103
-62
-312
-319
-232
-246
-301
-142
-304
-182
-230
-249
208
-94
-264
-320
-123
-149
-177
-104
-290
-122
-263
-230
-129
-274
-43
-327
-114
-189
-272
-255
-343
-159
-370
-343
-348
-332
-565
-346
-258
-405
-274
-332
-107
-180
-267
-301
-126
-171
-183
-264
-319
-312
-297
-179
-176
30
-247
-130
-384
-212
-326
-240
-47
-240
-280
-112
-203
-230
-128
-205
-337
-105
106
-238
-221
-168
-66
-287
-282
-256
-140
-206
-26
-367
-337
-93
-399
-312
9
-140
-284
-248
-114
-308
83
-251
-7
-219
-429
-251
-266
-356
-359
-102
-224
-186
-87
-119
-127
-286
-170
-258
-286
-368
-164
-130
-103
-349
-338
-64
-127
-219
-139
-372
-150
-96
-516
-126
-226
-233
-279
-304
-263
-319
-172
-210
-199
-219
-160
-170
-97
-214
-239
-191
-228
75
-124
-252
-242
-32
-496
-107
-283
-101
-177
-131
-118
-390
-195
-236
-155
-133
-83
-260
-89
-170
-109
-342
-265
-410
-93
-251
-308
-179
-229
-52
-226
-41
-195
-255
61
-126
-310
-382
-189
-187
-230
-36
-214
-435
-221
-334
-240
-305
-176
-16
-306
-286
-182
-152
-427
-267
-29
-204
-127
-331
-162
-264
-131
-242
-246
-46
-146
-231
-244
-211
-278
-237
-160
-219
-250
-398
-213
-247
-310
-256
-157
-225
-362
-167
-252
-128
-348
-387
-273
-123
-290
-253
-268
-313
-226
-175
-321
-397
-159
36
-361
441
-445
-237
-468
-200
36
-76
-114
-191
-471
-256
-165
-178
-270
103
-234
-169
-207
-116
-278
-117
-335
-173
-216
-964
-7
-112
-240
-286
-92
-408
-233
-188
-123
-264
-54
-201
-228
-319
-239
-170
-245
-80
-144
-299
-67
18
-105
-176
-235
-280
-324
-163
-320
-153
-341
-327
-84
-280
-223
-407
-372
-361
-287
-316
29
-161
-175
-178
-245
-269
-298
-238
-235
-196
-454
-235
-91
-245
-155
-218
-408
416
-239
-219
-230
-158
-162
-34
-315
-220
-323
172
-130
-276
-135
-92
-174
-235
-181
-283
-187
-410
-197
-253
-202
-244
-177
-210
-312
-470
203
-332
-263
-88
-83
-90
440
-51
-297
-194
-748
-351
-173
-179
-189
-183
-204
-234
-150
-254
-138
-255
138
-278
-366
-146
-144
-242
-134
-300
2
-324
-358
-178
-293
-546
-172
-112
-21
-160
-308
-189
-176
-283
-44
-242
-167
-217
-224
-274
-268
-204
-114
-249
-279
-192
-288
1055
-222
-149
-167
-356
-316
-358
-474
-59
-468
-331
-357
-294
-249
-356
-270
-302
-195
-136
-225
-233
-295
-153
-196
-235
-206
-281
-238
-148
-407
-208
-180
-303
-54
-49
-87
-117
-256
-180
-262
-237
-18
-305
-260
-263
-256
-50
108
-113
-392
-243
-336
-208
-221
-326
-145
-214
-196
-133
-366
-35
-108
-177
-215
-216
-158
-249
-100
-82
-314
-151
-330
-195
-133
159
-191
-268
-340
22
-285
-129
-122
-228
-324
-57
-151
-184
-143
-91
-258
-28
-257
-245
-279
-190
-288
-239
-303
-276
-309
-282
-173
-199
-76
-156
-215
54
-215
-389
-179
-217
-212
-227
-176
-201
-235
-91
-72
-280
-13
-389
-181
-212
0
-24
-169
-58
-243
-90
-299
-207
-270
-405
-113
-152
-307
-215
-176
-232
61
-237
-80
-153
-135
-366
-224
-165
-310
-233
-274
-182
-275
-293
149
-232
-264
-162
-381
-339
-269
-354
-256
-276
-272
-301
-261
-211
-61
-257
-150
-374
-318
-317
-111
-169
-217
-146
-181
-307
-338
-214
-289
-161
-259
-235
-253
-223
-281
-325
-118
-215
-99
-24
-365
-416
-22
-295
-202
-346
-342
-211
-345
-203
-197
49
-106
-324
-175
-119
-135
-45
-224
-232
53
-104
-253
-244
-233
-323
-82
-223
-343
-487
-138
-167
-230
-259
-176
-317
-148
-145
-238
-214
-404
-179
-224
-160
-492
-121
-304
-233
-135
-344
-329
-271
-296
-270
-294
-79
-181
-314
-116
-200
-277
-220
-381
-222
-76
-258
-304
-216
-332
-254
-139
-187
-174
-150
-176
-130
-116
-295
-129
-483
-342
-221
-231
-153
-202
-130
8
-288
-209
-33
-436
-274
-123
-291
-372
114
-275
-65
-16
-261
-141
-325
-181
-74
-309
-330
-310
-145
-158
-83
-80
-220
-99
-227
-226
-238
-284
-210
-247
-204
-298
-204
-250
-237
-158
-289
-290
-210
-180
-272
-217
-301
-225
-253
-123
-129
-246
-15
-225
-262
-189
-200
-360
-192
-36
-317
-272
-241
-185
-365
-250
-189
-318
-156
-89
-160
30
-185
87
-274
-177
-308
-286
-225
15
-289
-301
-185
-98
-95
-274
-252
-250
-239
-35
-169
-144
-73
-175
-154
-312
-158
-102
-324
-159
-294
-201
-30
-230
-372
-196
-217
-212
-165
-154
-37
-279
-104
-210
-79
-179
-221
-394
-169
-210
-423
-316
149
-67
-224
-43
-278
-288
-337
-208
-230
-272
-279
-302
-305
-276
-318
-209
-379
-178
-311
-255
-173
-330
-382
-159
-374
-163
-342
-118
-241
-27
-177
-128
-322
-310
33
-308
-256
72
-247
-278
-276
-179
-155
-614
-56
-189
-210
-26
-297
-542
-161
-178
-134
-137
-268
-329
-327
-171
-309
-220
-231
-202
-381
-149
-155
-111
-51
9
-206
-268
-385
-139
-140
-31
-125
-111
74
-293
-166
-157
-137
-190
-164
-237
-118
-84
-154
-180
-286
-233
-104
-227
-327
-178
-66
-119
-150
-250
-232
-287
-138
-16
-311
-167
-244
-237
-230
-162
-176
-193
-191
8
-230
-259
-350
-53
-393
-121
-240
-292
-275
-508
-206
-220
-51
-250
-153
-81
-300
-321
-93
-308
-180
-305
-220
-141
-39
-193
-200
-88
-282
-324
-333
-354
-255
-339
-184
-158
-229
-329
-213
-25
-310
-459
-186
-389
-272
-295
-186
-170
-249
-190
-234
-12
-184
-146
-378
-265
-14
-217
-173
-86
-115
-125
-138
-254
-3
-167
-262
-207
-293
-313
166
-73
-263
-261
-199
-141
-256
-157
-271
-97
-180
-109
-222
-223
-337
-384
-159
-246
-77
-233
-219
-170
116
-318
-244
-236
-286
-137
-64
-288
-142
-219
-111
-291
-158
-188
-210
-68
-290
-134
-255
-184
-346
164
-269
-356
-202
-389
-226
-144
-287
-286
-238
-222
-108
-206
-268
-83
-251
-337
-214
-157
-464
-138
-279
-102
-273
-315
-134
-218
71
-158
-296
-43
-283
-256
-170
-263
-269
-450
-165
-130
-151
-279
-266
-408
-227
-201
-189
-125
-248
-123
-239
-308
-254
-258
-358
-249
-184
-305
-197
-198
-187
-104
-114
-257
-287
-418
-243
-383
-259
-307
-139
-195
-149
-195
-94
-128
-365
-291
-235
-198
-294
-327
-293
-135
-217
-315
-94
-219
-211
-255
-217
-335
-225
-186
-82
-63
-159
-209
-106
-359
-249
-164
-210
-127
-334
-290
-321
-175
-345
-288
-387
-221
-529
-281
-244
-122
-164
-346
-132
-189
-264
-264
-32
-154
44
-239
-223
-286
-147
-142
-261
-85
-195
-143
-187
33
-117
-147
-342
-91
-178
-261
-468
-134
-411
-254
-62
-231
-251
-231
-226
-111
-243
-245
-205
-207
-310
-107
-300
-141
-245
-324
-208
-137
-256
-218
-254
-165
-215
-114
-179
-226
-203
-186
-459
-158
-249
-220
-184
-91
-273
-371
-92
-216
-221
-153
-304
-107
-397
-149
-135
-258
-280
-283
-181
-130
-345
-275
-227
-180
-161
-192
12
-133
-102
-271
-273
-278
-875
-216
-197
-211
-166
-54
-94
-860
-360
-248
-407
-239
-122
-142
-272
-198
-222
-237
-302
-157
-77
-282
-130
-223
-230
-310
-265
-240
-310
-241
-80
-363
-157
-257
-251
-222
-186
-141
-153
-289
-83
-354
-280
-376
-52
-119
-186
-324
-287
18
-304
-245
-112
-122
-125
-409
-222
-280
-275
-268
-367
70
-227
242
-139
-176
-47
-446
-184
-307
-225
-359
-416
-403
-226
-119
-228
-348
-175
-349
-210
-231
-156
-276
-88
-143
-140
-197
-358
-204
-106
-147
-161
53
-291
-299
-243
-127
-338
-301
-147
-230
-313
-332
-281
-372
-164
-210
-212
-239
-229
-405
-241
-191
-421
-297
-319
-258
-149
-174
-130
-233
-304
-184
-358
-238
-128
-357
-64
-258
-295
-51
-154
-174
-215
-217
-114
-271
-281
-335
-343
-275
-332
-18
-238
-198
-393
-183
-54
-275
-403
-101
17
-166
-242
-185
-248
-284
-78
-264
-185
-278
-89
-321
-227
-241
-277
-210
-104
-226
-140
-227
-312
-337
-319
-143
-188
-341
-127
-196
-252
-312
-197
-249
-237
-311
-199
-194
-331
-123
-65
-272
-150
-279
-341
-89
-141
-150
-174
-393
-367
-291
-319
-223
-68
-442
-202
-353
-238
-364
-229
-172
-157
-235
-268
-263
-86
-236
-278
-93
-330
-223
-444
-309
-213
-174
-238
-269
-359
-222
-143
-377
-234
-296
-131
-116
-35
-158
-296
-57
-389
-155
44
301
-275
-119
-360
-305
-103
-307
-214
-329
-110
-268
-353
-228
-310
-204
-39
-302
-200
-387
-253
-110
-327
-259
-166
-15
-414
-80
-80
-244
-167
-338
-338
-189
-169
-291
-210
-173
-277
-263
-304
-251
-207
-293
-212
-214
-191
-298
-287
-354
-215
-180
-287
-273
-298
-321
-240
-75
-93
-250
-62
-128
-242
-202
-148
70
-436
-192
-266
-197
-93
-176
-251
-291
-219
-181
-238
-241
-206
-249
-54
-4
-501
-170
-134
-223
-343
-332
-411
-242
-124
-232
-359
-184
-182
-250
-228
-155
-274
-193
-13
-316
-146
-85
-296
-189
-233
-268
-214
-315
-260
-350
-94
-216
-256
-134
-285
-333
-398
-347
-174
-118
-305
-110
19
-299
-244
-348
-244
-336
-143
-239
-153
-156
-38
-111
-180
-87
-208
-89
-65
-15
-190
-323
-435
-170
0
-224
-203
-305
-369
-196
-204
-212
-214
-136
-195
-245
-150
-325
-243
-110
-376
-297
-257
-235
-229
-186
-321
-320
-162
-252
-248
-65
-30
-166
-47
-191
-267
22
-41
22
-201
-158
-321
-194
-159
-324
-218
-300
-63
-191
-174
-221
-75
118
-174
-231
-291
-322
-193
-423
-177
-368
-288
-260
-69
-235
-142
-176
-300
-81
-12
-302
-378
-254
-221
-215
-132
-218
24
-150
-269
-263
293
-305
-276
-245
-158
-73
-205
-337
-276
-75
-258
-188
-331
-256
-330
-120
-154
-167
-155
-339
-139
-178
-140
-270
-207
-144
-71
-243
-325
-125
-119
-203
-1
-253
-166
-138
-120
-452
-387
-210
-243
-132
-229
-90
-449
-404
-352
-319
-383
-199
-156
72
-445
-95
-283
-315
-127
-266
-223
-102
-284
-195
-276
-103
236
-332
-169
-40
19
82
-46
-64
6
-200
-199
-176
2
-261
-45
-172
-289
-88
-289
-230
-339
-101
-477
-254
-186
-342
-72
-150
-262
-122
-205
-484
-97
-272
-226
-217
-208
-216
-169
-368
-273
-254
-328
-46
-175
-458
-242
-41
401
-420
-97
-316
-438
-81
-178
-179
-241
-279
55
-268
-223
4
-170
-124
-463
-268
-153
-160
-221
-79
-356
-92
-140
-287
-317
-163
-103
-186
-152
-192
-302
-323
-128
-283
-218
-316
-210
-112
-212
-258
-103
-335
68
-121
-212
-432
-232
-361
-309
-294
-211
-194
-44
-180
-282
-316
-254
-173
-353
-272
-245
-267
-411
-313
-207
-174
-436
-309
-121
-174
-198
-311
-102
-130
-518
-258
-161
-363
-230
-178
-203
-314
-231
-148
-16
-136
-308
-202
-558
-149
-165
-154
-198
-442
-236
-370
-251
-131
-335
-254
-170
-217
-108
-365
-220
-278
-211
-102
-78
-116
-212
-376
15
-145
-222
-168
-83
-167
-460
-238
-734
-335
-129
-146
-121
-244
-72
-116
-145
-276
-133
-106
-193
-140
-124
-208
-335
-310
-117
-449
-68
-212
-332
-274
-242
-147
-259
-223
210
-109
-233
-101
-290
-186
-228
-223
-195
-236
-291
-275
-238
-166
271
-278
-297
-184
-359
-219
-298
-253
-321
-224
-207
-250
-195
-207
-78
-525
-279
-213
-362
-353
-433
-114
-135
-185
-287
-169
-212
-198
-319
-124
-187
-222
-161
-384
-335
-168
-188
67
-138
-298
-279
-250
384
-131
-114
-43
-270
-150
-239
-261
-127
-158
-225
-124
-258
-242
-270
-216
-259
-255
-263
-116
-122
-83
-213
-252
-81
-79
-185
-267
-366
-362
-259
-111
-125
-202
-85
5
-80
-312
-215
-170
-218
41
-219
-168
-276
-255
54
-197
-326
-148
-158
-435
-318
-178
-338
-171
-209
-89
-289
-136
-421
-186
-319
-313
-425
-72
-468
-123
