-195
-566
-270
-225
-219
-181
-196
-98
-97
-292
-238
-236
-60
-505
-221
-96
-401
-90
-310
-106
-190
-211
-164
34
-176
-161
-184
-247
-243
24
-125
-420
-256
-290
-14
-207
57
-245
-336
-270
-219
87
-280
-342
50
-170
-106
-226
-303
-244
-329
-409
-150
-186
-70
-282
-101
-97
-181
-371
-303
-191
-36
-206
-450
-87
-210
-312
-321
-152
-249
85
-241
-221
-264
6
-78
-276
-152
-267
-199
-249
-115
-275
-245
-215
-224
-393
-134
-264
-244
-231
-111
-68
-118
-536
-155
-284
-208
-196
1183
-441
-101
-50
-375
-142
-213
-76
-180
-368
-148
-50
-156
-183
-142
-157
-284
-98
-393
-248
-159
-236
-13
-206
-63
-388
-150
-354
-116
-1
-218
-201
-240
-139
-161
-315
-265
-465
-213
-136
-169
-230
-247
-289
-297
-303
-271
-50
-9
-222
-74
-479
-193
-501
-168
-196
-305
-206
-142
-83
-292
-251
-228
-130
-95
-33
-253
-91
-69
-497
131
-257
-184
-214
-162
-157
-437
-219
-179
-155
-171
-340
-88
-221
-264
112
-105
-383
-50
-237
-296
-188
-119
-201
-325
1
-86
-244
-391
-421
-239
-483
-215
-492
-199
-173
-157
-170
-162
-240
-237
-315
10
-136
-263
-214
-116
-122
-374
-334
-122
-309
-19
-155
-429
-292
-232
-209
-176
-334
-153
118
-146
-571
-264
-157
-126
-6
-356
28
-21
-188
-208
-397
-161
-133
-76
-393
-122
-304
-254
-252
-116
-28
-172
-189
-229
-218
-157
-207
-237
-119
157
-146
-427
-313
-165
-192
-90
-297
-123
36
-275
-308
-306
-272
-247
-177
-223
-88
-450
-116
-146
-35
-355
-621
32
-217
-262
-364
-104
-156
-294
-80
11
-135
-224
-134
-348
-15
-348
-159
-146
-299
-206
-252
-187
-331
-259
-270
-120
-1
-213
-315
-339
-230
-33
-171
-281
-213
-44
-299
-470
-229
-1
-454
-90
-63
-321
-179
406
3
-131
-109
-285
-175
-309
-361
-62
-171
-200
-378
-259
-86
-64
-111
-244
-273
-158
-164
-175
-175
-122
-150
-225
-367
-277
-214
-191
-166
-270
-227
-37
-296
-273
-151
-233
-291
-118
-262
-3
-232
-279
-77
-218
-266
-298
-163
-151
-383
-83
-253
-123
-156
-49
-120
-78
-248
-181
-132
-158
-200
-82
-284
-139
-348
-206
-352
-90
-116
-288
-25
-132
-22
-103
-410
-333
-280
-285
-199
-227
-350
-101
-3
-208
-125
-185
-282
-166
-128
-293
-205
-78
-169
-243
-578
-39
-231
-132
-17
-397
81
-215
-141
-116
-220
-295
-125
-194
-395
-116
-180
-160
-71
-238
-205
-74
-110
-266
63
-242
-223
-408
-132
-238
-309
-124
-236
-215
-23
-217
-272
-256
-297
-145
-218
-129
-213
-168
-212
-92
-323
-42
-291
-207
-431
-363
-267
-189
-221
-386
-271
-74
-289
-200
-246
-184
-60
20
-402
-120
-63
-162
-61
-63
-181
-126
-122
-325
-273
-387
-229
-410
-350
122
-293
13
-185
-56
16
-363
-218
-301
-238
-152
-241
-243
-110
-569
-256
-300
-25
-197
-288
-311
-133
60
-308
-348
-140
-158
-138
-186
-243
-184
-236
-84
-340
-191
-304
-46
-279
-62
-238
-185
-196
3
-237
-131
-461
-206
-156
-339
-470
-130
-94
-260
-252
-64
-371
-129
-108
-241
-359
-11
-277
-162
-155
-192
-104
-171
-59
-461
-283
-113
-116
-236
-105
-134
-107
-226
-244
-261
-37
-543
-382
-162
-231
-209
-201
-142
-305
-154
-293
-355
-92
-189
-190
-355
-141
-358
-240
-209
-256
161
-272
-311
-202
-116
-213
-159
-51
-219
-354
-376
-304
-245
-162
-150
-111
-148
-228
-716
-190
-117
-130
-209
-105
-310
-283
-203
-305
-323
-236
-222
-205
-467
-108
-189
-118
-307
-123
-261
-373
71
-215
-173
-329
-53
-392
-229
-62
-261
-115
-50
2
-318
-268
-114
-253
-224
-81
-383
-140
-130
-187
-450
-250
-383
-230
18
-53
-186
-289
-251
-176
-179
-39
-424
-229
-136
-385
-272
-191
-258
-222
-299
-450
980
-202
-273
-61
-208
-286
-212
-235
-398
-323
-314
-375
-191
-250
-135
-94
-150
-161
-310
-338
-247
-441
-275
-70
-232
-241
-189
-15
-133
-187
-158
-167
-116
-382
-203
-260
-217
-79
-88
-182
-278
-353
-166
-209
-137
-269
-135
-555
-333
-145
-103
-266
-125
-192
-239
-57
-216
-249
-209
-211
-133
-336
-226
-304
-480
-139
-203
-125
-37
-168
-230
-279
-243
-241
-224
1207
-171
-233
-267
-14
-60
-154
-472
-405
-231
-275
-345
-78
-301
-90
-255
-455
-91
-387
-350
-215
-35
-251
-149
-48
-191
-261
-305
-183
-165
-236
-257
30
-366
-209
-301
-194
-226
-275
-282
-139
-610
-477
-442
-14
236
-210
-379
-135
-107
-498
-114
-340
-310
-239
-24
-468
-112
-292
70
-269
-227
-500
-108
-73
-35
52
-74
-232
-479
-40
-79
-323
-379
-52
5
-171
-334
-141
-66
-280
-120
-702
-209
-76
-255
-466
99
-169
-158
-184
-172
-199
66
-137
-338
-478
-243
-151
-289
-220
-224
-365
-261
-287
-104
-538
-249
-112
-266
-179
-41
-206
-78
-261
-542
17
-239
-299
-266
78
-292
-309
-120
-313
-243
-281
-459
-164
-275
-116
-264
-200
-337
124
-494
-29
-247
53
-423
-192
-149
-202
-281
26
-149
-208
-278
-295
-328
-289
-225
-589
-111
-248
-245
-194
-156
-109
-281
-105
-222
-539
-222
-75
-271
-237
-168
-154
-303
-261
-166
-355
-111
-240
-237
-221
-341
-213
-242
-276
-84
-588
-186
-168
-257
-95
-207
-211
-67
-326
-45
-328
48
-194
-83
-302
-152
-216
-224
-474
-515
-114
-393
-177
-318
-297
-276
-167
-218
-178
-395
-80
-213
-174
-594
-226
-130
-422
-227
-120
-17
-121
-292
-225
-119
-237
-302
-103
-75
-444
-330
-216
-256
-348
-162
-191
-289
-93
-94
-7
-494
-18
-102
-1
-250
-257
-307
-290
-225
-229
-280
-203
-27
-220
-49
-60
-224
-141
-233
2
-110
-166
-387
-367
-198
-58
6
-369
-206
-503
-258
-160
-474
242
-113
-219
-161
-351
-305
-277
30
-166
-159
-463
-763
-94
-296
-140
-233
-144
-349
-259
-164
-109
-189
-358
-111
-205
-199
-67
-87
-231
-241
-177
-322
-168
-159
-248
-95
-470
9
-150
-319
-336
-343
-79
-206
-106
-113
-75
-210
-244
-152
-88
-216
-86
-166
-199
-168
-259
77
-189
-404
-91
-210
-241
-451
-242
-260
-113
-158
-143
-164
-413
-362
-217
-421
-238
-218
-303
-22
-372
342
-247
-233
-131
-19
-179
-38
-357
-460
-63
-333
-197
-300
-53
-127
-283
-209
-85
396
-267
-187
-235
-272
-305
-469
-169
-350
-270
-205
-313
-110
-542
-60
-234
-53
-127
-70
-333
-202
-196
-218
-297
-198
0
-148
-230
-195
-277
-72
-317
-108
-35
-163
-223
-222
-156
-209
-547
106
4
-146
10
-156
-407
-188
-78
-196
-219
-378
-266
-141
-276
-60
-108
40
-234
-141
-250
-94
-49
-224
-219
-223
-291
-174
-62
-867
-225
-381
-225
-206
-151
-274
-134
-49
-150
-101
131
-40
-266
-390
-257
-14
34
24
-22
-219
-186
-279
-194
-148
-236
-387
-182
-274
-280
-218
-349
-207
-4
-79
-134
-54
-245
-226
-296
-325
-208
-316
-236
-327
-62
-232
-103
-433
-152
-217
-78
-275
-126
-177
-269
-227
-217
-66
-137
-191
-193
-330
-300
-203
-273
83
-339
-377
-117
-285
-104
-140
-153
-95
-162
-159
-99
-247
-349
-211
-111
-229
-290
-301
-313
-144
-376
-338
-158
-225
-177
-145
-288
-51
-258
-250
-483
-284
-158
-67
59
-382
-260
-100
5
-237
-150
-228
-217
-145
-415
-95
-24
-382
-238
-326
-133
-332
-250
-423
-203
-78
-194
-274
-60
-93
-324
-172
-35
-288
15
-267
-299
-148
-277
-16
-299
-79
-310
-97
-210
-267
-158
-580
-214
-265
-219
-157
-462
-174
-48
-253
-237
-249
-137
-223
-149
-330
-104
-147
-243
-185
-131
-137
-82
-187
-213
-181
-470
-143
-143
-88
-59
-15
-211
-194
-195
-193
-187
-115
-113
-228
-210
-343
-180
-92
-405
-218
-109
-61
-228
-150
-291
-221
-298
-342
60
-161
-218
-152
-255
-442
-331
-485
-394
-111
-224
-237
-139
-352
-209
17
-229
-301
-255
-102
-320
-230
-89
-290
-233
-192
-22
-166
-165
-170
-116
-227
-255
-317
-191
-300
-216
-67
-293
-227
-39
-53
-123
-187
35
-69
-156
-189
-179
-151
175
-155
-209
-172
-153
-123
-161
-313
-272
-146
-46
-191
-209
-13
-189
-104
28
-175
-312
-94
-185
-175
-160
-365
-106
-347
-19
-240
19
-193
-347
-177
9
-222
-141
-173
-229
-53
-197
-129
-175
-137
-181
103
-204
-221
-326
77
-379
-202
-418
-240
-375
-440
-155
-202
-358
-171
-233
-330
-110
-182
-363
-300
66
-101
-399
-412
1117
-195
-136
-232
-219
-163
-215
-88
-315
-283
-540
-262
-66
-192
-188
-295
-76
-102
-105
-401
-38
-284
-156
-93
-88
-413
-190
-288
-106
-403
-200
-302
-119
-159
-313
-94
-316
-309
-112
-149
-86
-77
-240
-332
-74
-48
-172
-172
-49
-196
-129
-266
-218
-86
-241
-194
-214
-188
-145
-246
-129
-27
-397
-162
-282
-314
-17
-132
-72
-89
-127
-142
-274
-251
-140
-207
-79
-162
-173
-209
-684
-44
-471
-121
-391
-257
-191
-335
-180
-131
-45
-256
73
-172
-179
-212
-230
-239
-201
-260
-217
-252
-117
-280
-200
-152
-197
-90
-209
-120
-454
-273
-279
-168
-110
-70
-178
-378
-67
-220
-208
-337
-339
-33
-144
-20
-116
-314
-206
-247
-184
-186
-466
-137
-211
-240
-160
-95
-206
-126
-102
-279
-221
19
-572
-285
-245
-170
-296
-140
-377
-121
-115
-213
-259
63
-245
-194
-508
-69
-142
-153
-255
-165
113
-202
-133
-107
-305
-87
-273
-542
-57
-215
-368
-279
-384
-3
-280
-100
-270
-57
-324
-144
20
-199
-184
-52
-145
36
-180
-434
-177
-172
-264
296
-99
-450
-192
-173
-54
-171
-477
-150
-719
-319
-164
-275
-126
-388
-226
-262
0
-147
-281
-85
-399
-58
-281
-338
3
-248
-218
-27
-79
-254
6
-254
-147
-245
-148
-245
-114
-248
-74
-125
13
-789
-432
-241
-350
-56
-219
-264
-389
-69
-140
-318
-189
-269
-46
-149
-146
-143
-49
-283
-265
-194
-190
-412
-196
-488
-346
-421
-372
-219
-121
-227
-223
-332
53
-168
-93
44
-215
-127
-206
-316
400
-401
-173
-130
-187
-240
-62
-446
-105
-171
-386
-535
-210
-2
-377
-192
65
-219
-277
-400
-292
-228
-373
-112
-242
-245
-148
-336
-280
-242
-219
3
-431
-187
-32
-226
-203
-287
-16
-108
-160
-273
-351
-172
586
-303
-201
-264
-316
-267
-80
-133
-268
-356
-141
-189
-317
-503
36
-164
-130
81
-266
-37
-44
-355
-135
60
-152
-274
-160
-302
-109
-220
-401
-37
-491
-148
-164
-269
-184
-171
-425
-268
-267
-282
-79
-378
-111
-123
-362
-180
-112
-133
-203
-39
25
-395
-199
-122
-268
-387
-156
30
-359
-244
-430
-213
-305
-350
-278
-214
-218
-249
-169
-333
36
0
60
-254
-255
-115
-215
-487
-131
-211
-366
-242
-253
-342
-300
-145
-274
-221
-151
-191
-373
-237
-140
-276
-2
-81
-358
-293
-209
-152
-329
-17
-175
-237
-259
-73
-224
-232
-90
-138
-281
-146
-81
-434
-49
-309
-191
-122
-155
-198
-87
16
-166
-470
-286
-27
-249
-271
-245
66
-204
631
-393
-150
-150
-355
-136
-264
-62
-360
-87
-174
-117
-271
-187
-135
-159
-346
-166
-38
-257
-78
-17
-436
-246
-69
-71
-251
-350
-126
-109
-319
-64
-204
-211
-300
-28
-222
-238
-151
-271
-47
-406
27
-195
-64
-247
-250
-89
-399
9
-259
-286
-143
-241
-415
-211
-31
-229
-276
-259
-146
110
-207
-223
-323
-350
-199
-272
-21
-366
-108
-215
-184
-276
-245
-213
-162
-366
-168
-76
-516
-602
-74
-349
-267
-219
-98
-309
-137
-56
80
-309
-64
-241
-260
-28
-174
-104
-253
-236
-392
-327
-135
-90
-56
43
-330
-157
-220
-90
-166
-225
-153
-304
-146
-275
-250
-285
-235
-368
-299
-207
-166
-143
-385
-283
806
-104
-128
-207
-8
-182
130
-114
-228
-132
-171
-111
-120
-412
-272
-381
-94
-312
9
-428
-150
-356
10
-209
-206
-108
-426
-449
-248
-292
-240
-169
-55
-384
118
-357
-326
7
-27
-29
-47
-247
-202
-146
-155
-195
-338
-385
-242
-409
-194
-118
-378
-332
-223
-312
108
-79
-74
-223
-279
-222
-130
-381
-241
-161
-115
-215
-172
-121
-249
-256
-9
-156
-149
-294
-285
-199
-43
-28
-203
-325
-243
15
-198
-359
-494
-522
-303
-24
18
-163
-188
-118
-102
-80
-52
-20
-159
-313
-301
-49
-289
-136
-178
-144
-237
-311
-92
-220
-207
-514
-136
-85
-352
-165
-267
8
-308
-261
-59
-160
-138
-411
-246
-271
-158
-201
-152
-201
-252
-218
-325
-87
-144
-164
-163
-262
-209
-460
-198
-68
-226
-131
-203
-258
-131
-119
-162
-260
-242
-34
-608
16
-374
-175
-45
59
-131
-182
-54
-293
-310
-341
-111
-85
-459
-179
-315
143
-65
-298
-252
-11
-113
-257
-216
-166
-341
-205
-107
-199
-133
-331
-100
-238
-208
-259
-192
-297
-153
22
-62
-242
-113
-281
-176
-139
-253
-276
-78
59
-81
-265
-453
-164
-172
-397
-179
8
-224
-445
-229
-447
-430
-146
-412
-249
-475
-132
-264
-260
-104
-186
-177
-140
-190
-186
-393
-158
-213
-186
-10
-267
-160
-293
-323
-266
-126
-99
-80
-251
-150
-85
-203
-183
-311
-112
-49
-374
-33
-304
-337
-119
-283
-394
-161
-143
-140
-494
-539
-241
-364
-257
-195
-188
-365
-384
-25
-370
-278
-319
-346
-336
-86
-271
-487
-306
-225
-358
-34
-215
-327
-576
-149
-298
-206
-432
-219
-322
-323
22
-358
-213
-201
-264
-61
-281
-381
-117
-243
-523
-205
-27
-93
-362
-209
-216
-84
-263
-92
-364
-166
-223
-371
27
-326
-253
-15
-373
-197
-130
-92
-322
-75
-245
-458
-26
-188
-146
-180
-303
-55
-141
-162
-254
-87
-225
-74
-320
-545
-223
-286
-198
-391
-108
-159
-187
-69
-362
-614
-96
-251
-376
-398
-244
-132
-103
-159
-250
-84
-224
-102
-230
-109
-256
24
406
-102
-383
-375
-220
-266
-218
-70
80
-127
-580
-204
-155
-320
-431
-235
-188
-327
-269
-72
-143
-212
-133
-153
-162
-120
-117
-298
-355
122
-109
-368
-372
-168
-138
-178
-73
-257
-252
-201
-465
-237
-300
-148
-174
-103
-268
-123
-257
-337
-319
180
-102
-214
-342
-333
-128
-497
-99
-144
-226
-300
-142
-407
-80
-166
-267
-193
-248
137
-152
-463
-17
-308
-382
-99
-417
-188
-290
-201
-277
-128
-217
-254
-327
-291
-163
-288
-145
-146
-277
-97
-225
-79
-121
-424
-424
-268
-37
-107
-236
-159
-119
-246
-151
-272
-156
-306
-155
-364
36
-169
472
-221
-40
-347
-245
-79
-266
-161
-215
-192
-218
-347
-496
-275
-113
-268
55
-345
-64
-400
-341
-130
-73
-255
-319
-81
-163
-73
-149
-71
-244
-151
-186
-333
-91
-258
-186
-180
-416
-377
-13
-147
-68
-209
-169
-255
-341
-97
-181
-324
-387
-58
-2
-194
-121
-351
-265
-391
-85
-242
-95
-194
-172
-254
-400
-89
27
-137
157
-338
-210
-306
-51
-306
-113
-121
-307
-297
-121
-214
-243
-328
-402
-357
-612
-159
-223
-414
-329
-185
-171
-146
-168
-341
-26
-162
-137
-84
-259
-338
-72
-22
-288
-260
-322
-20
-270
-462
-243
-293
-312
-442
-158
179
-198
-175
-355
49
-171
-423
-287
-239
-384
-183
-242
-90
-138
-463
-138
-256
-276
-69
-242
-60
-122
-30
-180
-274
-208
-309
-7
580
-212
-17
0
-266
-17
-215
-35
-10
-189
-230
-176
-60
-222
-216
157
-148
-112
-73
-115
-162
999
-428
-67
62
-69
-382
16
-267
151
-32
-191
-224
-308
-133
-223
-138
-103
-112
-218
-421
-408
-179
-258
-213
57
-104
-121
-10
-73
-121
-182
-182
-25
-100
-197
-175
-32
-773
-137
-38
-263
-392
-170
-218
-348
-332
-128
-208
-205
-174
-191
-373
-136
-308
-143
-225
-380
12
-332
-212
-418
-51
-306
-329
-157
-178
-89
-116
-268
-208
-250
-65
-275
-130
-14
-254
-209
-444
-354
-154
-258
-282
-102
-127
-233
-231
-98
-194
-336
-286
-321
-226
-37
-247
-324
-51
-308
-243
-615
-480
-425
-190
-445
-488
-475
-281
-252
61
-134
-237
-152
23
-273
-259
-74
-310
-147
-165
-69
-271
-143
-449
-344
-463
-281
-234
-338
-272
-226
46
-140
-341
-194
-899
-431
-85
-139
-423
-425
-83
-275
-112
-253
-182
-283
-76
-270
-226
-209
-398
-88
152
-704
-84
-156
-211
-362
-96
-298
-180
-436
-424
-214
-96
-247
849
-204
-235
-280
-120
-162
-172
-187
-245
-146
-10
-295
-173
-141
-92
-303
-129
-241
-141
-317
-290
-191
-184
-334
-225
-224
55
-132
-139
-151
-468
-107
-115
-155
357
-172
-175
-249
-65
52
-22
-270
-162
-182
-332
-168
-433
-107
-145
-266
-149
-161
-298
-392
-258
-77
-286
-608
-229
-321
-213
-231
-191
-336
-200
-281
-186
-80
-364
-470
-247
-285
-198
-271
-122
-176
-227
-258
-154
-385
-236
-106
-146
-136
-208
-208
-187
55
-5
-123
-164
-267
-256
-305
-119
-144
-227
-18
-24
-150
-209
-385
-169
-181
-478
-19
-88
-254
-202
-187
-402
-336
-112
-157
70
-324
-591
-117
-213
-223
-244
-302
-84
-148
-217
-283
-89
-130
-306
-152
-399
-189
90
-184
-218
-294
28
-450
-164
-312
-436
-282
-156
-167
-207
-329
16
-212
-111
-285
-262
-207
-199
6
-401
-111
-279
-66
-260
-246
-126
-345
-190
-142
-283
849
-133
-232
