3486
3336
3425
3194
3604
3386
3385
3563
3403
3408
3330
3306
3242
3330
3342
3430
3373
3284
3582
3353
3460
3349
3289
3332
3275
3338
3367
3510
3406
3311
3492
3323
3293
3409
3416
3242
3485
3338
3527
3348
3377
3381
3430
3484
3286
3325
4870
3391
3411
3433
3571
3373
3315
3289
3463
3459
3294
3318
3270
3320
3486
3343
3272
3436
3403
3459
3308
3467
3569
3418
3371
3456
3343
3340
3424
3497
3370
3503
3323
3310
3353
3474
3448
3330
3268
3242
3574
3190
3298
3590
3405
3335
3379
3424
3336
3343
3497
3341
3312
3451
3425
3470
3377
3349
3409
3247
3187
3477
3337
3610
3414
3387
3273
3312
3213
3241
3325
3303
3377
3254
3337
3331
3356
9002
3255
3341
3459
3365
3356
3352
3390
3293
3244
3337
3347
3367
3364
3323
3370
3323
3443
3456
3486
3817
3374
3235
3385
3600
3405
3371
3357
3490
3345
3430
3321
3335
3416
3481
3493
3473
3466
3390
3319
3464
3553
3429
3418
3467
3447
3372
3305
3430
3284
3325
3427
3243
3318
3359
3280
3392
9257
3455
3267
3378
3413
3288
3644
3384
3485
3256
3360
3317
3465
3366
3393
3502
3523
3266
3479
3228
3350
3226
3268
3388
3350
5358
3262
3279
3345
3443
3319
3381
3420
3562
3443
3280
3367
3509
3373
3349
3363
3465
3420
3299
3375
6286
3331
3375
3367
3961
3439
3325
3373
3342
3417
3386
3399
3429
3361
3499
3223
3367
3418
3507
3420
3289
3292
3354
3413
3250
3414
3457
3286
3374
3523
3292
3217
3539
3273
3389
3454
3347
3220
3347
3365
3475
3517
3300
3358
3433
3364
3483
3375
3365
3434
3429
3268
3323
3408
3416
3436
3590
3385
3286
3478
3187
3534
3640
3335
3379
3348
3577
3283
3558
3538
3369
3331
3223
3428
3262
3536
3387
3456
3273
3471
3351
3326
3468
2174
3251
3548
3410
3520
3274
3418
3181
3433
3277
3452
3178
3366
3549
3321
3583
3420
3336
3251
3739
3346
3281
3371
3220
3300
3567
3516
3344
3452
3310
3431
3390
3357
3494
3309
3286
3235
3382
3411
3581
3310
3612
3278
3372
3633
3246
3413
3475
3421
3355
3342
3349
3503
3286
3304
3329
3341
3596
3394
3408
3440
3182
3624
3305
3448
3514
3754
3430
3289
3421
3371
3495
3423
13105
3402
3591
3630
3378
3378
3425
3416
3493
3453
3329
3338
3342
3291
3306
3433
3419
3454
3457
3347
3338
3422
3319
3298
3406
3262
3345
3389
3412
3390
3505
3468
3262
3345
3257
3238
3431
3244
3390
3454
3283
3513
3349
3342
3372
3290
3273
3345
3346
3439
3625
3384
3309
3353
3481
3406
3316
3295
3407
3469
3398
3338
3301
3327
3958
3419
3487
3410
3449
3355
3552
3612
3396
3509
3379
3270
3293
3605
3538
3427
3331
3448
3522
3570
3211
3484
3629
3331
3350
4062
3351
3466
3408
3263
3377
3211
3586
3441
3356
3452
3202
3181
3342
3432
3402
3457
3647
3338
3343
3370
3362
3295
3670
3393
3320
3270
3325
3649
3400
3619
3418
3397
3545
3244
3459
3336
3297
3353
3404
3379
3309
3396
3398
3435
3396
3417
3276
3492
3355
3451
3415
3436
3376
3334
3311
6294
3320
3384
3243
3431
3219
3439
3334
3466
3523
3370
3382
3323
3551
3345
3407
3397
3415
3637
3507
3427
3370
3502
3287
3403
3412
3434
3587
3318
3365
3291
3564
3542
3317
3287
3241
3342
3549
3411
3500
3286
3527
3283
3438
3339
3277
3372
3285
3311
3290
3304
3534
3537
3387
3474
3458
3434
3338
3337
3386
3576
3499
3409
3349
3399
3338
3418
3433
3247
3426
3322
3303
3302
3326
3198
3462
3402
3502
3464
3387
3582
3275
3465
3266
3342
3448
3352
3242
3323
3340
3474
3527
3332
3538
3620
3376
3295
3395
3421
3454
3446
3467
3275
3535
3398
3244
3444
3518
3294
3401
3460
3426
3271
3425
3336
3490
3461
3439
3410
3612
3429
3516
3387
3371
3372
3409
3359
3202
3372
3393
3510
3481
3369
3445
3382
3479
3414
3486
3314
3436
3431
3597
3399
3319
3556
3436
3336
3388
3402
3484
3409
3370
3360
3594
3451
3526
3335
3381
3395
3443
3281
3390
3577
3404
3328
3412
3437
3363
3382
3380
3454
3358
3335
3429
3523
3390
3373
3278
3465
3430
3580
3708
3379
3369
3293
3288
3574
3259
3318
3504
3778
3302
3403
3355
9127
3370
3441
3366
3387
3465
3392
3576
3489
3347
3257
3362
3366
3681
3391
3361
3480
3393
3338
3339
3415
3465
3404
3466
3333
3393
3310
3388
3374
3516
3445
3378
3427
3434
3367
3506
4114
3378
3404
3383
3471
3247
3345
3472
3375
3302
3319
3453
