47
-83
-348
-42
-317
-342
-204
-420
-18
-86
-107
-244
81
-415
-93
-540
-388
-244
-96
-261
-431
-157
-54
-394
-242
-319
-245
10
-61
-157
-512
-280
-165
139
-189
-132
-102
-119
-251
-108
28
63
-154
-306
-168
-119
-179
-80
23
-84
228
-260
-330
-82
-463
-439
4
-3
81
23
-151
-266
-151
-43
-234
-481
-213
-304
224
-216
16
-398
-140
-60
-235
87
-117
-276
-303
-194
-161
-301
-218
-430
-189
-225
-186
-148
-64
-571
41
43
-431
-36
-292
138
-371
-65
-179
-121
-102
10
-343
-126
-95
-225
-196
-130
-60
-68
-110
-116
-51
6
-212
-225
-226
-60
-79
-297
-205
-113
-314
-1679
-182
-48
-57
-197
-88
-120
-232
-304
-164
-4
-7
-133
-261
32
-97
-120
-17
-34
-134
-514
-259
21
-93
276
-22
-267
-138
-289
-4
23
7
-303
-151
-200
-296
-92
-109
-114
-49
-232
-557
-143
-348
-351
77
-176
-146
103
-465
-158
-152
-284
-303
-112
-331
-364
-418
-490
-130
-154
-227
-163
-416
-56
-411
-191
-137
2
-451
-116
-273
-188
-50
-135
-261
-162
-98
-258
-264
-109
-57
-768
-82
-151
-222
-239
-191
-241
-193
-416
-151
-10
25
-149
-464
0
-268
-439
-183
-341
-222
-1023
-210
275
-286
-29
0
-56
-482
-114
-218
-139
-115
-103
-441
195
-272
-313
-71
-457
-75
-104
-256
-217
6
61
26
-445
32
-32
-253
-22
-21
207
-183
-212
-363
-44
-67
-135
-78
73
-141
-232
-288
-264
-279
-164
7
-206
-101
-103
-226
-242
-110
-24
-360
-511
-71
-107
132
-205
-425
-192
-89
-112
-258
-257
-124
-199
-398
-273
57
-235
-264
-236
58
-147
-148
-317
-452
-101
-192
31
-2735
-220
-45
-2
-439
-173
-147
-214
-215
-323
-167
75
-144
-397
-321
184
-64
-26
-216
-581
-99
37
-212
-204
-239
-614
-96
-32
68
-172
-189
-51
-195
-422
-140
-243
-187
93
-160
43
-173
278
-130
-105
-635
-186
-62
-53
-122
-224
-156
-275
-139
-98
-399
-183
-307
-307
2
-150
-48
-47
268
-194
-146
-32
139
-172
-390
53
-35
-329
-107
5059
-73
-80
-507
-164
-21
-241
-52
-15
-281
-255
-273
-49
-220
-118
38
77
-313
-113
-225
-153
-382
-131
-129
-49
-195
203
-358
-151
-289
-203
-107
54
-109
-250
-258
-133
-246
-180
-191
-32
-325
-126
-233
-387
-135
43
19
-230
77
61
-73
-260
-64
-173
-125
-127
-10
-51
-244
-155
-274
62
-62
259
-153
-294
-301
-171
-362
-180
-396
-178
-427
-338
-23
-194
119
275
-115
31
-198
-495
-500
-43
-331
80
-284
-66
-77
-82
-267
-234
-28
43
-236
-303
12
-65
-88
-168
-47
-352
-65
-113
-201
-428
-24
-58
-73
-176
-240
-142
-198
53
-18
-290
-311
-465
-261
-284
-71
64
-281
-203
14
-259
-143
-34
-71
-278
-93
70
-173
-461
-63
-155
75
-148
-54
-321
-165
69
-146
-23
14
-48
-331
-80
-389
-35
-37
-253
-354
44
-262
-26
-267
388
-384
-174
-46
-107
14
69
-55
-176
-370
-287
-74
-6
-276
-215
-264
-30
-118
-338
-184
31
-23
-35
-384
-23
89
-349
-173
-195
-149
-160
-63
-336
-476
-113
-44
-221
-141
86
-365
103
-31
-273
-260
-259
-68
-21
-451
9
-212
-130
-204
-214
-209
53
-235
-220
-184
-69
-324
-200
-186
-118
66
-237
-492
-254
-243
-196
23
-46
-363
-33
-173
-250
-285
249
-2
-160
-82
141
-511
-192
-175
-219
-231
-237
-363
6
-288
-324
-386
-270
-457
-622
-84
-124
-332
-468
-227
-172
116
-243
147
153
-253
135
-296
-470
-259
-414
-482
-196
-442
-281
-139
-100
-562
-429
-223
-207
-299
-86
-468
-89
-365
-151
-226
-523
-383
-273
-473
24
-32
-68
-468
17
-408
-275
-291
-87
-304
-46
-318
-146
-241
-95
-205
-431
-92
-206
59
7
19
-142
-187
-250
-61
-15
-115
-123
-402
-120
32
-139
-386
-357
-647
-105
-95
-189
79
-339
-304
-368
-119
-398
101
-258
-330
-234
1549
-338
-235
-228
-275
-24
113
-34
-28
76
-194
-186
-39
-302
-360
-145
-118
-215
-156
-316
-205
-171
106
-23
-30
-369
-84
-83
-170
-325
-133
-179
-92
-264
21
72
85
-220
-70
-77
-242
-47
-206
165
-7
-144
-232
-165
