3527
3490
3382
3349
3275
3477
3448
3524
3574
3438
3321
3194
3358
3348
3509
3475
3207
3444
3537
3392
3411
3308
3489
3275
3374
3332
3293
3439
3243
3510
3553
3406
3357
3497
3592
3486
3391
3403
3431
3169
3498
3479
3570
3436
3544
3311
3389
3516
3529
3544
3423
3520
3397
3010
3348
3343
3528
3246
3541
3359
3455
3227
3019
3333
3512
3409
3485
3459
3426
3491
3416
3525
3473
3342
3520
3137
3502
3041
3374
3353
3508
3533
3479
3391
3330
3204
3417
3521
3558
3437
3359
3414
2590
3396
3456
3309
2941
3373
3537
3531
3596
3524
3495
3380
3346
3260
3480
3529
3350
3422
3430
3526
3223
3452
3528
3411
3438
3635
3463
3243
3429
3102
3325
3386
3219
3224
3338
3274
3455
3300
3544
3356
3044
3388
3437
3537
3409
3203
3453
3006
3462
3553
3523
3562
3482
2650
3520
3449
3552
3186
3329
3363
3308
3517
3527
3345
3503
3218
3552
3221
3503
3587
3434
3535
3413
3437
3475
3268
2731
3437
3584
3472
3293
3359
3586
3104
3408
3412
3402
3371
3474
3559
3487
3516
3489
3534
3479
3378
3577
3396
3559
3314
3316
3484
3458
3436
3580
3206
3368
3303
3414
3343
2962
3461
3468
3250
3498
3346
3464
3369
3407
3510
3448
3264
3473
3110
3047
3540
3034
3382
3488
3419
3517
3364
3520
2867
3345
3317
3495
3461
3367
3483
3410
3549
3561
3404
3380
3254
3559
3272
3351
3482
3535
3395
3481
3177
3287
3365
3276
3001
3353
3366
3539
3562
3567
3416
3176
3324
3452
3512
3542
3370
3598
3570
3375
3388
3430
3505
3436
3528
3536
3466
3531
3530
3614
3487
3257
3545
3430
3426
3267
3544
3573
3152
3409
3431
3400
3466
3331
3575
3322
3256
3469
3475
3374
3186
3167
3230
3445
3479
3500
3434
3496
3576
3274
3508
3327
3474
2833
3480
3336
3057
3293
3385
3584
3476
3551
3532
3454
3030
3444
3401
3397
3413
3507
3444
3366
3466
3540
3401
3335
2974
3553
3535
3484
3382
3465
3482
3556
3491
3361
3728
3394
3517
3422
3137
3522
3450
3405
3346
3507
3533
3508
3150
3541
3549
3468
3313
3413
3402
3470
3376
3416
3315
3458
3566
3336
3386
3475
3345
3474
3403
3522
3419
3394
3506
3549
3471
3356
3529
3419
1678
3515
3367
3333
3507
3269
3537
3507
3447
3288
3344
3345
3357
3608
3609
3426
3245
3440
3508
3458
3200
3331
3498
3185
3304
3556
3431
3382
3548
3352
3441
3493
3606
3399
3339
3379
3418
3489
3102
3335
3065
3540
3396
3356
3311
3518
3366
3510
3191
3469
3316
3434
3197
3523
3512
3360
3414
3468
3432
3364
3513
3257
2958
3492
3436
3418
3365
3405
3194
3474
3515
3478
3375
3554
3554
3494
3496
3432
3351
3408
3227
3578
3604
3409
3274
3263
3313
3398
3438
3458
3351
3522
3507
3484
3471
3384
3480
3297
3507
3473
3412
3058
3469
3347
3479
3377
3516
3295
3451
3479
3498
3401
3530
3505
3478
3085
3368
3436
3338
3300
3476
3435
3258
3334
3579
3334
3490
3440
3515
3325
3338
3480
3630
3424
3184
3446
3190
3409
3416
3508
3154
3522
3439
3477
3520
3455
3506
3489
3076
3384
3299
3540
3477
3550
3316
3465
3437
3298
3781
3320
3201
3580
3386
3470
3062
3407
3502
3322
3377
3489
3257
3443
3496
3527
3569
3530
3390
3462
3507
3584
3350
3510
3525
3305
3510
3370
3549
3434
3495
3476
3587
3507
3218
3369
3440
3614
3075
3436
3524
3354
3534
3486
3358
3424
3546
3119
3581
3349
3606
3588
3549
3517
3463
3275
3338
3415
3474
3564
3454
3527
3619
3570
3441
3472
3397
3498
3318
3408
3436
3618
3265
3566
3260
3017
3509
3333
3625
3491
3334
3305
3470
3528
3533
3497
3439
3376
3372
3344
3494
3425
3212
3424
3245
3512
3375
3592
3485
3342
3469
3515
3296
3465
3258
3524
3390
3503
3547
3440
3405
3555
3421
3332
3279
2990
3269
3273
3524
3449
3359
3506
3557
3435
3554
3480
3349
3494
3360
3361
3453
3008
3520
3424
3354
3429
3345
3298
3368
3534
3467
3551
3466
3274
3528
3522
3485
3313
3578
3484
3539
3524
3522
3401
3615
3465
3486
3374
3344
3405
3173
3530
3455
3438
3492
3490
3367
3245
3424
3514
3592
3339
3535
3259
3450
3399
3409
3435
3518
3584
3364
3250
3521
3560
3516
3387
3529
3412
3438
3416
3465
3465
3451
3505
3847
3070
3342
3522
3265
3589
3217
3434
3488
3584
3391
3338
3459
3417
3432
3450
3524
3478
3482
3389
3435
3371
3356
3267
3472
3470
3248
3520
3441
3424
3384
3430
3348
3379
3585
