3645
3655
3326
3199
3706
3498
3666
3535
3531
3499
3109
3200
3201
3216
3515
3522
3323
3292
3775
3412
3512
3260
3486
3534
3224
3612
3104
3592
3203
3439
3642
3263
3556
3616
3472
3483
3532
3432
3572
3486
3460
3577
3649
3539
3349
3206
3746
3528
3580
3526
3525
3463
3765
3118
3410
3258
3375
3091
3230
3162
3577
3254
3068
3340
3397
3445
3373
3562
3416
3612
3620
3673
3479
3231
3522
3130
3399
3165
3147
3341
3476
3750
3640
3347
3022
3305
3392
3301
3572
3646
3316
3403
3358
3121
3305
3265
3167
3183
3353
3676
3700
3726
3545
3437
3076
2843
3177
3631
3500
3326
3462
3338
3229
3497
3407
3239
3326
3547
3489
3342
3308
3189
3283
3513
3041
3316
3435
3171
3540
3295
3427
3335
3101
3513
3324
3596
3395
3374
3450
2995
3659
3686
3664
3905
3341
3086
3557
3395
3527
3467
3234
3388
3061
3606
3500
3227
3383
3294
3501
3052
3521
3595
3291
3725
3313
3568
3457
3229
3308
3487
3500
3442
3253
3506
3787
3250
3076
3368
3190
3345
3358
3670
3414
3597
3592
3582
3680
3442
3531
3269
3537
3659
3591
3262
3480
3590
3554
3294
3445
3085
3440
3343
3027
3223
3265
3478
3351
3090
3437
3253
3203
3558
3326
3574
3308
2994
3159
3780
3261
3300
3436
3565
3498
3057
3375
3489
3347
3286
3464
3729
3409
3526
3394
3524
3488
3378
3435
3235
3495
3210
3194
3590
3494
3210
3294
2910
3225
3373
3224
3192
3425
3649
3372
3415
3654
3359
3134
3428
3220
3283
3739
3331
3574
3355
3275
3387
3351
3355
3307
3510
3391
3501
3451
3258
3545
3484
2986
3292
3249
3585
3286
3697
3612
2937
3518
3260
3618
3679
3329
3513
3276
3255
3591
3482
3497
3147
3230
3452
3556
3514
3757
3429
3541
3527
3826
3483
3332
3712
2519
3506
3378
3103
3331
3360
3506
3281
3631
3489
3462
2975
3469
3349
3303
3632
3566
3398
3174
3497
3466
3417
3196
2845
3252
3741
3768
3341
3316
3576
3638
3402
3236
3740
3158
3424
3119
3048
3586
3565
3371
3898
3420
3569
3687
2880
3513
3458
3356
3315
3255
3345
3485
3240
3203
3325
3399
3610
3283
3337
3520
3218
3521
3386
3625
3443
3806
3675
3512
3340
3401
3786
3455
13938
3531
3672
3495
3446
3481
3702
3521
3546
3293
3398
3446
3300
3504
3584
3391
3354
3498
3597
3361
3076
3228
3414
3187
3241
3526
3348
3514
3581
3378
3414
3697
3508
3318
3229
3267
3417
3365
3172
3298
3000
3539
3438
3327
3381
3283
3312
3437
3348
3387
3429
3427
3291
3546
3717
3442
3202
3481
3401
3319
3574
3257
2995
3362
3693
3824
3295
3552
3311
3422
3692
3767
3398
3799
3616
3330
3464
3425
3597
3446
3266
3520
3677
3625
3235
3306
3528
3204
3234
3771
3055
3493
3541
3119
3480
3269
3712
3352
3390
3515
3422
3095
3398
3348
3418
3380
3505
3125
3469
3614
3525
3382
3760
3545
3259
3126
3223
3704
3264
3433
3589
3166
3509
3216
3610
3311
3390
3583
3487
3146
3239
3330
3357
3396
3681
3474
2914
3603
3358
3623
3149
3673
3352
3324
3408
3289
3440
3473
3114
3271
3205
3552
3418
3616
3255
3445
3385
3222
3668
3234
3221
3443
3332
3552
3471
3429
3187
3465
3478
3678
3283
3513
3668
3589
3411
3455
3343
3590
3468
3494
3307
3329
3715
3404
3548
3177
3552
3397
3545
3246
3432
3459
3065
3371
3427
3382
3124
3726
3606
3282
3495
3586
3267
3509
3308
3905
3641
3236
3621
3661
3474
3668
3468
3233
3340
3373
3383
3436
3502
3264
3672
3633
3390
3536
3285
3734
3221
3520
3362
3361
3338
3555
3069
2889
3331
3197
3743
3449
3381
3369
3319
3632
3447
3443
3383
3524
3383
3260
3684
3431
3168
3285
3544
3366
3262
3564
3508
3155
3463
3406
3324
3382
3248
3609
3530
3437
3526
3233
3487
3715
3408
3414
3313
3061
3323
3283
3505
3473
3438
3592
3730
3693
3722
3479
3268
3600
3419
3493
3284
3137
3472
3457
3383
3585
3502
3440
3390
3574
3582
3615
3816
3395
3441
3569
3491
3247
3527
3673
3462
3420
3273
3383
3668
3393
3419
3413
3117
3226
3108
3830
3511
3245
3301
3517
3246
3319
3254
3687
3525
3127
3363
3400
3354
3184
3644
3477
3355
3549
3281
2791
3470
3667
3342
3477
3652
3410
3390
3280
3486
3448
3481
3503
3680
3366
3202
3672
3443
3626
3078
3362
3490
3620
3590
3134
3426
3412
3344
3544
3553
3694
3552
3255
3511
3447
3303
3396
3532
3391
3085
3432
3304
3379
3485
3408
3167
3309
3601
