4017
3936
3940
3928
4027
4039
3954
3986
3897
3872
3860
3784
3967
4145
3971
3874
3911
3977
3935
4146
3907
4094
3929
3935
3934
3877
3955
3982
3820
3824
3840
3904
4002
3991
4053
4021
3901
3929
4010
3987
3913
3929
3972
3941
3866
3888
4223
3963
4112
3852
4021
3913
4084
4519
3960
3796
3881
3951
3851
3919
3837
3833
4077
4084
3861
3987
3918
3978
3898
3974
3805
3854
4016
3870
4004
3940
3782
4207
3858
3890
3917
3953
3970
3855
3782
3885
3796
3893
3952
3883
3773
3844
4394
3832
3738
3822
4013
4005
3873
3959
3946
4009
3848
3773
3819
3793
3934
3921
3925
3719
4040
3896
4071
3908
3918
3873
3881
3902
3828
3823
3970
4032
3976
3827
3905
3844
3819
3849
3895
3921
3904
3851
4085
3872
3872
3944
3948
3853
3930
4187
3999
4101
3954
3968
3887
6662
3932
3880
3837
3880
3794
3927
3741
3984
3869
3918
3983
3805
3953
2924
3967
3994
3756
3977
3860
3965
3874
3876
4403
4012
3917
3984
3907
4053
3907
4521
3838
3859
3822
3996
3833
3962
3962
3994
3979
3847
4006
4053
3849
3862
3952
4030
4167
3869
4008
3978
3991
3934
3955
3760
3950
4033
4096
3933
3941
3827
3991
3790
3947
3819
3853
3855
3965
3769
3933
3952
2951
3999
4233
3890
3950
4029
3936
3874
3952
3475
3851
3718
3878
3960
3831
3901
3940
3889
3901
3891
3902
3881
3878
3791
3917
3889
3821
3878
3877
3759
3900
3765
3729
3594
3872
4173
3876
3888
3958
3897
3885
3920
3763
3804
3935
3825
3978
3920
4054
3963
3790
3931
3839
3922
3910
3865
3871
3908
4038
3834
3804
3950
3909
3876
3796
3916
3883
3853
3972
3963
3873
4015
3864
3895
4010
3918
3925
3833
3888
3734
3590
4193
4013
3870
3992
3990
3906
3931
4332
4003
3817
3936
12284
3827
3717
3829
3833
4031
4040
3884
3945
3834
3858
3905
3866
3838
3775
3850
3866
3905
3905
3845
3838
3815
3783
3567
3855
3994
3921
3915
3871
3900
3976
3963
3723
4181
3903
3833
3887
4126
3886
3932
3864
3923
3975
3958
3821
3988
3931
3972
3912
3823
3869
3861
3949
3850
3895
3893
3938
3958
3866
3874
3931
3813
3940
4055
3964
3838
3970
3928
3849
3931
3823
3936
3979
4835
3896
3995
3873
3835
3998
3983
4038
3981
3749
3888
3926
3864
3989
3973
3816
3922
3893
3909
3835
3920
3805
3970
3832
3875
3927
3837
3924
3965
3971
3786
3899
4043
3831
3855
3893
3907
3870
3888
3849
3817
3974
3903
3877
3868
3832
3988
3936
3899
3840
3804
3856
3836
3864
3940
3849
3888
3997
3984
3910
3987
3836
4151
3896
3911
4017
3889
3826
3793
3827
3967
4147
3981
3916
3898
3808
3999
3757
3946
3863
3760
3959
3920
3927
3986
3930
3946
3914
3774
4043
3912
3980
3915
3752
3901
3912
3903
3923
3871
3972
3968
3490
3804
3935
3860
3748
3968
3883
3889
3906
3994
3867
4038
4076
3877
4402
3945
3995
3855
3866
3974
3756
3924
3858
4111
3869
3831
3915
4026
4036
3899
4007
3836
3876
3914
3877
3367
3955
3847
3893
3883
3983
3917
3969
3939
3869
3833
3857
3102
3929
4035
3897
3876
3918
3908
3965
3907
3843
4235
3857
3602
3915
3869
3911
3668
3929
4033
3878
3978
3901
3840
3896
3916
3916
3913
3884
3987
3886
3936
3826
3900
3980
4003
3902
3852
3971
3850
3997
3964
3814
3946
3906
3824
3964
3882
3902
3995
3896
3936
3832
3805
4025
3844
3913
3943
4059
4053
3908
3937
3910
3981
3912
3888
3786
3859
3877
3926
3905
3885
3826
3911
3992
3912
4006
3890
4067
3875
3946
3910
3955
3894
3892
3878
3480
3889
3816
3895
4019
3848
3870
3957
3879
3842
3961
3822
3854
3950
3815
3912
3834
3856
3836
3837
3905
3893
3997
3867
3872
3913
4001
3923
3865
3729
3902
3871
3945
3826
3908
3925
3953
3889
3795
3902
4404
3793
3789
3931
3967
3854
3886
3949
3893
3886
3897
3829
3965
3975
3879
3834
4048
3964
3923
3842
3819
3841
3985
3992
3914
4037
3972
3877
4038
3928
3952
3950
3867
3961
4074
3946
3839
4005
3876
3908
3852
3986
3802
3798
3846
3235
4120
3944
3901
3961
3991
3766
4053
3866
3914
3954
3728
3946
4011
3918
3920
3939
3932
3846
3872
3834
3943
3975
3880
3811
3865
3888
3927
3998
3911
3808
3994
4029
3863
4296
4038
3795
4006
3916
4035
3814
3825
3930
4005
3860
3840
3854
3871
3839
3930
3950
3918
4053
3842
4069
3871
3819
4306
4016
3782
3837
3927
3787
3861
3923
3927
3864
3864
4036
