-309
-215
-169
-191
-178
-300
-220
-268
-290
-203
-245
-192
-292
-226
161
-212
-180
-244
-145
-190
-246
-87
-190
-281
-227
-238
-296
-77
-192
-89
-92
-294
-79
-153
99
-104
-157
-219
-174
-290
-202
-63
-186
-269
-154
-194
-168
-225
-208
-228
-254
-193
-89
-209
-223
-222
-187
-153
-213
-250
-196
-189
-194
-260
-215
-249
-265
-224
-223
-236
-161
-202
-164
-225
-128
-312
-225
-219
-205
-150
-270
-194
-194
-170
-265
-232
-188
-160
-188
-280
-128
3
-218
-182
-202
-131
-201
-171
-212
-189
-224
-238
-165
-60
-81
-193
-198
-201
-168
-255
-57
-226
-341
-206
-178
-260
-157
-281
-201
-201
-193
-155
-136
-316
-218
-200
-293
-191
-211
-113
-231
-239
-167
-331
-264
-188
-246
-230
-198
-236
-169
-293
-274
-296
-176
-323
-158
-231
-36
-341
-178
-196
-274
-289
-290
-134
-248
-113
-206
-534
-322
-217
-199
-120
-108
-123
-121
-154
-210
-80
-204
-312
-220
-184
-165
-231
-191
-128
-189
-243
-170
-196
-199
-165
-210
-204
-271
-252
-462
-174
-329
-77
-240
-249
-227
-127
-287
-215
-198
-154
-197
-286
-191
-135
-383
-250
-204
-243
-224
-173
-248
-241
23
-153
-234
-238
-192
-219
-258
-270
-124
-250
-170
-165
-184
-333
-226
-194
13
-215
-184
-207
-124
-241
-231
-203
-204
-214
-241
-228
-241
-296
-206
-268
-214
-208
-181
-130
-211
-243
-163
-237
-251
-198
-218
-209
-201
-281
-272
-136
-154
-277
-282
-355
-232
-246
-173
-191
-226
-242
-153
-203
-110
-235
-243
-249
-239
-272
-574
-321
-257
-235
-309
-318
-87
-216
-255
-187
-190
-116
-223
-260
-115
-202
-106
-207
-268
-178
-221
-202
-204
-28
-123
-206
-280
-247
-243
-242
-145
-291
-271
-243
141
-258
-210
-192
111
-286
-250
-197
-63
-295
-201
-171
-264
-258
-308
-175
-298
-461
-10
-196
-369
-139
-226
-256
-192
-112
-158
-184
23
-347
-224
-178
-132
-192
-149
-272
-30
-275
-251
-251
-154
-234
-191
380
-216
-98
-169
-229
-258
-182
-348
-322
-224
-220
-272
-107
-113
-73
-276
-231
-190
-107
-227
-162
-301
-175
-281
-252
-190
-173
-163
-170
-163
-365
-115
-246
-307
-161
-180
-14
-216
-15
-290
-218
103
-188
-251
-113
-163
-207
-241
57
-202
-143
-222
-308
-199
-183
-197
-155
-228
-253
-138
-209
-78
-261
-201
-261
-277
-165
-286
-363
-243
-52
-220
-198
-254
-241
-125
-191
4
-406
-218
-229
-7
-246
-114
-176
-212
-208
-371
-174
-234
-155
-217
-197
-29
-331
-211
-259
-164
-226
-229
-473
-233
-50
-55
-370
-253
-270
-149
-181
-252
-219
-130
-182
-114
-248
-252
-132
-296
-228
-140
-205
-178
-225
-201
-246
-202
-253
-191
-151
-160
-106
-173
-262
-149
315
-217
-226
-234
-214
-176
-150
-290
-226
-211
-234
-126
-145
-283
-223
-181
-263
-202
-251
-267
-212
-65
-249
-306
-278
-208
-173
-213
-177
-296
-115
-6
14
-199
-132
-201
-184
-260
-176
-116
-197
-246
-286
-173
-125
-252
-234
-206
-200
105
-153
-274
-195
-253
-217
-152
-181
-212
31
-199
30
-182
-284
-243
-266
708
-171
-298
-100
-206
-404
-240
-293
-333
-283
-156
-89
-230
-390
-84
-211
-226
8
-240
-191
-353
-241
-250
-160
-188
-206
-226
-159
-241
-283
-287
-305
-207
-164
-237
-160
-338
-295
-223
-176
-211
-206
-166
-134
314
-276
19
47
-248
-252
-180
-277
-337
-186
-237
-128
1271
-179
-189
-182
-225
-160
-201
-170
-255
-89
-156
134
-193
-202
-164
-84
-121
58
-181
-284
-159
31
-158
-241
-133
-79
-86
-159
-247
-150
-205
-167
-361
-247
-163
-234
-87
-90
-230
-218
-139
-172
-277
-418
563
-89
-338
-227
-180
-167
-172
-188
112
-285
-60
-172
62
-193
-290
-122
19
-275
-257
-117
-220
-338
-197
-237
-180
-402
-287
-224
-217
-194
24
70
-180
-230
-196
-37
-286
-306
-174
-238
-303
-212
-90
-289
-216
-100
-346
-172
-244
-175
-220
-285
-163
98
-186
-197
-279
-183
-156
-107
-248
-9
-247
-147
-138
-268
-223
-219
-258
-269
-234
-85
-161
-207
1147
-168
-225
-232
-286
-227
-231
-222
-209
-369
-191
-209
-191
-168
134
-236
-235
-181
19
-194
-221
-213
153
1000
-166
-195
-162
-205
-243
-186
-266
-237
-242
-233
103
-261
-2
-291
-151
-87
-144
-158
-253
-100
-179
-273
-207
-220
-208
-164
-180
-258
-201
-186
-276
-225
-166
-186
-158
-267
-220
-244
-207
-252
-244
-246
-240
-224
-261
-198
-229
-507
-231
-275
-277
-251
3
-182
-119
-266
-228
-230
-236
-295
-126
-120
-229
-171
-168
-271
-76
-217
-252
-228
-300
-384
-121
-105
-221
-179
-176
-154
-383
-209
-298
55
-174
-253
-17
-251
-199
57
-283
-181
-165
-216
-235
-258
-169
22
-253
-161
-269
-88
-162
-169
-242
-271
-133
-266
-170
-225
-257
-251
-107
-203
-214
-586
-212
-158
-38
-172
-249
-265
-245
-269
-186
-184
-228
-259
-262
-272
-129
-251
-270
-208
-248
-199
-337
-229
228
-179
-198
-91
-307
-242
-70
-222
-216
-39
-267
-201
-232
-261
-282
-158
-155
-223
-215
-136
-130
-268
-254
-316
-203
-155
-220
-196
-241
-190
-277
-253
-181
-223
-179
-145
-1
-158
-149
-226
-93
-203
-270
-163
-324
-218
-317
-186
-358
-265
-214
-224
-274
-240
-212
-249
-269
-225
-228
-267
-131
-268
-177
-273
-222
-193
-220
-253
-75
-250
-236
-247
-220
-230
-198
-121
-203
1196
-258
-197
-297
-260
-268
-69
-314
-108
-139
-311
-178
-122
-218
-288
-210
-109
-73
-22
-225
-232
-170
-313
-300
-322
-270
-176
-106
-319
-237
-151
-196
-262
-221
-202
-77
-255
-234
-326
684
211
26
-221
45
-232
-137
-232
-240
-148
-226
-33
-245
179
-193
-185
-170
-254
-311
-284
-239
-284
-294
-141
-1
-240
34
-216
-186
-164
-179
-217
-254
-220
-132
-320
-362
-216
-277
-169
-378
-147
-253
-274
-297
-170
-236
-199
-109
-257
-203
-108
-261
-256
-167
-157
-229
-443
-52
-242
-236
-182
-220
-260
-219
-170
-298
-207
-39
-243
-206
-231
-318
-94
-250
-142
-255
-183
-117
-334
-317
-247
-165
-254
-219
-201
-229
-204
-111
-202
-198
-211
-210
-175
-210
-51
-281
-168
-249
-58
-248
-292
-255
-196
-149
-316
316
-212
-278
-253
-201
-342
-214
-201
-196
-236
-230
-194
-264
-238
-246
-208
-314
-223
-188
-101
-287
-139
-203
-108
-266
-89
-251
-232
-298
-211
-312
-140
-68
-300
-193
-207
-166
-8
-268
-240
-95
-205
-322
-166
-218
-156
-229
-141
-192
-90
-226
-230
-181
-238
-271
-155
-176
-315
-139
-182
-177
-212
-223
-256
-136
-125
-246
-61
-126
-202
-157
-136
-226
-198
-322
-236
-277
-231
-246
-153
-131
-163
128
-241
-252
-189
-231
-41
-123
10
-296
-277
-191
-250
-279
-182
-205
-178
-185
-167
-89
-151
-231
86
-63
-175
-197
-194
-75
-50
-174
-215
-207
-133
-200
-20
-177
-225
-220
-35
-154
-272
-210
-179
-132
-109
-238
-268
-197
-205
-314
-124
-225
-146
-184
-274
-215
-244
-195
-253
-192
-210
-99
-134
-213
-169
-120
-259
-252
-98
-261
-205
-225
-192
-232
-240
-222
-284
-242
-215
-255
-230
-178
24
-184
-414
-137
-247
-158
-250
-251
-167
-161
-101
-228
-190
-126
-239
-162
-156
-221
-161
-242
-216
-279
-226
-171
-250
-225
-182
-242
36
-230
-151
-219
-224
-423
-187
-140
-199
-86
-249
-304
-3
-260
-298
-253
-137
-172
-221
-201
-215
-210
-197
-283
-323
-295
-148
-216
-184
-335
-158
-202
-298
-181
-181
-248
-247
-32
-187
-216
-206
-133
-158
-8
-180
-19
-125
-264
-220
-253
-208
-220
-195
-202
-245
-260
-237
-220
-132
-324
-273
-179
-236
-190
-265
-140
-51
-106
-169
-244
-154
-245
-191
-246
-177
-238
-254
-366
-186
-208
-232
-157
-322
-208
-238
-228
-278
-105
-276
124
-204
-185
-262
-99
-235
-266
-152
-232
-248
-240
-258
-227
-213
-245
-191
-187
-120
-241
-251
-264
-142
-288
-122
-174
-207
-65
-247
-95
-242
-211
-199
-152
-254
-144
-197
-84
-251
-175
-278
-188
-265
-3
-234
-300
-160
-179
-123
-305
-122
-242
-290
-99
-115
-139
-156
-209
-478
-261
-295
-46
-244
-207
-181
-211
-200
-167
-131
-229
-249
-60
-140
-203
-156
-280
-263
-204
-158
-261
-234
-227
-229
-231
-51
-158
-223
-137
-119
-213
-211
-158
-136
-77
-213
-233
-175
-241
-209
-182
-204
-149
-406
-269
-241
-177
-174
-56
-321
-207
-219
-190
-252
-246
-244
-233
-258
-98
-230
-221
-5
-221
-202
-160
-235
286
-239
-37
-222
-127
-137
-309
-133
-145
-29
-305
-244
-215
-238
-268
-207
-115
-130
-170
-243
-258
-222
-191
-222
-162
-199
-171
-228
-205
-233
-216
-251
-225
-258
-341
-145
-290
323
-326
-403
-138
-213
-135
-227
-66
-293
-187
-225
-225
15
-303
-241
-246
-155
-190
268
0
-103
390
-256
-200
-278
-162
-248
-1
-225
-223
-324
-203
-49
-242
-218
-54
-300
-282
-317
-138
-205
-212
-194
-241
-182
-258
-152
-308
-268
-217
36
-249
-249
-119
-197
-259
-302
-481
-188
-275
-139
-187
-231
-30
-230
10
-295
-210
-102
-129
-300
-170
-242
-232
-177
-181
-125
-279
-322
-206
-227
-38
-198
-212
-244
-205
-268
-203
-268
-244
-111
-178
-212
-214
-215
146
-223
-241
-297
-191
-228
-200
-238
-209
-201
-111
1141
-279
-231
-230
-218
-227
-196
-124
-213
-214
-119
-198
-185
-166
-135
-302
-187
-286
-164
-252
-259
-287
-138
-164
-259
-187
-280
-207
1364
-157
-176
530
-218
-134
-197
-185
-283
-171
-198
-171
-74
-271
-72
-22
-211
19
-237
-211
-223
-197
-227
5
-168
-160
-219
-213
-209
-207
-176
-249
-184
-202
-289
-195
-140
-270
-149
-183
-267
-195
-269
115
-231
-261
-286
-194
-133
-237
-294
-245
-221
-196
-210
-227
-204
-237
-305
-230
8
211
-268
-211
-180
-241
-253
-211
-219
-317
-244
-206
-259
-226
-349
-265
-286
-281
-277
-223
-178
-137
-5
-278
-235
-266
-245
-257
-235
-69
-199
-196
-241
-217
-208
-230
-234
-239
-228
-176
-91
-235
-184
-206
-214
-256
-189
-184
-192
-252
-300
-164
-113
-91
-228
-79
-204
-177
-132
-190
-212
-219
-239
1091
-245
-94
-195
-141
-216
-48
-213
-228
-265
-201
-241
-158
-198
-174
-164
-256
-117
-162
-256
-215
-186
-219
-100
-271
-296
-254
-213
-125
-202
-184
-332
-215
-20
-224
-310
-207
-207
-141
60
-233
268
-230
-175
-136
-280
-212
-260
14
-12
-230
-206
-196
-220
-458
-208
57
-121
-189
-191
190
-35
-307
-163
-152
-237
-198
-171
-162
-191
-59
-221
-268
-164
-295
-264
-124
-167
-120
-219
-189
-128
-158
-148
-217
-151
-386
-330
-177
-222
-69
-206
-194
-174
-211
-214
-246
68
-183
-184
-220
-217
-254
-235
-284
-303
-250
680
-313
-142
-175
-231
-332
-202
-208
-268
-223
-305
-256
-245
659
-139
-132
17
-247
-172
-279
-189
-150
-258
-233
-227
55
-178
-201
-57
-253
-160
-249
-239
-236
-166
-223
-247
-254
-3
-258
-278
202
-156
72
-565
-203
-222
-228
-208
347
-180
-197
-196
-223
-178
-221
-247
-316
-158
-163
-300
-125
-264
-219
-261
-248
-215
-287
-200
-205
-266
-221
-140
-99
-167
-240
-262
-232
-160
-187
-135
-108
-162
-216
-228
-171
-166
-239
-236
-310
-330
-237
-201
-230
-131
-243
-293
-152
-278
-227
-206
-222
-196
-215
-232
-202
-151
-210
-253
-241
-251
-175
-222
-132
-112
-160
-203
-239
-219
-188
-259
-191
-122
-232
-314
-266
-203
-36
-28
-192
-250
-206
-197
-162
-189
-119
-254
-232
-276
-273
-167
-257
-318
-236
-159
-143
-401
-108
-183
-254
-640
-236
-122
-364
-194
-223
-259
-116
-251
-246
-252
-169
-259
-291
-201
-78
342
-163
-143
-325
-147
-185
-162
-131
-121
-224
-203
26
-223
-220
-147
-272
-200
-237
-214
-186
-186
-157
-109
-237
-167
-337
-225
-133
-190
-213
-235
-206
-254
-183
-240
-220
-300
-273
-218
-253
-202
-258
-282
-265
-137
-255
-181
-161
84
-227
-143
-294
-96
-172
-108
-225
-219
-302
-198
-184
-204
-226
-217
-166
-155
-257
-194
-289
-220
-181
-168
-200
-155
-245
-87
-311
-235
-221
-157
-311
-397
-274
-172
-301
-104
-271
-128
-220
-204
-115
-243
-227
-198
-201
-193
-117
-27
-219
-223
-267
-229
-227
-149
-128
-237
-229
-229
-255
-198
-208
-109
-195
-107
142
-270
70
-173
-66
-230
-296
-52
-307
-319
-241
-109
-177
-109
-291
-315
-250
-184
-233
-166
-181
-222
-377
-221
-210
-183
-265
-129
-186
-209
-214
-51
-238
-169
-289
-266
-538
-107
-264
-179
-227
-190
-161
-288
-149
-238
-251
-208
-187
-45
-166
-151
-181
-190
-155
-271
-152
-154
-40
-153
-159
-222
-123
-262
-254
-213
-227
-168
-214
-222
-203
-132
-171
-227
-226
-100
-191
-210
-172
-260
-150
-183
-181
-225
-199
-120
-256
-361
-222
-178
-132
-292
-220
-227
-235
-461
-135
-256
-248
-174
-168
-346
-233
-203
-227
-246
-266
-177
-166
-174
33
-192
-225
-212
-61
-210
-154
-110
-206
-233
-298
-152
-173
-101
-250
-240
-257
-228
-198
-184
-118
-277
-253
-261
-241
-229
-298
-173
-225
-254
-128
-304
-222
-80
-238
-51
-203
-331
-224
-193
-76
-163
-126
-161
-225
-75
-220
-167
9
-94
-276
-180
-164
-149
-182
-171
-209
-272
-242
-135
-253
-234
-128
-152
-233
-200
-188
-199
-208
-80
195
-35
-194
435
-197
-305
8
-185
-176
-256
-219
-162
-254
-235
-181
-252
-240
-97
-346
-230
-166
-108
-184
-185
-228
-209
-184
-288
-171
-290
-451
-231
-70
-258
-233
-256
-232
-275
-159
-205
99
-287
-221
-153
-156
-239
-244
-273
-542
16
-255
-254
-251
273
-203
-232
-217
-145
-254
-190
-201
-38
-138
-198
-265
-194
-259
139
-257
-197
-62
-185
-283
-153
-75
-310
-267
-260
-116
-64
-196
-235
-262
74
-218
-143
-222
-161
-155
495
-254
-247
-252
-199
-236
-468
-212
-197
-209
-194
-251
-223
-53
-363
-310
-173
-214
-67
-161
-307
-231
-98
-238
-220
-174
-271
-254
-290
-172
-177
-186
-253
-257
-197
-268
-198
174
-223
-165
-251
-137
-229
-379
-208
-169
-176
-263
-214
-97
-270
-94
-211
-377
-197
-197
-416
172
-155
-254
-297
-249
-194
-160
-243
-249
-209
62
-233
-294
-239
-352
-215
-177
-215
-202
-235
-297
-133
-234
-165
-214
-144
-214
-293
-209
-73
-276
3
-140
-194
-130
-204
-309
-313
-151
-193
-263
-213
-203
-199
-158
-279
-244
-243
-183
15
-209
-252
-209
-232
-328
-222
-296
-236
-197
-193
-216
-273
-347
-189
-244
-271
-209
-216
-307
-204
-181
-69
-167
-159
-217
-265
-43
-61
-309
-175
-243
-303
-225
-167
-149
-203
-212
-269
-233
-220
-184
-187
-210
-124
-223
-286
-149
-264
-177
-175
-427
-210
-238
-207
-195
-287
-185
-287
-231
-298
-240
-201
-197
-191
-178
-187
-219
-154
-126
-233
-207
-130
-97
-155
-152
-153
-175
-234
-233
-271
-121
-274
-297
-241
-288
-245
46
-176
-135
-275
-164
-7
-105
-222
-191
-220
-169
-256
-251
-267
-190
-122
-221
-218
-144
-151
-136
-233
-189
-333
-206
151
-229
-118
-235
-82
-214
-239
-238
-232
-258
-174
-129
-245
-199
-162
-301
-70
-204
-241
-235
-246
51
-278
-295
-250
-149
-199
-280
-217
-44
-180
-199
-187
-248
-247
-285
-343
-202
-105
-184
80
-95
-190
-85
-252
-190
-246
-294
-163
-283
-255
-150
-275
-154
-316
-242
-268
-306
-179
-256
-116
-259
-225
-186
-155
-193
-233
-179
-223
-277
-232
-189
-231
-244
-198
499
-50
-222
-237
-172
-239
-196
-205
-114
-243
-200
-159
-172
-200
-255
-146
-91
-240
-172
-168
-318
-185
-462
97
-289
-141
-128
-225
1148
-17
-162
-189
-275
-107
-185
-161
255
-158
-98
-160
-267
-295
-224
-177
-201
-293
-207
-316
-220
-188
-246
-249
-191
128
-202
-183
-71
-235
-210
-253
-302
-214
-167
-288
-267
-289
-217
-115
-185
-236
-229
-165
-282
-205
-227
-276
-207
-198
-325
-214
-216
-170
-197
-174
-238
-73
-310
-123
-222
-191
-344
-221
-127
-85
-259
-289
-190
-331
-230
-224
175
-155
-107
-38
-151
-229
-136
-330
-139
-192
-227
-283
-256
-257
-259
-259
-155
-240
-244
-189
-210
-199
-257
-315
-223
-142
-131
-245
-165
-141
-225
-164
-138
-257
-219
-189
48
-126
-257
-196
-95
-186
-202
-171
-446
-268
-46
-71
-90
-123
-215
-325
-232
-268
-183
-191
-244
-165
-177
-176
-311
-2
-251
-223
-271
-130
-182
-271
-201
-246
-173
-75
-208
-216
-268
-237
-502
-54
-206
-177
-152
-204
-264
-237
-194
-163
-118
-261
-149
-249
-168
-117
-207
-207
-213
-215
-190
-153
-131
-171
-153
-261
-267
-198
71
-190
-165
-314
-236
-245
-486
-227
-248
-209
-203
-180
-83
-263
-170
-124
-268
-205
-314
389
-30
-344
-296
-187
-142
-183
-246
-204
-292
-121
-161
-253
-281
-263
-301
-157
-257
-250
-166
-206
-329
-143
-240
-288
-133
-192
-96
-188
-223
-222
-128
-144
-113
-225
-126
-257
-225
-201
-186
-18
-241
-235
-112
-284
-254
-146
-161
-210
-198
-204
138
-253
-344
-162
-218
-216
-283
-215
-209
-242
-41
866
-249
-27
-213
-186
-288
664
-158
-223
-232
-221
-196
-177
-260
-155
-252
-202
-264
-106
-166
-152
-252
-236
-173
-287
-229
-221
-112
-201
-176
-255
