3382
3526
3239
3328
3385
3386
3324
3265
3425
3329
3311
3264
3241
3327
3437
3244
3285
3353
3526
3440
3404
3326
3455
3381
3343
3330
3358
3422
3332
3496
3345
3396
3503
3352
3499
3445
3237
3389
3448
3347
3429
3402
3406
3246
3255
3349
2036
3361
3568
3546
3272
3494
3433
3225
3254
3377
3510
3340
3408
3357
3350
3245
3369
3291
3392
3316
3383
3445
3317
3377
3452
3366
3400
3325
3387
3234
3333
3300
3352
3346
3364
3428
3367
3302
3298
3420
3274
3526
3482
3232
3210
3343
3263
3239
3364
3331
3345
3302
3383
3432
3412
3549
3401
3337
3364
3256
3423
3352
3391
3289
3316
3369
3493
3397
3350
3472
3348
3472
3346
3460
3299
3327
3445
1624
3369
3324
3298
3244
3343
3401
3432
3423
3340
3346
3286
3349
3326
3412
3380
3367
3445
3518
3201
2962
3396
3349
3405
3169
3374
3384
3297
3242
3276
3372
3417
3276
3335
3365
3439
3406
3435
3445
3427
3490
3177
3423
3423
3274
3215
3377
3343
3383
3426
3408
3350
3412
3339
3363
3303
3258
594
3383
3412
3437
3390
3470
3326
3316
3296
3417
3343
3411
3396
3347
3337
3442
3442
3377
3369
3313
3360
3369
3328
3215
3303
1666
3469
3336
3409
3323
3305
3379
3403
3215
3386
3281
3353
3403
3254
3392
3409
3346
3484
3264
3441
2378
3405
3300
3352
2712
3238
3441
3274
3423
3401
3368
3424
3492
3313
3192
3287
3400
3399
3090
3310
3326
3406
3374
3252
3390
3332
3597
3421
3426
3476
3383
3344
3269
3334
3314
3440
3383
3463
3328
3334
3255
3148
3385
3381
3422
3370
3348
3370
3328
3384
3372
3334
3443
3360
3330
3342
3270
3449
3289
3251
3272
3382
3433
3382
3363
3399
3322
3422
3332
3314
3321
3446
3358
3382
3464
3420
3348
3368
3450
3667
3378
3305
3359
6848
3401
3223
3278
3263
3347
3505
3367
3584
3408
3398
3344
3419
3362
3311
3318
3369
3440
3383
2844
3382
3376
3395
3133
3453
3461
3154
3336
3246
3360
3368
3315
3362
3628
3339
3414
3373
3299
3360
3299
3499
3279
3360
3352
3198
3330
3385
3343
3303
3279
3431
3299
3186
3260
3327
3358
3326
3375
3228
3375
3389
3351
3206
3281
3482
3412
3006
3460
3407
3336
3245
3473
3430
754
3300
3314
3174
3427
3429
3444
3464
3285
3413
3438
3438
3315
3439
3554
3341
3331
3496
3408
3341
3333
3350
3411
3399
3268
3404
3401
3326
3435
3379
3263
3387
3539
3299
3334
3279
3330
3350
3363
3414
3377
3265
3395
3440
3357
3382
3436
3418
3360
3305
3212
3421
3280
3421
3565
3357
3422
3455
3384
3355
3436
3378
3282
3373
3034
3425
3377
3309
3236
3396
3352
3371
3369
3530
3420
3400
3458
3226
3279
3369
3410
3357
3373
3153
3355
3309
3225
3320
3350
2799
3327
3471
3447
3321
3299
3438
3496
3317
3366
3397
3313
3322
3326
3384
3341
3365
3289
3376
3367
3386
3402
3390
3378
3422
3390
3314
3342
3467
3422
3291
3377
3219
3295
3357
3461
3346
3303
3472
3389
3379
3392
3397
3371
3218
3299
3428
3306
3413
3346
3371
3360
3359
3377
3368
3373
2403
3451
3355
3346
3362
3420
3460
3426
3383
3113
3537
3432
3345
3588
3373
3358
3502
3445
3349
3324
3393
3431
3309
3348
3475
3324
3336
3353
3366
3355
3518
3239
3487
3312
3467
3363
3478
3375
3379
3356
3232
3382
3477
3383
3391
3384
3315
3297
3377
3328
3478
3292
3371
3375
3395
3361
3395
3344
3455
3356
3342
3515
3395
3522
3474
3456
3526
3408
3329
3308
3395
3390
3337
3499
3384
3479
3375
3325
3455
3335
3431
3322
3246
3483
3374
3335
3384
3347
3267
3337
3328
3380
3493
3301
3001
3331
3517
3516
3433
3402
3377
3274
3340
3419
3330
3361
3314
3264
3391
3309
3406
3429
3344
3297
3419
3218
3347
3219
3460
3314
3261
3131
3259
3346
3404
3381
3271
3334
3300
3321
3305
3222
3342
3357
3443
3459
3443
3471
3309
3327
3430
3372
3323
3320
3176
3391
3366
3331
3359
3350
3319
3440
3418
3415
3434
3399
3373
3338
3418
3283
3366
3376
3395
3417
3429
3407
3370
3418
3431
3389
3312
3364
3340
3331
3350
3332
3203
3389
3294
3381
3237
3085
3450
3385
3322
3386
3385
3279
3281
3360
3273
3391
3439
3344
740
3408
3401
3366
3445
3412
3345
3352
3277
3343
3394
3494
3371
3591
3343
3319
3390
3386
3485
3354
3355
3429
3385
3375
3338
3327
3396
3412
3431
3362
3367
3505
3243
3362
3447
3273
2785
3364
3372
3339
3498
3438
3405
3302
3308
3374
3385
3417
