-236
-199
-253
-265
-130
-316
-212
-242
-272
-264
40
-200
-306
-222
-34
-59
-189
-177
-254
-227
-229
-199
-154
-279
-269
-311
-243
-269
-214
-214
-185
285
-192
-276
-296
-206
-181
-224
-178
-239
-295
-211
-156
512
-419
-313
45
-273
-132
-226
-268
-98
-247
-256
-221
-279
-209
-294
-217
-97
-321
-225
-239
-189
-96
-256
-252
-274
-183
-235
-294
-215
-241
-5
-289
-252
-255
-300
-298
-162
675
-195
-238
-226
-224
-243
-239
-208
-296
-230
-162
-178
531
-219
-199
-245
-214
-292
-217
-194
-332
-175
-251
-220
-188
-183
-146
-182
-232
-186
-307
-287
-119
-264
-225
62
-275
-286
-333
-233
-204
-133
-300
-206
-269
-247
-286
-221
-293
-234
-304
-162
-246
-243
-163
-200
-161
-267
-223
-229
-190
-164
-254
-221
-173
-158
-162
-615
-240
-197
-202
-189
-180
-85
42
-251
-274
-203
-76
-259
-278
-229
-237
-224
497
-251
-196
-169
-271
-162
-245
-75
-255
-167
-178
-129
-254
-82
-252
-313
-217
-185
-187
-310
-122
-229
-241
-157
-238
-257
-279
-270
-307
-154
-250
-250
-225
-208
-149
-265
-121
-250
-264
-195
-227
407
-328
-256
-291
-255
-226
-236
-272
-240
-220
-298
-324
-209
50
-200
-216
-209
-319
-231
-326
-209
-222
-256
-310
-237
-267
-224
-590
-182
-349
-233
-92
-202
-315
-235
-305
-131
-270
-268
-152
-195
-184
-183
-243
-159
-264
-221
-174
-164
-202
-272
-235
-268
-291
-243
-388
-231
-253
-204
-296
-217
-320
-358
604
-218
-241
-328
-281
-309
-292
-204
-273
-307
-78
-297
-275
-194
-178
-364
-256
-304
-310
-140
-304
-271
-231
-274
-353
-309
-196
-239
-296
-327
-154
-233
-258
-322
-176
-221
-277
-268
-198
-259
-302
-210
-170
-255
-148
-277
-210
-260
-254
-147
-39
-256
-244
-274
-192
-205
-31
-288
-248
-326
-308
-282
-253
-242
-258
-249
-300
-239
-233
-224
-233
-237
-260
-230
26
-321
-308
-243
-290
-111
-181
-244
-231
-141
-183
-262
-257
598
-239
-213
-173
-257
-129
-263
-256
-285
-235
-232
-213
-175
-284
-231
-235
-159
-231
-267
-159
-308
-200
-84
-244
-231
-96
-180
-361
-279
-372
-285
-261
-274
-344
-232
-282
499
-223
-208
-215
-236
-117
-234
-415
-64
-263
-237
-89
-319
-283
-282
-290
-291
-279
-196
-223
-205
-268
-112
-235
-173
-232
-215
-219
-168
-167
-112
-190
-243
-298
-338
-267
-226
-227
-153
-278
-289
-197
-259
-271
-87
-164
-286
-224
-195
-357
-344
-242
-294
-250
-137
-249
-169
-237
-203
-239
-124
-219
-218
-311
-315
-184
-257
-166
-360
-186
-232
-194
-286
-214
-301
-57
-263
-196
-199
-228
-220
-213
-208
-301
-244
-189
-269
-154
-258
-186
-268
-205
-149
-263
-294
-339
-250
-227
-196
-233
-284
-112
-272
-257
-264
-230
-197
-229
-258
-31
-273
-235
-63
-114
-213
-259
-277
-335
-354
-177
-314
-253
-249
-274
-271
-200
-238
-195
-214
-235
-205
-244
-148
-231
-122
-295
-201
-236
-147
-154
-213
-358
-216
-228
-157
-337
-212
-215
-285
-148
-176
-303
-223
-262
-220
-171
-311
-192
-225
-493
-223
-291
-239
-168
-283
-123
-260
-247
-190
-293
-186
-219
-284
-247
-196
-505
-237
-258
-322
-296
-101
-163
-223
-226
-168
-252
-46
-191
-290
-270
-227
-137
-243
-160
-218
-230
-258
-301
-177
-144
-293
-218
-323
-91
-297
-198
-193
-223
16
-68
-237
-405
-248
-170
-168
-307
-364
-282
-56
-186
-230
-174
-198
-357
-203
-201
-206
-245
-110
-303
-281
-318
-167
-277
-284
-241
-218
-236
-285
-229
-103
-210
-191
-297
-206
558
-178
-244
-72
-209
-324
-306
-265
-240
-173
-139
-127
-179
-220
-253
-199
-202
-259
-261
-226
-280
-311
-274
-232
-166
-257
-188
-218
-210
-190
-353
-194
-121
-270
-253
-328
-172
-95
-256
-214
-255
-195
-260
-323
-287
-198
-193
-348
-65
-149
-275
-248
-76
-213
-189
-323
-273
-190
-209
-322
-308
-299
-306
-314
-84
-322
-278
-183
-222
-195
-227
-317
-243
-186
-315
-175
-235
-182
-208
-201
-209
-154
-344
-270
-302
-214
-293
-149
-76
-136
-218
-263
-211
-229
-201
-177
-221
-201
-210
-232
-270
-232
-230
-269
-228
-326
-205
-59
-277
-192
-263
-221
-277
-288
-269
-209
-214
-201
-271
-172
-336
-228
-192
-212
-235
-251
-207
-228
68
-179
-211
-445
-217
-193
-250
-318
-194
-248
-237
-260
-227
-154
-113
-349
-80
-281
-164
-157
-282
-265
-163
-230
-293
-206
-299
-270
-245
-214
-217
-156
-208
-293
-123
-301
-292
-278
-217
-238
-260
-337
-136
-277
-215
-110
-187
-333
-240
-251
-165
-262
-198
-158
-295
-82
-216
-107
-171
-274
-295
-267
-209
-197
-206
-277
-252
-223
-228
-208
-303
-256
-260
-157
-41
-165
-202
-232
-301
-247
-287
-195
-194
-230
-225
-143
-257
-188
-288
-167
-218
-181
-175
600
-232
-254
-132
-207
-247
-298
-278
-245
-205
-246
-243
-263
-298
-244
-277
-266
-178
-204
-82
-303
-246
-31
-197
-297
-231
-81
-236
-291
-182
-196
-195
-261
-262
-261
-238
-212
-368
-122
-177
-115
-343
-65
-414
-261
-44
-326
-185
-226
-275
-185
-166
-145
-210
-237
-181
-131
-201
-240
-260
-164
-153
-277
-722
61
-234
-276
-220
-232
-267
-251
-171
-286
-222
-247
-266
-261
-167
-258
-162
-179
-298
-191
-261
-239
-63
-137
-226
-110
-285
-274
-123
-79
5
-215
-231
-203
-256
-364
-255
-270
-295
43
-178
-233
-275
-159
-264
-226
-369
-218
-223
-119
-146
-291
-307
-245
-260
-209
-220
-259
-237
-289
-132
-140
-177
-74
-187
-195
-289
-127
-135
-249
-192
-206
-280
-252
-220
-121
-319
-235
-209
-274
-87
-231
-222
-185
-163
-170
-286
-283
-66
-274
-274
-286
-294
-234
-274
-230
-218
-256
-247
-251
-326
-235
-177
-275
-127
-244
-287
-322
-274
-220
-265
-195
-232
-231
-289
-371
-213
-290
-246
-277
-214
-232
-230
-284
-189
-243
-227
-257
-331
-280
-205
-300
-222
-234
-234
-297
-208
-35
-125
-296
-251
-246
-262
-244
-226
-233
-284
-316
-250
-358
-308
-297
-257
-310
-270
-236
-223
-263
-155
-252
-228
-143
-238
-265
-173
-200
-280
-207
-308
-273
-185
-254
-168
-192
-198
-249
-225
-161
-305
-95
-238
-230
-352
-189
-211
-328
-194
-259
-212
-246
-204
-345
-189
538
-184
-268
-267
-236
-299
-217
-340
-224
-235
-281
-177
-231
-212
-154
-300
-145
-332
-171
-207
-255
-236
-161
-224
-118
-288
-307
-155
-258
-342
-255
-252
-135
-270
-256
-153
-198
-266
-210
-196
-227
-240
-310
-248
-250
-245
-195
-206
-95
-267
-137
-251
-241
-245
-202
-237
-73
-249
-182
-228
-321
-282
-175
-201
-260
-121
-138
-207
-114
-266
-228
-219
-193
-216
-240
-226
-246
-172
-268
-225
-206
-243
-203
-272
-291
-264
-340
-296
-255
-190
-101
-222
-254
-238
-246
-128
-237
-193
-209
237
-248
-349
-296
-253
-267
-256
-353
-245
-253
-242
-271
-221
-271
-149
-269
-208
-279
-217
-202
-323
-255
-236
-115
-200
-301
-304
-198
-132
-213
-229
-272
-239
-195
-229
-247
-254
-301
-108
-280
-237
-136
-231
-334
-179
-273
-202
-64
19
-143
-288
-216
-303
-184
-278
-283
-183
-201
-198
-215
-276
-214
-225
-222
-338
-219
-194
-257
-221
-200
-249
-210
-245
-268
-135
-342
-356
-126
-255
-95
-255
-218
-241
-264
-255
-166
-287
-256
-341
-260
-251
-332
-191
-320
-230
-248
-194
-282
-263
361
-185
-231
-250
-159
-101
-269
-247
-225
-226
-211
-287
-189
-225
-202
-236
-202
-196
-256
-241
-225
-269
-203
-231
-239
-95
-319
-235
-260
-268
-161
-315
-261
-134
-315
-256
-108
-260
-184
-298
-218
-224
-159
-166
-221
-253
-335
-268
-255
-123
-191
-46
-150
-234
-275
-238
-335
-218
-216
-227
-62
-317
-266
-357
-85
-235
-79
-286
-244
-288
-243
86
-271
-243
-265
-321
-230
-214
-262
-297
-202
-217
-294
-253
-192
261
-209
-222
-130
-282
-344
-263
-179
-292
-217
-250
-132
-278
-203
-132
29
-283
-226
-331
-286
-180
289
-303
-314
-208
-242
-294
-184
-292
-176
-249
-268
-191
-215
-236
-387
-195
-256
-250
-245
-261
-201
-278
-183
-278
-254
-158
-193
-345
-336
-257
-291
-178
-246
-205
-231
-284
-255
-308
-275
-319
-240
-255
-354
-198
-335
-232
-306
-356
-343
-297
-135
-269
-238
-230
-153
-112
-214
-385
-213
-239
-211
-214
-221
-118
-263
-242
829
-191
-257
-270
-185
-323
-30
-247
-223
-214
-229
-348
-321
-113
-202
-81
-223
-171
-294
-258
-280
-211
-249
-168
-182
-212
-335
-261
-183
-281
-264
-95
-280
-255
-214
-173
-334
-206
-272
-120
-256
-175
-187
-210
-256
-314
-193
-215
-126
-244
-238
-131
-206
-259
-235
-346
-234
-222
-193
-245
-210
-198
-253
-287
-267
-244
-219
-274
-230
-252
-210
-159
-205
-139
-137
-96
-116
-94
-26
-351
-124
-315
-214
-257
-239
-312
-316
-310
-130
-230
-197
-226
-203
-302
-208
-293
-162
-231
-191
-224
-118
-201
-225
-258
-22
384
-250
-167
-280
-172
-126
-412
-341
-318
-236
-219
-236
-279
-187
-214
-196
-107
-246
-24
-206
-293
-184
-315
-180
-198
-249
-198
-220
31
-166
-273
-269
-210
-165
-303
-224
-266
-290
-234
-185
-225
-208
-197
-262
-200
-261
-338
-218
-250
-288
-236
-224
-214
-119
-261
-243
-235
-257
-283
-273
-304
-127
-220
-281
-143
-301
-227
-181
-212
-318
-313
-128
-318
519
-230
-281
-259
-218
-349
-115
-256
-215
289
-275
-298
-263
-215
-312
-283
-148
-217
-166
-354
-263
-221
-227
-229
-9
-245
-255
-157
-222
-225
-282
-206
-305
-193
30
-206
-124
-262
-232
-416
-215
-94
-216
-242
-285
-230
-204
-192
-267
-242
-117
-296
-127
-161
-230
-266
-29
-51
-98
-245
-206
-262
-154
-194
-223
517
-289
-138
-208
-291
-288
-261
-175
-256
-304
-316
-200
-311
-168
-277
-166
-173
-193
-135
-272
-163
-274
-262
-216
-249
-216
-129
-331
-149
-244
-422
-56
-185
-205
-343
-293
-243
-244
-198
-182
-272
-240
-212
-337
-249
-241
-256
-302
-118
-226
-239
-198
-180
-314
-223
-154
-257
-253
-162
-234
-68
-276
-462
-119
-174
-326
-215
-132
-98
-303
-125
-281
-153
-238
-262
-277
-233
-291
-200
-226
-230
-226
-245
-82
-218
-202
-206
-214
-215
-240
-254
-214
-179
-299
-220
-599
-339
-263
-289
-288
-308
-217
-177
-135
-214
-303
-174
-250
-142
-283
-158
-296
-199
-259
-308
-243
-232
-283
-140
-543
-340
-301
-319
-249
-271
-172
-235
-277
-339
-249
-277
-230
-280
-246
-293
-247
-319
-245
-271
-182
-206
-269
-218
-243
-226
-236
-166
-162
-232
-318
-216
480
-282
-255
-339
-194
-157
-225
-285
-157
-330
-345
-204
-504
-323
-256
-202
-414
-233
-317
-249
-238
-270
-232
-151
-295
-294
-196
-241
-194
-240
-269
-243
-569
-293
-308
-271
-239
-85
-216
-260
-276
-209
-202
-194
-327
-199
-319
-228
-314
-162
-131
9
-302
-352
-263
-270
-311
-227
-228
-211
-95
400
-177
-202
-160
-296
-189
-308
-190
-214
-184
-212
-283
-280
-184
-202
-343
-294
-112
-163
-44
-244
-286
-310
-320
-242
-135
-170
-253
-280
-288
-131
-291
-233
-163
-202
-245
-235
-216
-128
-204
-192
-241
-208
-126
-172
-283
-228
-248
-238
-362
-247
-206
-233
-180
-233
-308
-161
-228
-181
-158
-313
-174
-253
-263
-131
-287
-181
-192
-239
-165
-287
-301
-310
-66
-219
-237
-146
-146
-289
-167
-239
-281
-223
-232
-219
-207
-182
-184
-130
34
-193
-202
-280
-312
-162
-197
-254
-329
-298
-59
-213
-204
-64
-216
-185
-264
-83
-272
-243
-92
-212
-226
-222
-76
-290
-203
-317
-268
51
-8
-187
-94
-305
-308
-265
-147
-213
-263
-291
-245
-212
-246
-177
-322
-202
-190
-180
-240
-217
-166
-279
-261
-337
-171
-294
-184
-231
-364
-296
-148
-99
-260
-166
-203
-6
-339
-205
-314
-302
-162
-269
-221
-236
-270
-292
-237
-262
-298
-211
-16
-213
-213
-17
-91
-279
-291
-299
-149
-317
-245
-265
-243
-159
-84
-236
-247
-238
-187
-38
-184
-289
-352
-175
-286
-242
-278
-313
-249
-258
-201
-209
-247
-212
-296
-220
-240
-161
-266
-163
-181
-169
-284
-60
-248
18
-258
-293
-268
-359
-236
-195
-127
-209
-182
-213
-254
-290
-604
-199
-298
-350
-225
-218
-139
-189
-120
-298
-145
-180
-223
-307
-137
-252
-257
-150
-233
-219
-419
-218
-227
-323
-199
-280
-101
-141
-314
-356
-209
-210
-181
-227
-148
-204
-249
-304
-251
-283
-289
-222
-252
-238
-176
-189
-201
-299
-97
-238
-265
-283
189
-313
-272
-289
-228
-326
-302
-295
-257
-301
-201
-213
-272
-226
-297
-234
-42
-182
-246
156
-254
-188
-263
-232
-241
-143
-264
-311
-245
-307
-324
-201
-270
475
-281
-303
-176
-286
-282
-290
-261
-259
-186
-165
-221
-248
-174
-174
-238
-231
-292
-258
-222
-261
316
-239
-7
-249
-214
-281
-224
-223
-287
-247
-276
-209
-518
-234
-123
-242
-213
-199
-237
-169
-237
-224
-255
-124
-287
-277
-194
-272
-320
-188
-153
-336
-301
-213
-272
-208
-191
-180
-210
-179
-150
-219
-231
-264
-270
-319
-327
-130
-256
-232
-280
-205
-271
-298
-245
-436
-255
-259
-153
-245
-206
-330
-320
-272
-292
-281
-246
-273
-182
-150
-235
-238
-242
-277
-64
-251
-269
-189
-216
-248
-271
-206
-202
-293
-245
-445
-307
-295
-235
-275
-55
-242
-151
1
-219
-209
-132
-262
-229
-208
-261
-362
-106
-163
-263
-219
-239
-248
-271
-291
-215
-193
-287
-373
-256
-260
-323
-223
-229
-342
-295
-239
-264
-312
-453
-342
-118
-206
-196
-223
-266
-247
-183
-266
-272
-307
-277
-407
-253
-132
-267
-224
-345
-169
-336
-299
-251
-265
-121
-152
-151
-244
-204
-263
-251
-252
639
-206
-270
-228
-238
-341
-81
-213
-309
74
-202
-150
-159
-234
-301
-275
-288
-206
-347
-243
-145
-236
-139
-242
-317
-256
-267
-219
-297
-256
-236
-203
-313
-288
-267
17
-144
-276
-172
-233
-225
-133
647
-244
-211
-215
-223
-262
-197
-188
-286
-195
-268
-206
-338
-334
-206
-163
-219
-240
-243
-278
-278
-142
-177
-97
-191
-209
-213
-276
-225
-248
-141
-127
-198
-251
-280
-227
-198
-176
-56
-159
-78
-282
-153
-170
-244
-237
-194
-210
-252
-184
-182
-98
-253
-288
-286
-301
-279
-268
-282
-247
-210
-247
-215
-265
-270
-268
-164
-198
-195
-219
-274
-271
-163
-288
-351
-304
-307
-304
-162
-259
-199
-214
-106
-160
-173
-289
-263
-300
-255
-219
-292
-199
-179
-271
-256
-211
-209
-204
-193
-236
-280
-155
-260
-179
-233
-238
-236
-243
-219
-242
-268
-294
-249
-322
-268
-155
-264
-156
-248
-286
-296
-188
-130
-223
-330
-331
-216
-200
-231
-294
-164
-206
-184
-246
-279
-152
-55
-141
-251
-253
-190
-257
-231
-278
-319
-239
-180
-351
-254
297
-209
-309
-309
-223
-199
-250
-294
-299
-279
-169
-230
-231
-185
-220
-280
-277
-282
-230
-183
-309
-236
-281
-186
-212
-219
-270
-34
-191
-52
-184
-260
-270
-126
-265
-200
-335
-236
-315
-278
-306
-132
-94
-315
-193
-215
-248
-191
-9
-291
-307
-131
-285
-304
-319
-273
-318
-189
-248
-269
-288
-272
-235
-217
-177
-302
32
-276
633
-55
-214
-274
-220
-209
-208
-272
-192
-201
-132
-325
-208
-179
-380
-284
-404
-269
-239
-50
-277
-239
-362
-300
-243
-207
-233
-281
-263
-203
-191
-220
-223
-267
-214
-250
-77
-265
-223
-148
-284
-299
-144
-279
-220
-203
-271
-321
-251
-181
-244
-249
-383
-246
-177
-130
-149
-266
-281
-173
-187
-95
-217
-227
-248
-42
-307
-275
-291
-274
-176
-272
-302
-298
-233
-284
-125
-252
-168
-109
-194
-252
-181
-272
-219
-203
-157
-133
-236
-284
-288
-263
-263
-310
-260
-194
-267
-274
-221
-190
-209
-153
-361
-189
-197
-173
-99
-251
58
-227
-240
-168
-230
-195
-223
-182
-55
-110
-452
-299
-257
-29
-121
82
-240
-483
-253
-135
-215
-228
-197
-242
-240
-92
-282
-258
-184
-338
-180
-325
-277
-382
-277
-306
-290
-234
-216
-106
-221
-186
-313
-146
-209
-165
-27
-211
-248
-266
-196
-217
-322
-265
-217
-261
-243
-232
-320
-154
-213
-173
-146
-270
-270
-184
-250
-155
-295
-213
-239
-183
-220
-158
-261
-218
-224
-220
-274
-278
-208
-212
-222
-179
-122
-262
-225
-227
-159
-298
-241
-212
-174
-149
-141
-277
-167
-279
-307
-208
-113
-236
-181
-320
-273
-121
-262
-204
-268
-221
-288
-228
-272
-286
-212
-54
-254
-254
-221
-143
-622
-224
-221
-184
-323
-264
-156
-302
-196
-221
-315
-204
-203
-303
-230
-204
-223
-186
-383
-262
-290
-268
-215
-217
-187
-311
-167
-285
-313
-221
-284
-272
-180
-257
-246
-216
-189
-243
-205
-164
-266
-336
-253
-278
-259
-240
-204
-238
-234
-291
-151
-284
-284
-258
-276
-321
-228
-355
-203
-300
-194
-360
-213
-192
-288
-39
-310
-366
-264
-262
-224
-216
-254
-215
-158
-259
-261
-283
-236
-245
-220
-170
-276
-173
-214
-109
-287
-261
-129
-232
-196
-224
-216
-225
-283
-204
-201
-154
-195
-193
-243
-236
-291
-204
-249
-69
-176
-75
-199
-230
-295
-96
-117
-172
-227
-261
-189
-230
-103
-213
-223
-249
-276
-241
-232
-255
-231
-275
-267
-234
-273
-162
-264
-246
-245
-280
-269
-177
-201
-265
-172
-211
-165
-248
2
-205
-157
-68
-263
-232
-274
-289
-12
-289
-211
-228
-271
-173
