3485
3287
3498
3336
3454
3371
3507
3480
3475
3536
3379
3526
3451
3328
3389
3720
3541
3430
3376
3522
3433
3445
3382
3412
3378
3466
3486
3289
3458
3418
3612
3284
3447
3515
3482
3424
3546
3390
3370
3416
3437
3421
3351
3578
3433
3449
4610
3476
3332
3387
3669
3452
3524
3501
3479
3526
3351
3464
3308
3395
3447
3543
3416
3524
3542
3606
3436
3344
3659
3642
3355
3400
3455
3464
3388
3605
3520
3545
3388
3444
3427
3399
3529
3447
3348
3365
3425
3349
3327
3687
3590
3419
3513
3459
3463
3493
3501
3555
3544
3570
3408
3557
3393
3484
3535
3369
3343
3430
3436
3951
3575
3444
3365
3351
3375
3364
3487
3378
3462
3341
3512
3692
3371
5287
3391
3400
3551
3471
3435
3459
3470
3307
3280
3488
3472
3604
3488
3475
3551
3439
3436
3405
4220
3808
3601
3395
3489
3684
3450
3445
3414
3567
3575
3464
3300
3440
3514
3406
3361
3260
3413
3391
3334
3433
3535
3504
3460
3643
3508
3530
3351
3515
3403
3460
3489
3444
3461
3462
3378
3543
4845
3499
3390
3477
3481
3408
3549
3450
3373
3459
3524
3502
3487
3527
3441
3536
3495
3526
3540
3414
3521
3287
3421
3502
3537
5300
3313
3361
3518
3602
3395
3362
3466
3581
3456
3423
3452
3429
3378
3434
3528
3441
3377
3472
3368
4504
3392
3511
3383
4495
3534
3487
3525
3457
3465
3518
3391
3333
3537
3496
3425
3449
3476
3735
3536
3350
3373
3471
3465
3292
3490
3491
3301
3419
3447
3412
3342
3435
3433
3464
3514
3408
3439
3539
3473
3545
3622
3478
3572
3608
3515
3474
3490
3901
3502
3486
3484
3454
3430
3409
3366
3559
3404
3398
3547
3507
3516
3840
3427
3428
3328
3470
3364
3534
3541
3491
3380
3357
3463
3436
3402
3431
3500
3357
3163
3396
3450
3400
6604
3405
3575
3573
3516
3432
3426
3270
3214
3368
3575
3434
3527
3474
3478
3533
3516
3402
3379
3869
3445
3399
3487
3528
3352
3510
3826
3534
3520
3390
3515
3534
3407
2973
3474
3368
3462
3529
3504
3535
3284
3575
3444
3409
3693
3414
3506
3540
3469
3517
3402
3323
3871
3488
3480
3448
3485
3374
3537
3655
3527
3372
3646
3500
3431
3480
3843
3504
3468
3418
3436
3492
3481
2865
3539
3556
3684
3489
3541
3521
3515
3605
3418
3426
3368
3528
3402
3223
3452
3522
3397
3486
3422
3448
3525
3401
3414
3598
3335
3419
3537
3517
3480
3522
3557
3359
3483
3432
3421
3498
3506
3513
3413
3465
3668
3398
3458
3520
3429
3270
3296
3480
3585
3614
3511
3503
3428
3309
3457
3370
3355
3467
3514
3577
3465
3415
3343
3709
3389
3471
3552
3400
3403
3597
3666
3487
3414
3431
3372
3412
3557
3470
3495
3297
3421
3559
3617
3352
3583
3617
3326
3530
4363
3321
3573
3507
3366
3434
3360
3330
3550
3539
3499
3471
3349
3421
3436
3483
3587
3640
3415
3439
3440
3513
3539
3420
3503
3421
3413
3450
3483
3429
3672
3625
3424
3551
3459
3638
3403
3381
3490
3555
3519
3354
3583
3401
3701
3523
3495
3359
3470
3298
3573
3479
3455
3503
3465
3428
4434
3387
3532
3387
3438
3378
3500
3519
3547
3850
3442
3436
3447
2901
3417
3437
3643
3545
3611
3537
3473
3396
3532
3485
3319
3543
3544
3486
3392
3510
3196
3574
3534
3509
3443
3402
3341
3483
3439
3510
3458
3565
3302
3525
3468
3302
3498
3449
3382
3412
3363
3531
3500
3510
3399
3564
3454
3529
3419
3455
3593
3372
3684
3281
3349
3341
3459
3560
3465
3417
3501
3446
3523
3379
3363
3444
3401
3575
3380
3566
3482
3478
3625
3354
3450
3459
3506
3465
3404
3429
3449
3497
3489
3553
3651
3449
3451
3473
3476
3417
3508
3438
3381
3434
3510
3408
3558
3496
3449
3446
3474
3461
3448
3522
3433
3598
3481
3487
3416
3632
3469
3689
3585
3635
3465
3529
3452
3338
3484
3542
3548
3608
3483
3528
3472
3526
3369
3591
3510
3453
3476
3867
3533
3517
3768
3407
3453
3463
3497
3582
3408
3388
3334
3471
3479
3457
3378
3640
3419
3586
3389
3460
3542
3558
3440
3446
3434
3425
3413
3434
3533
3440
3453
3529
3521
3521
3595
3409
3508
3382
3516
3629
3476
3486
3361
3353
3558
3557
3473
3561
3655
3399
3435
3484
6298
3499
3511
3511
3447
3442
3436
3633
3565
3481
3351
3428
3496
2690
3507
3489
3484
3511
3402
3468
3504
3472
3459
3565
3546
3460
3394
3437
3463
3510
3694
3307
4354
3510
3440
3424
3983
3340
3548
3528
3275
3205
3393
3466
3496
3418
3428
3451
