3609
3517
3482
3488
3423
3528
3472
3691
3725
3501
3374
3127
3338
3174
3584
3484
3571
3395
3706
3279
3399
3301
3579
3591
3414
3537
3350
3560
3374
3532
3675
3415
3519
3573
3637
3590
3606
3396
3455
3272
3659
3528
3670
3460
3715
3442
3441
3666
3600
3641
3407
3556
3433
3046
3424
3423
3670
3199
3636
3375
3610
3457
2868
3328
3662
3542
3611
3636
3486
3555
3610
3687
3538
3440
3584
3353
3585
3227
3319
3431
3637
3707
3613
3420
3194
3451
3372
3474
3654
3646
3562
3603
2578
3508
3392
3430
2955
3261
3557
3663
3768
3732
3532
3314
3357
2485
3516
3736
3409
3395
3531
3552
3320
3524
3642
3473
3540
3666
3626
3405
3487
2675
3403
3434
3092
3482
3541
3389
3555
3346
3643
3512
2926
3464
3609
3601
3458
3414
3559
2799
3651
3589
3622
3638
3582
1709
3660
3586
3567
3318
3531
3532
3260
3656
3721
3384
3532
3242
3504
2714
3631
3699
3407
3656
3504
3526
3519
3354
2382
3599
3658
3545
3365
3498
3649
2624
3519
3537
3478
3567
3612
3777
3537
3488
3576
3568
3524
3519
3656
3539
3587
3353
3467
3629
3520
3458
3655
3320
3485
3366
3535
3431
2794
3405
3590
3364
3572
3388
3658
3403
3407
3613
3391
3445
3551
2865
3002
3671
3061
3464
3591
3528
3547
3473
3557
2819
3420
3363
3562
3641
3504
3517
3455
3682
3563
3458
3496
3359
3693
3340
3534
3636
3582
3430
3531
2913
3320
3556
3452
3183
3498
3420
3525
3649
3690
3512
3429
3454
3592
3530
3654
3509
3543
3558
3223
3363
3594
3504
3558
3649
3587
3615
3487
3532
3715
3674
3398
3598
3529
3516
3274
3539
3725
2869
3615
3610
3602
3527
3371
3759
3382
3156
3489
3600
3416
3362
2987
3213
3565
3545
3667
3613
3632
3680
3522
3384
3241
3637
1669
3590
3503
2887
3519
3432
3660
3474
3653
3608
3536
3218
3553
3497
3432
3575
3647
3589
3363
3585
3625
3580
3363
3068
3526
3595
3576
3620
3501
3721
3681
3584
3360
3767
3428
3616
3459
2609
3631
3462
3608
3585
3562
3619
3639
2927
3663
3664
3520
3471
3381
3582
3580
3542
3380
3498
3507
3624
3377
3570
3585
3442
3593
3584
3624
3567
3510
3634
3658
3587
3389
3723
3585
2246
3586
3490
3463
3688
3441
3589
3568
3458
3318
3493
3526
3589
3675
3753
3480
3430
3579
3632
3509
3294
3484
3622
3291
3456
3660
3505
3587
3689
3509
3526
3684
3695
3503
3410
3554
3504
3577
2937
3486
3122
3536
3431
3452
3529
3625
3477
3594
3359
3623
3497
3561
3470
3625
3739
3406
3568
3526
3470
3406
3668
3482
2735
3644
3418
3540
3453
3571
3363
3718
3711
3543
3335
3692
3735
3642
3599
3458
3486
3494
2963
3653
3552
3562
3262
3312
3499
3378
3584
3579
3414
3500
3637
3449
3556
3520
3590
3391
3499
3586
3468
3201
3555
3483
3545
3443
3557
3304
3674
3651
3480
3299
3579
3552
3497
2731
3425
3628
3433
3419
3660
3516
3458
3377
3687
3457
3539
3592
3618
3454
3421
3457
3663
3474
3357
3485
2832
3498
3496
3675
3284
3543
3424
3558
3710
3540
3665
3548
2990
3340
3325
3718
3532
3674
3530
3514
3576
3471
3848
3393
2894
3584
3407
3647
3107
3590
3514
3470
3428
3669
3237
3613
3668
3592
3619
3512
3329
3578
3553
3680
3409
3529
3660
3495
3550
3445
3638
3668
3651
3457
3700
3615
3146
3510
3604
3738
2888
3644
3640
3493
3597
3582
3413
3576
3590
3280
3670
3362
3656
3677
3546
3738
3511
3370
3508
3528
3637
3617
3549
3536
3792
3653
3482
3638
3459
3659
3304
3506
3548
3636
3427
3687
3402
3044
3616
3375
3720
3571
3363
3419
3618
3653
3598
3572
3587
3531
3512
3513
3645
3581
3287
3424
3448
3515
3489
3628
3657
3415
3545
3533
3523
3642
3305
3701
3619
3517
3665
3671
3375
3724
3561
3506
3469
2882
3416
3266
3570
3650
3456
3615
3702
3673
3671
3623
3486
3721
3463
3603
3484
2983
3584
3485
3347
3696
3547
3530
3518
3738
3514
3663
3671
3458
3617
3695
3484
3375
3721
3629
3681
3644
3615
3523
3680
3568
3430
3401
3383
3487
2959
3744
3566
3425
3576
3607
3449
3209
3460
3670
3603
3309
3512
3349
3620
3476
3748
3474
3560
3712
3373
3357
3602
3679
3505
3541
3620
3508
3503
3488
3552
3458
3582
3639
3866
3273
3415
3544
3334
3612
3291
3533
3594
3665
3464
3466
3516
3487
3517
3536
3703
3700
3640
3358
3513
3529
3405
3067
3605
3547
3254
3525
3478
3529
3435
3553
3318
3473
3757
