5.000000000000000000e+00
4.750000000000000000e+00
5.000000000000000000e+00
2.400000095367431641e+00
2.750000000000000000e+00
2.615000009536743164e+00
5.000000000000000000e+00
2.332999944686889648e+00
3.750000000000000000e+00
5.000000000000000000e+00
3.200000047683715820e+00
1.582999944686889648e+00
5.000000000000000000e+00
5.000000000000000000e+00
4.908999919891357422e+00
8.000000119209289551e-01
2.400000095367431641e+00
5.000000000000000000e+00
4.000000000000000000e+00
6.359999775886535645e-01
3.000000000000000000e+00
1.713999986648559570e+00
3.200000047683715820e+00
2.167000055313110352e+00
1.000000000000000000e+00
1.917000055313110352e+00
4.250000000000000000e+00
3.000000000000000000e+00
1.000000000000000000e+00
6.000000238418579102e-01
2.599999904632568359e+00
5.000000000000000000e+00
4.599999904632568359e+00
5.000000000000000000e+00
4.800000190734863281e+00
3.799999952316284180e+00
5.000000000000000000e+00
5.000000000000000000e+00
4.199999809265136719e+00
1.399999976158142090e+00
3.599999904632568359e+00
2.799999952316284180e+00
1.600000023841857910e+00
3.000000000000000000e+00
1.399999976158142090e+00
2.500000000000000000e-01
2.500000000000000000e-01
0.000000000000000000e+00
4.000000000000000000e+00
4.500000000000000000e+00
5.000000000000000000e-01
3.799999952316284180e+00
4.800000190734863281e+00
5.000000000000000000e+00
2.500000000000000000e-01
1.200000047683715820e+00
6.000000238418579102e-01
8.000000119209289551e-01
3.799999952316284180e+00
0.000000000000000000e+00
3.500000000000000000e+00
4.500000000000000000e+00
2.799999952316284180e+00
3.799999952316284180e+00
3.799999952316284180e+00
0.000000000000000000e+00
4.000000000000000000e+00
4.250000000000000000e+00
2.812000036239624023e+00
4.250000000000000000e+00
3.000000000000000000e+00
1.000000000000000000e+00
3.750000000000000000e+00
0.000000000000000000e+00
4.000000059604644775e-01
4.000000000000000000e+00
2.799999952316284180e+00
3.750000000000000000e+00
1.154000043869018555e+00
2.750000000000000000e+00
2.799999952316284180e+00
0.000000000000000000e+00
0.000000000000000000e+00
3.400000095367431641e+00
5.000000000000000000e+00
8.000000119209289551e-01
2.250000000000000000e+00
2.750000000000000000e+00
4.500000000000000000e+00
2.599999904632568359e+00
3.799999952316284180e+00
2.799999952316284180e+00
1.600000023841857910e+00
0.000000000000000000e+00
1.332999944686889648e+00
2.599999904632568359e+00
6.000000238418579102e-01
0.000000000000000000e+00
0.000000000000000000e+00
3.000000000000000000e+00
0.000000000000000000e+00
2.000000029802322388e-01
3.200000047683715820e+00
2.000000000000000000e+00
0.000000000000000000e+00
3.000000000000000000e+00
3.091000080108642578e+00
2.750000000000000000e+00
1.200000047683715820e+00
5.000000000000000000e-01
2.500000000000000000e-01
0.000000000000000000e+00
0.000000000000000000e+00
5.000000000000000000e-01
0.000000000000000000e+00
6.000000238418579102e-01
4.000000000000000000e+00
3.400000095367431641e+00
0.000000000000000000e+00
0.000000000000000000e+00
1.000000000000000000e+00
0.000000000000000000e+00
2.400000095367431641e+00
4.000000059604644775e-01
1.799999952316284180e+00
2.500000000000000000e+00
8.299999684095382690e-02
0.000000000000000000e+00
1.000000000000000000e+00
4.500000000000000000e+00
0.000000000000000000e+00
3.599999904632568359e+00
5.000000000000000000e+00
5.000000000000000000e+00
5.000000000000000000e+00
5.000000000000000000e+00
3.799999952316284180e+00
5.000000000000000000e+00
2.500000000000000000e+00
3.823999881744384766e+00
1.600000023841857910e+00
5.000000000000000000e+00
5.000000000000000000e+00
2.375000000000000000e+00
5.000000000000000000e+00
1.250000000000000000e+00
1.250000000000000000e+00
3.000000000000000000e+00
2.167000055313110352e+00
1.399999976158142090e+00
4.000000000000000000e+00
3.599999904632568359e+00
4.856999874114990234e+00
4.000000059604644775e-01
2.000000029802322388e-01
1.299999952316284180e+00
1.200000047683715820e+00
1.200000047683715820e+00
4.400000095367431641e+00
1.799999952316284180e+00
1.399999976158142090e+00
4.000000059604644775e-01
4.400000095367431641e+00
3.250000000000000000e+00
7.779999971389770508e-01
2.250000000000000000e+00
2.750000000000000000e+00
2.000000000000000000e+00
8.330000042915344238e-01
3.750000000000000000e+00
1.799999952316284180e+00
4.333000183105468750e+00
4.214000225067138672e+00
0.000000000000000000e+00
3.400000095367431641e+00
4.199999809265136719e+00
8.000000119209289551e-01
4.199999809265136719e+00
2.750000000000000000e+00
2.200000047683715820e+00
1.200000047683715820e+00
1.000000000000000000e+00
1.532999992370605469e+00
2.000000029802322388e-01
3.000000000000000000e+00
3.799999952316284180e+00
7.500000000000000000e-01
3.000000000000000000e+00
4.000000059604644775e-01
3.400000095367431641e+00
3.799999952316284180e+00
1.399999976158142090e+00
3.400000095367431641e+00
3.200000047683715820e+00
2.332999944686889648e+00
8.000000119209289551e-01
0.000000000000000000e+00
3.000000000000000000e+00
3.750000000000000000e+00
0.000000000000000000e+00
0.000000000000000000e+00
0.000000000000000000e+00
5.000000000000000000e-01
5.000000000000000000e-01
4.000000059604644775e-01
7.500000000000000000e-01
2.500000000000000000e+00
1.799999952316284180e+00
2.500000000000000000e+00
5.000000000000000000e-01
4.000000059604644775e-01
1.200000047683715820e+00
2.750000000000000000e+00
4.000000059604644775e-01
6.000000238418579102e-01
8.000000119209289551e-01
3.000000000000000000e+00
4.000000059604644775e-01
3.200000047683715820e+00
1.250000000000000000e+00
5.000000000000000000e+00
2.000000029802322388e-01
3.000000000000000000e+00
1.399999976158142090e+00
3.799999952316284180e+00
2.750000000000000000e+00
0.000000000000000000e+00
2.799999952316284180e+00
0.000000000000000000e+00
0.000000000000000000e+00
2.599999904632568359e+00
1.000000014901161194e-01
0.000000000000000000e+00
2.000000000000000000e+00
3.750000000000000000e+00
3.099999904632568359e+00
2.691999912261962891e+00
4.428999900817871094e+00
5.000000000000000000e+00
0.000000000000000000e+00
8.000000119209289551e-01
1.332999944686889648e+00
0.000000000000000000e+00
6.000000238418579102e-01
0.000000000000000000e+00
0.000000000000000000e+00
0.000000000000000000e+00
3.400000095367431641e+00
2.200000047683715820e+00
0.000000000000000000e+00
3.599999904632568359e+00
0.000000000000000000e+00
1.399999976158142090e+00
2.200000047683715820e+00
3.799999952316284180e+00
2.599999904632568359e+00
4.000000059604644775e-01
4.000000000000000000e+00
2.250000000000000000e+00
3.200000047683715820e+00
0.000000000000000000e+00
4.000000059604644775e-01
3.799999952316284180e+00
8.000000119209289551e-01
4.199999809265136719e+00
3.599999904632568359e+00
2.000000000000000000e+00
4.199999809265136719e+00
3.400000095367431641e+00
3.000000000000000000e+00
3.400000095367431641e+00
3.599999904632568359e+00
3.000000000000000000e+00
2.400000095367431641e+00
2.000000000000000000e+00
4.000000000000000000e+00
0.000000000000000000e+00
4.000000000000000000e+00
4.199999809265136719e+00
8.000000119209289551e-01
2.200000047683715820e+00
3.799999952316284180e+00
3.200000047683715820e+00
4.400000095367431641e+00
0.000000000000000000e+00
1.399999976158142090e+00
2.599999904632568359e+00
4.000000059604644775e-01
0.000000000000000000e+00
3.200000047683715820e+00
4.599999904632568359e+00
0.000000000000000000e+00
6.000000238418579102e-01
1.200000047683715820e+00
3.799999952316284180e+00
3.200000047683715820e+00
2.599999904632568359e+00
5.000000000000000000e+00
0.000000000000000000e+00
3.200000047683715820e+00
4.000000000000000000e+00
1.200000047683715820e+00
4.400000095367431641e+00
3.400000095367431641e+00
4.400000095367431641e+00
8.000000119209289551e-01
4.599999904632568359e+00
4.199999809265136719e+00
0.000000000000000000e+00
3.200000047683715820e+00
0.000000000000000000e+00
1.399999976158142090e+00
3.200000047683715820e+00
1.799999952316284180e+00
1.799999952316284180e+00
0.000000000000000000e+00
3.799999952316284180e+00
3.799999952316284180e+00
4.000000000000000000e+00
0.000000000000000000e+00
3.200000047683715820e+00
1.600000023841857910e+00
3.599999904632568359e+00
1.000000000000000000e+00
3.599999904632568359e+00
2.000000000000000000e+00
3.599999904632568359e+00
4.000000000000000000e+00
3.599999904632568359e+00
3.200000047683715820e+00
2.799999952316284180e+00
2.400000095367431641e+00
3.599999904632568359e+00
1.799999952316284180e+00
2.000000029802322388e-01
3.400000095367431641e+00
1.200000047683715820e+00
1.399999976158142090e+00
2.599999904632568359e+00
2.400000095367431641e+00
0.000000000000000000e+00
4.000000000000000000e+00
3.000000000000000000e+00
4.000000000000000000e+00
4.000000000000000000e+00
2.000000000000000000e+00
4.000000000000000000e+00
2.200000047683715820e+00
2.200000047683715820e+00
3.400000095367431641e+00
3.200000047683715820e+00
4.000000000000000000e+00
3.200000047683715820e+00
3.799999952316284180e+00
3.000000000000000000e+00
4.000000000000000000e+00
2.200000047683715820e+00
3.400000095367431641e+00
3.799999952316284180e+00
0.000000000000000000e+00
0.000000000000000000e+00
4.800000190734863281e+00
3.000000000000000000e+00
8.000000119209289551e-01
4.199999809265136719e+00
4.199999809265136719e+00
0.000000000000000000e+00
4.199999809265136719e+00
4.599999904632568359e+00
5.000000000000000000e+00
0.000000000000000000e+00
3.200000047683715820e+00
2.599999904632568359e+00
2.200000047683715820e+00
4.599999904632568359e+00
5.000000000000000000e+00
4.599999904632568359e+00
4.599999904632568359e+00
4.800000190734863281e+00
6.000000238418579102e-01
2.000000029802322388e-01
2.200000047683715820e+00
4.800000190734863281e+00
1.200000047683715820e+00
2.200000047683715820e+00
4.599999904632568359e+00
2.599999904632568359e+00
3.599999904632568359e+00
8.000000119209289551e-01
2.400000095367431641e+00
4.800000190734863281e+00
5.000000000000000000e+00
4.000000059604644775e-01
3.200000047683715820e+00
1.799999952316284180e+00
3.200000047683715820e+00
3.400000095367431641e+00
4.800000190734863281e+00
4.199999809265136719e+00
2.599999904632568359e+00
2.200000047683715820e+00
1.399999976158142090e+00
2.599999904632568359e+00
1.200000047683715820e+00
1.799999952316284180e+00
4.000000000000000000e+00
4.000000059604644775e-01
0.000000000000000000e+00
4.000000059604644775e-01
3.000000000000000000e+00
4.000000000000000000e+00
1.399999976158142090e+00
4.000000059604644775e-01
2.400000095367431641e+00
2.799999952316284180e+00
4.599999904632568359e+00
4.199999809265136719e+00
3.200000047683715820e+00
1.200000047683715820e+00
1.799999952316284180e+00
2.599999904632568359e+00
1.600000023841857910e+00
0.000000000000000000e+00
3.799999952316284180e+00
4.000000000000000000e+00
4.800000190734863281e+00
2.400000095367431641e+00
5.000000000000000000e+00
0.000000000000000000e+00
3.599999904632568359e+00
2.400000095367431641e+00
4.199999809265136719e+00
2.000000029802322388e-01
4.199999809265136719e+00
3.200000047683715820e+00
6.000000238418579102e-01
1.600000023841857910e+00
0.000000000000000000e+00
1.399999976158142090e+00
4.800000190734863281e+00
4.000000000000000000e+00
3.000000000000000000e+00
2.000000029802322388e-01
1.600000023841857910e+00
4.400000095367431641e+00
4.800000190734863281e+00
4.000000059604644775e-01
2.400000095367431641e+00
3.000000000000000000e+00
2.000000000000000000e+00
4.599999904632568359e+00
1.000000000000000000e+00
5.000000000000000000e+00
1.399999976158142090e+00
0.000000000000000000e+00
3.000000000000000000e+00
6.000000238418579102e-01
0.000000000000000000e+00
2.599999904632568359e+00
1.200000047683715820e+00
5.000000000000000000e+00
3.400000095367431641e+00
8.000000119209289551e-01
8.000000119209289551e-01
1.000000000000000000e+00
0.000000000000000000e+00
0.000000000000000000e+00
2.000000000000000000e+00
2.400000095367431641e+00
2.200000047683715820e+00
3.799999952316284180e+00
2.200000047683715820e+00
4.599999904632568359e+00
2.799999952316284180e+00
2.000000000000000000e+00
4.199999809265136719e+00
4.500000000000000000e+00
0.000000000000000000e+00
1.799999952316284180e+00
4.199999809265136719e+00
4.199999809265136719e+00
1.399999976158142090e+00
3.599999904632568359e+00
6.000000238418579102e-01
5.000000000000000000e+00
8.000000119209289551e-01
0.000000000000000000e+00
0.000000000000000000e+00
1.799999952316284180e+00
8.000000119209289551e-01
2.799999952316284180e+00
0.000000000000000000e+00
8.000000119209289551e-01
1.799999952316284180e+00
1.399999976158142090e+00
1.799999952316284180e+00
2.400000095367431641e+00
1.600000023841857910e+00
3.799999952316284180e+00
4.800000190734863281e+00
2.000000029802322388e-01
1.000000000000000000e+00
4.000000059604644775e-01
4.000000059604644775e-01
4.000000000000000000e+00
3.400000095367431641e+00
3.000000000000000000e+00
1.799999952316284180e+00
2.200000047683715820e+00
3.599999904632568359e+00
4.000000059604644775e-01
2.000000029802322388e-01
3.799999952316284180e+00
4.199999809265136719e+00
1.200000047683715820e+00
3.400000095367431641e+00
2.400000095367431641e+00
3.200000047683715820e+00
2.200000047683715820e+00
4.400000095367431641e+00
2.599999904632568359e+00
2.000000029802322388e-01
3.200000047683715820e+00
2.200000047683715820e+00
5.000000000000000000e+00
5.000000000000000000e+00
2.200000047683715820e+00
4.000000059604644775e-01
1.000000000000000000e+00
2.200000047683715820e+00
2.000000000000000000e+00
1.200000047683715820e+00
4.000000000000000000e+00
1.000000000000000000e+00
4.199999809265136719e+00
3.400000095367431641e+00
4.000000000000000000e+00
4.800000190734863281e+00
4.000000059604644775e-01
4.400000095367431641e+00
4.000000059604644775e-01
0.000000000000000000e+00
3.000000000000000000e+00
4.599999904632568359e+00
4.000000059604644775e-01
1.399999976158142090e+00
3.000000000000000000e+00
1.600000023841857910e+00
2.400000095367431641e+00
0.000000000000000000e+00
1.600000023841857910e+00
1.600000023841857910e+00
2.000000029802322388e-01
2.200000047683715820e+00
2.000000000000000000e+00
4.000000059604644775e-01
4.800000190734863281e+00
2.000000000000000000e+00
2.000000029802322388e-01
3.799999952316284180e+00
2.200000047683715820e+00
2.000000000000000000e+00
4.000000000000000000e+00
4.599999904632568359e+00
1.399999976158142090e+00
8.000000119209289551e-01
6.000000238418579102e-01
1.200000047683715820e+00
1.600000023841857910e+00
0.000000000000000000e+00
6.000000238418579102e-01
3.000000000000000000e+00
2.400000095367431641e+00
6.000000238418579102e-01
4.599999904632568359e+00
6.000000238418579102e-01
4.800000190734863281e+00
5.000000000000000000e+00
2.000000029802322388e-01
6.000000238418579102e-01
8.000000119209289551e-01
3.599999904632568359e+00
0.000000000000000000e+00
4.400000095367431641e+00
4.599999904632568359e+00
2.799999952316284180e+00
4.000000000000000000e+00
1.000000000000000000e+00
5.000000000000000000e+00
4.000000059604644775e-01
8.000000119209289551e-01
4.000000059604644775e-01
0.000000000000000000e+00
1.600000023841857910e+00
1.600000023841857910e+00
3.599999904632568359e+00
3.000000000000000000e+00
2.799999952316284180e+00
2.000000029802322388e-01
1.000000000000000000e+00
1.399999976158142090e+00
2.799999952316284180e+00
3.000000000000000000e+00
1.600000023841857910e+00
2.799999952316284180e+00
4.000000000000000000e+00
8.000000119209289551e-01
2.000000000000000000e+00
4.400000095367431641e+00
4.599999904632568359e+00
2.400000095367431641e+00
4.400000095367431641e+00
8.000000119209289551e-01
3.799999952316284180e+00
1.399999976158142090e+00
2.799999952316284180e+00
3.000000000000000000e+00
1.600000023841857910e+00
1.000000000000000000e+00
2.599999904632568359e+00
1.600000023841857910e+00
2.000000029802322388e-01
3.000000000000000000e+00
3.000000000000000000e+00
3.200000047683715820e+00
3.000000000000000000e+00
6.000000238418579102e-01
1.000000000000000000e+00
6.000000238418579102e-01
8.000000119209289551e-01
2.400000095367431641e+00
1.000000000000000000e+00
2.000000029802322388e-01
6.000000238418579102e-01
3.599999904632568359e+00
2.000000029802322388e-01
2.000000029802322388e-01
0.000000000000000000e+00
0.000000000000000000e+00
1.200000047683715820e+00
0.000000000000000000e+00
4.000000059604644775e-01
4.000000059604644775e-01
3.000000000000000000e+00
4.400000095367431641e+00
3.200000047683715820e+00
3.400000095367431641e+00
3.400000095367431641e+00
3.599999904632568359e+00
8.000000119209289551e-01
8.000000119209289551e-01
1.000000000000000000e+00
1.600000023841857910e+00
1.000000000000000000e+00
3.200000047683715820e+00
2.000000000000000000e+00
0.000000000000000000e+00
6.000000238418579102e-01
0.000000000000000000e+00
1.399999976158142090e+00
2.000000000000000000e+00
2.599999904632568359e+00
4.199999809265136719e+00
2.799999952316284180e+00
0.000000000000000000e+00
0.000000000000000000e+00
2.000000000000000000e+00
0.000000000000000000e+00
2.599999904632568359e+00
2.599999904632568359e+00
0.000000000000000000e+00
2.599999904632568359e+00
0.000000000000000000e+00
1.600000023841857910e+00
0.000000000000000000e+00
6.000000238418579102e-01
1.799999952316284180e+00
3.799999952316284180e+00
1.600000023841857910e+00
3.200000047683715820e+00
2.599999904632568359e+00
3.000000000000000000e+00
1.399999976158142090e+00
1.600000023841857910e+00
1.600000023841857910e+00
1.000000000000000000e+00
1.799999952316284180e+00
1.799999952316284180e+00
1.399999976158142090e+00
2.599999904632568359e+00
2.000000000000000000e+00
1.000000000000000000e+00
1.399999976158142090e+00
6.000000238418579102e-01
1.399999976158142090e+00
4.000000059604644775e-01
1.799999952316284180e+00
4.000000000000000000e+00
6.000000238418579102e-01
2.799999952316284180e+00
2.599999904632568359e+00
2.599999904632568359e+00
6.000000238418579102e-01
4.400000095367431641e+00
2.200000047683715820e+00
1.000000000000000000e+00
0.000000000000000000e+00
1.600000023841857910e+00
1.799999952316284180e+00
3.799999952316284180e+00
3.000000000000000000e+00
1.399999976158142090e+00
3.000000000000000000e+00
4.000000059604644775e-01
3.599999904632568359e+00
3.400000095367431641e+00
2.799999952316284180e+00
4.199999809265136719e+00
4.199999809265136719e+00
1.799999952316284180e+00
1.000000000000000000e+00
2.000000000000000000e+00
1.000000000000000000e+00
1.600000023841857910e+00
2.599999904632568359e+00
3.200000047683715820e+00
4.000000059604644775e-01
0.000000000000000000e+00
0.000000000000000000e+00
2.200000047683715820e+00
1.500000000000000000e+00
6.000000238418579102e-01
4.000000000000000000e+00
1.799999952316284180e+00
6.000000238418579102e-01
1.600000023841857910e+00
2.400000095367431641e+00
1.000000000000000000e+00
2.000000000000000000e+00
1.600000023841857910e+00
2.000000029802322388e-01
2.000000029802322388e-01
2.000000000000000000e+00
0.000000000000000000e+00
3.200000047683715820e+00
1.000000000000000000e+00
2.000000000000000000e+00
2.400000095367431641e+00
0.000000000000000000e+00
1.600000023841857910e+00
3.799999952316284180e+00
1.200000047683715820e+00
2.000000000000000000e+00
1.000000000000000000e+00
2.000000000000000000e+00
6.000000238418579102e-01
0.000000000000000000e+00
0.000000000000000000e+00
3.400000095367431641e+00
2.599999904632568359e+00
4.000000059604644775e-01
2.799999952316284180e+00
2.000000000000000000e+00
1.600000023841857910e+00
1.399999976158142090e+00
1.200000047683715820e+00
2.200000047683715820e+00
6.000000238418579102e-01
2.599999904632568359e+00
3.000000000000000000e+00
2.200000047683715820e+00
1.799999952316284180e+00
6.000000238418579102e-01
0.000000000000000000e+00
1.600000023841857910e+00
8.000000119209289551e-01
2.000000029802322388e-01
1.000000000000000000e+00
2.799999952316284180e+00
6.000000238418579102e-01
2.799999952316284180e+00
1.600000023841857910e+00
1.399999976158142090e+00
1.399999976158142090e+00
3.000000000000000000e+00
3.200000047683715820e+00
2.799999952316284180e+00
3.400000095367431641e+00
2.000000000000000000e+00
2.799999952316284180e+00
0.000000000000000000e+00
2.000000029802322388e-01
8.000000119209289551e-01
0.000000000000000000e+00
4.199999809265136719e+00
2.000000029802322388e-01
3.200000047683715820e+00
0.000000000000000000e+00
6.000000238418579102e-01
0.000000000000000000e+00
4.800000190734863281e+00
3.799999952316284180e+00
1.799999952316284180e+00
4.000000059604644775e-01
2.599999904632568359e+00
1.600000023841857910e+00
1.399999976158142090e+00
2.000000000000000000e+00
1.799999952316284180e+00
1.200000047683715820e+00
8.000000119209289551e-01
2.200000047683715820e+00
3.200000047683715820e+00
1.399999976158142090e+00
1.399999976158142090e+00
0.000000000000000000e+00
1.600000023841857910e+00
8.000000119209289551e-01
2.799999952316284180e+00
1.799999952316284180e+00
6.700000166893005371e-01
2.599999904632568359e+00
4.000000059604644775e-01
2.400000095367431641e+00
2.799999952316284180e+00
2.000000000000000000e+00
3.000000000000000000e+00
2.599999904632568359e+00
1.799999952316284180e+00
3.799999952316284180e+00
3.000000000000000000e+00
1.399999976158142090e+00
1.600000023841857910e+00
0.000000000000000000e+00
6.000000238418579102e-01
0.000000000000000000e+00
3.400000095367431641e+00
3.599999904632568359e+00
2.200000047683715820e+00
3.000000000000000000e+00
1.799999952316284180e+00
2.400000095367431641e+00
2.599999904632568359e+00
1.399999976158142090e+00
1.600000023841857910e+00
1.600000023841857910e+00
1.399999976158142090e+00
2.799999952316284180e+00
3.799999952316284180e+00
3.400000095367431641e+00
0.000000000000000000e+00
2.000000000000000000e+00
0.000000000000000000e+00
3.799999952316284180e+00
2.000000029802322388e-01
6.000000238418579102e-01
1.799999952316284180e+00
1.799999952316284180e+00
1.200000047683715820e+00
0.000000000000000000e+00
1.000000000000000000e+00
4.000000059604644775e-01
8.000000119209289551e-01
3.000000000000000000e+00
3.799999952316284180e+00
3.200000047683715820e+00
2.599999904632568359e+00
3.000000000000000000e+00
2.599999904632568359e+00
1.799999952316284180e+00
2.599999904632568359e+00
8.000000119209289551e-01
1.600000023841857910e+00
6.000000238418579102e-01
2.599999904632568359e+00
1.200000047683715820e+00
0.000000000000000000e+00
2.400000095367431641e+00
4.000000059604644775e-01
6.000000238418579102e-01
1.000000000000000000e+00
2.599999904632568359e+00
4.000000000000000000e+00
3.599999904632568359e+00
2.599999904632568359e+00
1.600000023841857910e+00
4.000000000000000000e+00
3.000000000000000000e+00
6.000000238418579102e-01
0.000000000000000000e+00
4.000000059604644775e-01
4.000000059604644775e-01
2.000000000000000000e+00
6.000000238418579102e-01
0.000000000000000000e+00
3.200000047683715820e+00
2.799999952316284180e+00
2.599999904632568359e+00
2.799999952316284180e+00
2.000000029802322388e-01
3.200000047683715820e+00
6.000000238418579102e-01
3.599999904632568359e+00
0.000000000000000000e+00
0.000000000000000000e+00
0.000000000000000000e+00
0.000000000000000000e+00
2.200000047683715820e+00
0.000000000000000000e+00
4.000000059604644775e-01
0.000000000000000000e+00
2.599999904632568359e+00
8.000000119209289551e-01
4.000000059604644775e-01
3.000000000000000000e+00
2.200000047683715820e+00
6.000000238418579102e-01
3.400000095367431641e+00
2.200000047683715820e+00
1.799999952316284180e+00
8.000000119209289551e-01
0.000000000000000000e+00
1.600000023841857910e+00
2.799999952316284180e+00
1.669999957084655762e+00
1.799999952316284180e+00
2.799999952316284180e+00
0.000000000000000000e+00
6.000000238418579102e-01
1.799999952316284180e+00
4.000000059604644775e-01
2.000000029802322388e-01
0.000000000000000000e+00
1.399999976158142090e+00
0.000000000000000000e+00
6.000000238418579102e-01
8.000000119209289551e-01
2.000000029802322388e-01
2.200000047683715820e+00
1.799999952316284180e+00
2.000000029802322388e-01
4.000000000000000000e+00
4.199999809265136719e+00
4.400000095367431641e+00
3.000000000000000000e+00
2.599999904632568359e+00
6.000000238418579102e-01
3.200000047683715820e+00
2.599999904632568359e+00
1.200000047683715820e+00
3.000000000000000000e+00
0.000000000000000000e+00
2.599999904632568359e+00
1.200000047683715820e+00
2.799999952316284180e+00
2.000000029802322388e-01
1.799999952316284180e+00
0.000000000000000000e+00
0.000000000000000000e+00
3.000000000000000000e+00
0.000000000000000000e+00
2.400000095367431641e+00
4.000000059604644775e-01
2.599999904632568359e+00
0.000000000000000000e+00
3.599999904632568359e+00
1.799999952316284180e+00
1.600000023841857910e+00
2.000000000000000000e+00
2.000000000000000000e+00
0.000000000000000000e+00
2.599999904632568359e+00
4.000000059604644775e-01
0.000000000000000000e+00
2.000000029802322388e-01
1.799999952316284180e+00
1.600000023841857910e+00
1.000000000000000000e+00
6.000000238418579102e-01
1.000000000000000000e+00
2.799999952316284180e+00
2.599999904632568359e+00
3.400000095367431641e+00
1.600000023841857910e+00
4.000000000000000000e+00
1.799999952316284180e+00
2.000000029802322388e-01
0.000000000000000000e+00
1.399999976158142090e+00
0.000000000000000000e+00
1.200000047683715820e+00
3.599999904632568359e+00
3.000000000000000000e+00
1.200000047683715820e+00
1.799999952316284180e+00
8.000000119209289551e-01
1.200000047683715820e+00
0.000000000000000000e+00
3.200000047683715820e+00
2.000000029802322388e-01
8.000000119209289551e-01
3.599999904632568359e+00
5.000000000000000000e+00
1.399999976158142090e+00
2.599999904632568359e+00
2.000000000000000000e+00
3.750000000000000000e+00
4.000000000000000000e+00
3.750000000000000000e+00
3.200000047683715820e+00
4.000000000000000000e+00
2.400000095367431641e+00
4.400000095367431641e+00
4.199999809265136719e+00
3.200000047683715820e+00
3.000000000000000000e+00
8.000000119209289551e-01
3.200000047683715820e+00
3.799999952316284180e+00
3.000000000000000000e+00
2.400000095367431641e+00
5.000000000000000000e+00
3.799999952316284180e+00
3.200000047683715820e+00
3.799999952316284180e+00
3.799999952316284180e+00
3.750000000000000000e+00
3.200000047683715820e+00
3.400000095367431641e+00
4.599999904632568359e+00
3.332999944686889648e+00
3.500000000000000000e+00
1.750000000000000000e+00
3.000000000000000000e+00
4.400000095367431641e+00
3.799999952316284180e+00
3.000000000000000000e+00
4.500000000000000000e+00
2.200000047683715820e+00
4.000000000000000000e+00
4.599999904632568359e+00
3.500000000000000000e+00
3.000000000000000000e+00
4.000000000000000000e+00
4.333000183105468750e+00
3.250000000000000000e+00
3.250000000000000000e+00
1.750000000000000000e+00
8.000000119209289551e-01
4.400000095367431641e+00
3.000000000000000000e+00
3.000000000000000000e+00
3.250000000000000000e+00
4.400000095367431641e+00
5.000000000000000000e+00
5.000000000000000000e+00
3.200000047683715820e+00
2.200000047683715820e+00
3.250000000000000000e+00
3.750000000000000000e+00
3.200000047683715820e+00
4.400000095367431641e+00
2.599999904632568359e+00
3.500000000000000000e+00
3.750000000000000000e+00
3.500000000000000000e+00
4.250000000000000000e+00
2.400000095367431641e+00
3.250000000000000000e+00
3.799999952316284180e+00
3.400000095367431641e+00
3.500000000000000000e+00
2.400000095367431641e+00
3.799999952316284180e+00
3.799999952316284180e+00
4.000000000000000000e+00
3.400000095367431641e+00
3.250000000000000000e+00
4.599999904632568359e+00
3.713999986648559570e+00
3.332999944686889648e+00
3.400000095367431641e+00
2.799999952316284180e+00
3.000000000000000000e+00
3.000000000000000000e+00
3.750000000000000000e+00
4.400000095367431641e+00
1.000000000000000000e+00
2.799999952316284180e+00
3.250000000000000000e+00
1.750000000000000000e+00
1.750000000000000000e+00
5.000000000000000000e+00
3.599999904632568359e+00
3.000000000000000000e+00
2.799999952316284180e+00
3.599999904632568359e+00
3.000000000000000000e+00
1.000000000000000000e+00
5.000000000000000000e+00
3.500000000000000000e+00
4.500000000000000000e+00
4.800000190734863281e+00
3.500000000000000000e+00
3.691999912261962891e+00
4.000000000000000000e+00
3.500000000000000000e+00
4.750000000000000000e+00
3.200000047683715820e+00
2.599999904632568359e+00
3.000000000000000000e+00
3.250000000000000000e+00
2.200000047683715820e+00
3.500000000000000000e+00
4.750000000000000000e+00
3.200000047683715820e+00
3.250000000000000000e+00
3.750000000000000000e+00
3.000000000000000000e+00
2.599999904632568359e+00
3.250000000000000000e+00
3.400000095367431641e+00
1.332999944686889648e+00
5.000000000000000000e+00
4.000000000000000000e+00
3.599999904632568359e+00
8.000000119209289551e-01
3.500000000000000000e+00
3.000000000000000000e+00
1.667000055313110352e+00
3.750000000000000000e+00
2.250000000000000000e+00
4.199999809265136719e+00
3.599999904632568359e+00
3.400000095367431641e+00
3.000000000000000000e+00
3.250000000000000000e+00
3.599999904632568359e+00
3.000000000000000000e+00
1.750000000000000000e+00
3.250000000000000000e+00
4.400000095367431641e+00
2.799999952316284180e+00
2.750000000000000000e+00
3.000000000000000000e+00
3.599999904632568359e+00
3.000000000000000000e+00
2.000000000000000000e+00
3.000000000000000000e+00
4.400000095367431641e+00
2.400000095367431641e+00
4.400000095367431641e+00
4.400000095367431641e+00
2.599999904632568359e+00
3.000000000000000000e+00
4.500000000000000000e+00
3.000000000000000000e+00
1.750000000000000000e+00
2.000000000000000000e+00
2.400000095367431641e+00
4.800000190734863281e+00
4.000000000000000000e+00
4.000000000000000000e+00
4.400000095367431641e+00
4.199999809265136719e+00
3.599999904632568359e+00
2.500000000000000000e+00
1.500000000000000000e+00
5.000000000000000000e+00
3.750000000000000000e+00
1.750000000000000000e+00
4.400000095367431641e+00
3.000000000000000000e+00
3.799999952316284180e+00
3.250000000000000000e+00
2.750000000000000000e+00
3.400000095367431641e+00
3.200000047683715820e+00
2.000000000000000000e+00
3.000000000000000000e+00
3.250000000000000000e+00
5.000000000000000000e+00
3.332999944686889648e+00
3.599999904632568359e+00
3.799999952316284180e+00
3.000000000000000000e+00
4.250000000000000000e+00
3.500000000000000000e+00
3.200000047683715820e+00
2.400000095367431641e+00
4.000000000000000000e+00
4.666999816894531250e+00
3.332999944686889648e+00
3.000000000000000000e+00
3.250000000000000000e+00
4.000000000000000000e+00
3.500000000000000000e+00
2.000000000000000000e+00
3.599999904632568359e+00
3.400000095367431641e+00
3.500000000000000000e+00
2.400000095367431641e+00
3.500000000000000000e+00
2.799999952316284180e+00
4.800000190734863281e+00
3.000000000000000000e+00
3.400000095367431641e+00
3.250000000000000000e+00
4.750000000000000000e+00
3.599999904632568359e+00
4.199999809265136719e+00
2.000000000000000000e+00
3.799999952316284180e+00
1.600000023841857910e+00
3.250000000000000000e+00
5.000000000000000000e+00
3.417000055313110352e+00
2.750000000000000000e+00
4.111000061035156250e+00
3.599999904632568359e+00
3.599999904632568359e+00
4.333000183105468750e+00
3.200000047683715820e+00
2.250000000000000000e+00
4.500000000000000000e+00
2.750000000000000000e+00
4.000000000000000000e+00
3.400000095367431641e+00
2.200000047683715820e+00
3.250000000000000000e+00
3.667000055313110352e+00
4.750000000000000000e+00
3.500000000000000000e+00
3.000000000000000000e+00
3.250000000000000000e+00
3.599999904632568359e+00
3.799999952316284180e+00
1.000000000000000000e+00
3.332999944686889648e+00
4.250000000000000000e+00
1.750000000000000000e+00
2.750000000000000000e+00
3.250000000000000000e+00
2.500000000000000000e+00
3.091000080108642578e+00
4.400000095367431641e+00
4.800000190734863281e+00
5.000000000000000000e+00
3.000000000000000000e+00
3.200000047683715820e+00
4.400000095367431641e+00
1.799999952316284180e+00
4.000000000000000000e+00
1.000000000000000000e+00
6.000000238418579102e-01
4.599999904632568359e+00
1.799999952316284180e+00
1.200000047683715820e+00
4.599999904632568359e+00
1.399999976158142090e+00
3.200000047683715820e+00
2.799999952316284180e+00
8.000000119209289551e-01
3.799999952316284180e+00
3.799999952316284180e+00
4.199999809265136719e+00
1.600000023841857910e+00
3.799999952316284180e+00
1.399999976158142090e+00
3.599999904632568359e+00
1.799999952316284180e+00
3.799999952316284180e+00
2.000000029802322388e-01
1.600000023841857910e+00
4.000000059604644775e-01
2.333333253860473633e+00
4.000000059604644775e-01
3.599999904632568359e+00
3.400000095367431641e+00
2.599999904632568359e+00
2.200000047683715820e+00
2.599999904632568359e+00
4.800000190734863281e+00
4.800000190734863281e+00
4.800000190734863281e+00
2.599999904632568359e+00
1.600000023841857910e+00
2.200000047683715820e+00
1.000000000000000000e+00
1.200000047683715820e+00
3.400000095367431641e+00
6.000000238418579102e-01
3.200000047683715820e+00
3.200000047683715820e+00
1.799999952316284180e+00
1.200000047683715820e+00
1.600000023841857910e+00
4.800000190734863281e+00
3.599999904632568359e+00
3.799999952316284180e+00
3.000000000000000000e+00
3.599999904632568359e+00
4.400000095367431641e+00
2.000000000000000000e+00
2.400000095367431641e+00
3.200000047683715820e+00
3.400000095367431641e+00
2.799999952316284180e+00
3.200000047683715820e+00
1.799999952316284180e+00
2.799999952316284180e+00
3.400000095367431641e+00
4.599999904632568359e+00
3.799999952316284180e+00
1.600000023841857910e+00
8.000000119209289551e-01
1.000000000000000000e+00
2.599999904632568359e+00
4.199999809265136719e+00
4.400000095367431641e+00
2.200000047683715820e+00
2.599999904632568359e+00
2.799999952316284180e+00
4.000000000000000000e+00
3.200000047683715820e+00
0.000000000000000000e+00
1.799999952316284180e+00
0.000000000000000000e+00
2.599999904632568359e+00
2.750000000000000000e+00
3.200000047683715820e+00
1.799999952316284180e+00
4.199999809265136719e+00
4.199999809265136719e+00
2.599999904632568359e+00
4.199999809265136719e+00
2.000000000000000000e+00
5.000000000000000000e+00
8.000000119209289551e-01
3.799999952316284180e+00
1.600000023841857910e+00
3.400000095367431641e+00
6.000000238418579102e-01
1.399999976158142090e+00
3.799999952316284180e+00
1.200000047683715820e+00
3.000000000000000000e+00
2.200000047683715820e+00
1.000000000000000000e+00
2.200000047683715820e+00
1.799999952316284180e+00
0.000000000000000000e+00
4.199999809265136719e+00
4.000000059604644775e-01
2.599999904632568359e+00
6.000000238418579102e-01
3.799999952316284180e+00
0.000000000000000000e+00
5.000000000000000000e+00
1.000000000000000000e+00
3.200000047683715820e+00
2.799999952316284180e+00
4.599999904632568359e+00
3.400000095367431641e+00
1.200000047683715820e+00
4.000000000000000000e+00
1.799999952316284180e+00
4.000000000000000000e+00
2.400000095367431641e+00
1.799999952316284180e+00
3.799999952316284180e+00
1.399999976158142090e+00
2.599999904632568359e+00
1.399999976158142090e+00
1.600000023841857910e+00
4.800000190734863281e+00
8.000000119209289551e-01
3.400000095367431641e+00
3.200000047683715820e+00
2.200000047683715820e+00
1.200000047683715820e+00
3.000000000000000000e+00
2.599999904632568359e+00
4.000000059604644775e-01
4.599999904632568359e+00
4.000000000000000000e+00
2.799999952316284180e+00
3.799999952316284180e+00
0.000000000000000000e+00
3.400000095367431641e+00
4.599999904632568359e+00
8.000000119209289551e-01
3.799999952316284180e+00
2.200000047683715820e+00
3.200000047683715820e+00
5.000000000000000000e+00
1.600000023841857910e+00
2.200000047683715820e+00
8.000000119209289551e-01
3.599999904632568359e+00
2.500000000000000000e+00
3.000000000000000000e+00
2.200000047683715820e+00
0.000000000000000000e+00
2.000000029802322388e-01
3.200000047683715820e+00
5.000000000000000000e+00
2.200000047683715820e+00
4.400000095367431641e+00
3.799999952316284180e+00
1.200000047683715820e+00
4.599999904632568359e+00
3.799999952316284180e+00
1.399999976158142090e+00
3.799999952316284180e+00
0.000000000000000000e+00
1.600000023841857910e+00
5.000000000000000000e+00
4.000000059604644775e-01
2.400000095367431641e+00
3.200000047683715820e+00
3.799999952316284180e+00
2.599999904632568359e+00
1.000000000000000000e+00
4.000000000000000000e+00
2.000000000000000000e+00
2.200000047683715820e+00
4.599999904632568359e+00
4.400000095367431641e+00
1.799999952316284180e+00
0.000000000000000000e+00
0.000000000000000000e+00
2.000000000000000000e+00
3.400000095367431641e+00
2.000000029802322388e-01
2.400000095367431641e+00
0.000000000000000000e+00
4.000000059604644775e-01
1.799999952316284180e+00
8.000000119209289551e-01
4.000000059604644775e-01
2.200000047683715820e+00
1.799999952316284180e+00
4.599999904632568359e+00
2.200000047683715820e+00
1.000000000000000000e+00
1.000000000000000000e+00
4.199999809265136719e+00
4.000000059604644775e-01
2.000000029802322388e-01
0.000000000000000000e+00
0.000000000000000000e+00
0.000000000000000000e+00
6.000000238418579102e-01
6.000000238418579102e-01
4.000000000000000000e+00
0.000000000000000000e+00
8.000000119209289551e-01
3.200000047683715820e+00
4.800000190734863281e+00
4.199999809265136719e+00
2.200000047683715820e+00
1.000000000000000000e+00
3.599999904632568359e+00
1.600000023841857910e+00
3.000000000000000000e+00
2.400000095367431641e+00
4.000000059604644775e-01
0.000000000000000000e+00
5.000000000000000000e+00
1.200000047683715820e+00
1.399999976158142090e+00
4.000000000000000000e+00
4.599999904632568359e+00
3.400000095367431641e+00
4.000000059604644775e-01
0.000000000000000000e+00
4.800000190734863281e+00
5.000000000000000000e+00
4.000000000000000000e+00
4.000000000000000000e+00
3.000000000000000000e+00
5.000000000000000000e+00
2.000000000000000000e+00
3.000000000000000000e+00
3.000000000000000000e+00
1.000000000000000000e+00
5.000000000000000000e+00
2.000000000000000000e+00
2.000000000000000000e+00
2.000000000000000000e+00
5.000000000000000000e+00
3.000000000000000000e+00
3.000000000000000000e+00
0.000000000000000000e+00
2.000000000000000000e+00
0.000000000000000000e+00
2.000000000000000000e+00
0.000000000000000000e+00
0.000000000000000000e+00
